13, 17, 17
13, 17, 18
13, 17, 19
13, 17, 20
13, 17, 21
13, 17, 22
13, 17, 23
13, 17, 24
13, 17, 25
13, 17, 26
13, 17, 27
13, 17, 28
13, 17, 29
13, 17, 30
13, 17, 31
13, 17, 32
13, 17, 33
13, 18, 17
13, 18, 18
13, 18, 19
13, 18, 20
13, 18, 21
13, 18, 22
13, 18, 23
13, 18, 24
13, 18, 25
13, 18, 26
13, 18, 27
13, 18, 28
13, 18, 29
13, 18, 30
13, 18, 31
13, 18, 32
13, 18, 33
13, 19, 17
13, 19, 18
13, 19, 19
13, 19, 20
13, 19, 21
13, 19, 22
13, 19, 23
13, 19, 24
13, 19, 25
13, 19, 26
13, 19, 27
13, 19, 28
13, 19, 29
13, 19, 30
13, 19, 31
13, 19, 32
13, 19, 33
13, 20, 17
13, 20, 18
13, 20, 19
13, 20, 20
13, 20, 21
13, 20, 22
13, 20, 23
13, 20, 24
13, 20, 25
13, 20, 26
13, 20, 27
13, 20, 28
13, 20, 29
13, 20, 30
13, 20, 31
13, 20, 32
13, 20, 33
13, 21, 17
13, 21, 18
13, 21, 19
13, 21, 20
13, 21, 21
13, 21, 22
13, 21, 23
13, 21, 24
13, 21, 25
13, 21, 26
13, 21, 27
13, 21, 28
13, 21, 29
13, 21, 30
13, 21, 31
13, 21, 32
13, 21, 33
13, 22, 17
13, 22, 18
13, 22, 19
13, 22, 20
13, 22, 21
13, 22, 22
13, 22, 23
13, 22, 24
13, 22, 25
13, 22, 26
13, 22, 27
13, 22, 28
13, 22, 29
13, 22, 30
13, 22, 31
13, 22, 32
13, 22, 33
13, 23, 17
13, 23, 18
13, 23, 19
13, 23, 20
13, 23, 21
13, 23, 22
13, 23, 23
13, 23, 24
13, 23, 25
13, 23, 26
13, 23, 27
13, 23, 28
13, 23, 29
13, 23, 30
13, 23, 31
13, 23, 32
13, 23, 33
13, 24, 17
13, 24, 18
13, 24, 19
13, 24, 20
13, 24, 21
13, 24, 22
13, 24, 23
13, 24, 24
13, 24, 25
13, 24, 26
13, 24, 27
13, 24, 28
13, 24, 29
13, 24, 30
13, 24, 31
13, 24, 32
13, 24, 33
13, 25, 17
13, 25, 18
13, 25, 19
13, 25, 20
13, 25, 21
13, 25, 22
13, 25, 23
13, 25, 24
13, 25, 25
13, 25, 26
13, 25, 27
13, 25, 28
13, 25, 29
13, 25, 30
13, 25, 31
13, 25, 32
13, 25, 33
13, 26, 17
13, 26, 18
13, 26, 19
13, 26, 20
13, 26, 21
13, 26, 22
13, 26, 23
13, 26, 24
13, 26, 25
13, 26, 26
13, 26, 27
13, 26, 28
13, 26, 29
13, 26, 30
13, 26, 31
13, 26, 32
13, 26, 33
13, 27, 17
13, 27, 18
13, 27, 19
13, 27, 20
13, 27, 21
13, 27, 22
13, 27, 23
13, 27, 24
13, 27, 25
13, 27, 26
13, 27, 27
13, 27, 28
13, 27, 29
13, 27, 30
13, 27, 31
13, 27, 32
13, 27, 33
13, 28, 17
13, 28, 18
13, 28, 19
13, 28, 20
13, 28, 21
13, 28, 22
13, 28, 23
13, 28, 24
13, 28, 25
13, 28, 26
13, 28, 27
13, 28, 28
13, 28, 29
13, 28, 30
13, 28, 31
13, 28, 32
13, 28, 33
13, 29, 17
13, 29, 18
13, 29, 19
13, 29, 20
13, 29, 21
13, 29, 22
13, 29, 23
13, 29, 24
13, 29, 25
13, 29, 26
13, 29, 27
13, 29, 28
13, 29, 29
13, 29, 30
13, 29, 31
13, 29, 32
13, 29, 33
13, 30, 17
13, 30, 18
13, 30, 19
13, 30, 20
13, 30, 21
13, 30, 22
13, 30, 23
13, 30, 24
13, 30, 25
13, 30, 26
13, 30, 27
13, 30, 28
13, 30, 29
13, 30, 30
13, 30, 31
13, 30, 32
13, 30, 33
13, 31, 17
13, 31, 18
13, 31, 19
13, 31, 20
13, 31, 21
13, 31, 22
13, 31, 23
13, 31, 24
13, 31, 25
13, 31, 26
13, 31, 27
13, 31, 28
13, 31, 29
13, 31, 30
13, 31, 31
13, 31, 32
13, 31, 33
13, 32, 17
13, 32, 18
13, 32, 19
13, 32, 20
13, 32, 21
13, 32, 22
13, 32, 23
13, 32, 24
13, 32, 25
13, 32, 26
13, 32, 27
13, 32, 28
13, 32, 29
13, 32, 30
13, 32, 31
13, 32, 32
13, 32, 33
13, 33, 17
13, 33, 18
13, 33, 19
13, 33, 20
13, 33, 21
13, 33, 22
13, 33, 23
13, 33, 24
13, 33, 25
13, 33, 26
13, 33, 27
13, 33, 28
13, 33, 29
13, 33, 30
13, 33, 31
13, 33, 32
13, 33, 33
14, 17, 17
14, 17, 18
14, 17, 19
14, 17, 20
14, 17, 21
14, 17, 22
14, 17, 23
14, 17, 24
14, 17, 25
14, 17, 26
14, 17, 27
14, 17, 28
14, 17, 29
14, 17, 30
14, 17, 31
14, 17, 32
14, 17, 33
14, 18, 17
14, 18, 18
14, 18, 19
14, 18, 20
14, 18, 21
14, 18, 22
14, 18, 23
14, 18, 24
14, 18, 25
14, 18, 26
14, 18, 27
14, 18, 28
14, 18, 29
14, 18, 30
14, 18, 31
14, 18, 32
14, 18, 33
14, 19, 17
14, 19, 18
14, 19, 19
14, 19, 20
14, 19, 21
14, 19, 22
14, 19, 23
14, 19, 24
14, 19, 25
14, 19, 26
14, 19, 27
14, 19, 28
14, 19, 29
14, 19, 30
14, 19, 31
14, 19, 32
14, 19, 33
14, 20, 17
14, 20, 18
14, 20, 19
14, 20, 20
14, 20, 21
14, 20, 22
14, 20, 23
14, 20, 24
14, 20, 25
14, 20, 26
14, 20, 27
14, 20, 28
14, 20, 29
14, 20, 30
14, 20, 31
14, 20, 32
14, 20, 33
14, 21, 17
14, 21, 18
14, 21, 19
14, 21, 20
14, 21, 21
14, 21, 22
14, 21, 23
14, 21, 24
14, 21, 25
14, 21, 26
14, 21, 27
14, 21, 28
14, 21, 29
14, 21, 30
14, 21, 31
14, 21, 32
14, 21, 33
14, 22, 17
14, 22, 18
14, 22, 19
14, 22, 20
14, 22, 21
14, 22, 22
14, 22, 23
14, 22, 24
14, 22, 25
14, 22, 26
14, 22, 27
14, 22, 28
14, 22, 29
14, 22, 30
14, 22, 31
14, 22, 32
14, 22, 33
14, 23, 17
14, 23, 18
14, 23, 19
14, 23, 20
14, 23, 21
14, 23, 22
14, 23, 23
14, 23, 24
14, 23, 25
14, 23, 26
14, 23, 27
14, 23, 28
14, 23, 29
14, 23, 30
14, 23, 31
14, 23, 32
14, 23, 33
14, 24, 17
14, 24, 18
14, 24, 19
14, 24, 20
14, 24, 21
14, 24, 22
14, 24, 23
14, 24, 24
14, 24, 25
14, 24, 26
14, 24, 27
14, 24, 28
14, 24, 29
14, 24, 30
14, 24, 31
14, 24, 32
14, 24, 33
14, 25, 17
14, 25, 18
14, 25, 19
14, 25, 20
14, 25, 21
14, 25, 22
14, 25, 23
14, 25, 24
14, 25, 25
14, 25, 26
14, 25, 27
14, 25, 28
14, 25, 29
14, 25, 30
14, 25, 31
14, 25, 32
14, 25, 33
14, 26, 17
14, 26, 18
14, 26, 19
14, 26, 20
14, 26, 21
14, 26, 22
14, 26, 23
14, 26, 24
14, 26, 25
14, 26, 26
14, 26, 27
14, 26, 28
14, 26, 29
14, 26, 30
14, 26, 31
14, 26, 32
14, 26, 33
14, 27, 17
14, 27, 18
14, 27, 19
14, 27, 20
14, 27, 21
14, 27, 22
14, 27, 23
14, 27, 24
14, 27, 25
14, 27, 26
14, 27, 27
14, 27, 28
14, 27, 29
14, 27, 30
14, 27, 31
14, 27, 32
14, 27, 33
14, 28, 17
14, 28, 18
14, 28, 19
14, 28, 20
14, 28, 21
14, 28, 22
14, 28, 23
14, 28, 24
14, 28, 25
14, 28, 26
14, 28, 27
14, 28, 28
14, 28, 29
14, 28, 30
14, 28, 31
14, 28, 32
14, 28, 33
14, 29, 17
14, 29, 18
14, 29, 19
14, 29, 20
14, 29, 21
14, 29, 22
14, 29, 23
14, 29, 24
14, 29, 25
14, 29, 26
14, 29, 27
14, 29, 28
14, 29, 29
14, 29, 30
14, 29, 31
14, 29, 32
14, 29, 33
14, 30, 17
14, 30, 18
14, 30, 19
14, 30, 20
14, 30, 21
14, 30, 22
14, 30, 23
14, 30, 24
14, 30, 25
14, 30, 26
14, 30, 27
14, 30, 28
14, 30, 29
14, 30, 30
14, 30, 31
14, 30, 32
14, 30, 33
14, 31, 17
14, 31, 18
14, 31, 19
14, 31, 20
14, 31, 21
14, 31, 22
14, 31, 23
14, 31, 24
14, 31, 25
14, 31, 26
14, 31, 27
14, 31, 28
14, 31, 29
14, 31, 30
14, 31, 31
14, 31, 32
14, 31, 33
14, 32, 17
14, 32, 18
14, 32, 19
14, 32, 20
14, 32, 21
14, 32, 22
14, 32, 23
14, 32, 24
14, 32, 25
14, 32, 26
14, 32, 27
14, 32, 28
14, 32, 29
14, 32, 30
14, 32, 31
14, 32, 32
14, 32, 33
14, 33, 17
14, 33, 18
14, 33, 19
14, 33, 20
14, 33, 21
14, 33, 22
14, 33, 23
14, 33, 24
14, 33, 25
14, 33, 26
14, 33, 27
14, 33, 28
14, 33, 29
14, 33, 30
14, 33, 31
14, 33, 32
14, 33, 33
15, 17, 17
15, 17, 18
15, 17, 19
15, 17, 20
15, 17, 21
15, 17, 22
15, 17, 23
15, 17, 24
15, 17, 25
15, 17, 26
15, 17, 27
15, 17, 28
15, 17, 29
15, 17, 30
15, 17, 31
15, 17, 32
15, 17, 33
15, 18, 17
15, 18, 18
15, 18, 19
15, 18, 20
15, 18, 21
15, 18, 22
15, 18, 23
15, 18, 24
15, 18, 25
15, 18, 26
15, 18, 27
15, 18, 28
15, 18, 29
15, 18, 30
15, 18, 31
15, 18, 32
15, 18, 33
15, 19, 17
15, 19, 18
15, 19, 19
15, 19, 20
15, 19, 21
15, 19, 22
15, 19, 23
15, 19, 24
15, 19, 25
15, 19, 26
15, 19, 27
15, 19, 28
15, 19, 29
15, 19, 30
15, 19, 31
15, 19, 32
15, 19, 33
15, 20, 17
15, 20, 18
15, 20, 19
15, 20, 20
15, 20, 21
15, 20, 22
15, 20, 23
15, 20, 24
15, 20, 25
15, 20, 26
15, 20, 27
15, 20, 28
15, 20, 29
15, 20, 30
15, 20, 31
15, 20, 32
15, 20, 33
15, 21, 17
15, 21, 18
15, 21, 19
15, 21, 20
15, 21, 21
15, 21, 22
15, 21, 23
15, 21, 24
15, 21, 25
15, 21, 26
15, 21, 27
15, 21, 28
15, 21, 29
15, 21, 30
15, 21, 31
15, 21, 32
15, 21, 33
15, 22, 17
15, 22, 18
15, 22, 19
15, 22, 20
15, 22, 21
15, 22, 22
15, 22, 23
15, 22, 24
15, 22, 25
15, 22, 26
15, 22, 27
15, 22, 28
15, 22, 29
15, 22, 30
15, 22, 31
15, 22, 32
15, 22, 33
15, 23, 17
15, 23, 18
15, 23, 19
15, 23, 20
15, 23, 21
15, 23, 22
15, 23, 23
15, 23, 24
15, 23, 25
15, 23, 26
15, 23, 27
15, 23, 28
15, 23, 29
15, 23, 30
15, 23, 31
15, 23, 32
15, 23, 33
15, 24, 17
15, 24, 18
15, 24, 19
15, 24, 20
15, 24, 21
15, 24, 22
15, 24, 23
15, 24, 24
15, 24, 25
15, 24, 26
15, 24, 27
15, 24, 28
15, 24, 29
15, 24, 30
15, 24, 31
15, 24, 32
15, 24, 33
15, 25, 17
15, 25, 18
15, 25, 19
15, 25, 20
15, 25, 21
15, 25, 22
15, 25, 23
15, 25, 24
15, 25, 25
15, 25, 26
15, 25, 27
15, 25, 28
15, 25, 29
15, 25, 30
15, 25, 31
15, 25, 32
15, 25, 33
15, 26, 17
15, 26, 18
15, 26, 19
15, 26, 20
15, 26, 21
15, 26, 22
15, 26, 23
15, 26, 24
15, 26, 25
15, 26, 26
15, 26, 27
15, 26, 28
15, 26, 29
15, 26, 30
15, 26, 31
15, 26, 32
15, 26, 33
15, 27, 17
15, 27, 18
15, 27, 19
15, 27, 20
15, 27, 21
15, 27, 22
15, 27, 23
15, 27, 24
15, 27, 25
15, 27, 26
15, 27, 27
15, 27, 28
15, 27, 29
15, 27, 30
15, 27, 31
15, 27, 32
15, 27, 33
15, 28, 17
15, 28, 18
15, 28, 19
15, 28, 20
15, 28, 21
15, 28, 22
15, 28, 23
15, 28, 24
15, 28, 25
15, 28, 26
15, 28, 27
15, 28, 28
15, 28, 29
15, 28, 30
15, 28, 31
15, 28, 32
15, 28, 33
15, 29, 17
15, 29, 18
15, 29, 19
15, 29, 20
15, 29, 21
15, 29, 22
15, 29, 23
15, 29, 24
15, 29, 25
15, 29, 26
15, 29, 27
15, 29, 28
15, 29, 29
15, 29, 30
15, 29, 31
15, 29, 32
15, 29, 33
15, 30, 17
15, 30, 18
15, 30, 19
15, 30, 20
15, 30, 21
15, 30, 22
15, 30, 23
15, 30, 24
15, 30, 25
15, 30, 26
15, 30, 27
15, 30, 28
15, 30, 29
15, 30, 30
15, 30, 31
15, 30, 32
15, 30, 33
15, 31, 17
15, 31, 18
15, 31, 19
15, 31, 20
15, 31, 21
15, 31, 22
15, 31, 23
15, 31, 24
15, 31, 25
15, 31, 26
15, 31, 27
15, 31, 28
15, 31, 29
15, 31, 30
15, 31, 31
15, 31, 32
15, 31, 33
15, 32, 17
15, 32, 18
15, 32, 19
15, 32, 20
15, 32, 21
15, 32, 22
15, 32, 23
15, 32, 24
15, 32, 25
15, 32, 26
15, 32, 27
15, 32, 28
15, 32, 29
15, 32, 30
15, 32, 31
15, 32, 32
15, 32, 33
15, 33, 17
15, 33, 18
15, 33, 19
15, 33, 20
15, 33, 21
15, 33, 22
15, 33, 23
15, 33, 24
15, 33, 25
15, 33, 26
15, 33, 27
15, 33, 28
15, 33, 29
15, 33, 30
15, 33, 31
15, 33, 32
15, 33, 33
16, 17, 17
16, 17, 18
16, 17, 19
16, 17, 20
16, 17, 21
16, 17, 22
16, 17, 23
16, 17, 24
16, 17, 25
16, 17, 26
16, 17, 27
16, 17, 28
16, 17, 29
16, 17, 30
16, 17, 31
16, 17, 32
16, 17, 33
16, 18, 17
16, 18, 18
16, 18, 19
16, 18, 20
16, 18, 21
16, 18, 22
16, 18, 23
16, 18, 24
16, 18, 25
16, 18, 26
16, 18, 27
16, 18, 28
16, 18, 29
16, 18, 30
16, 18, 31
16, 18, 32
16, 18, 33
16, 19, 17
16, 19, 18
16, 19, 19
16, 19, 20
16, 19, 21
16, 19, 22
16, 19, 23
16, 19, 24
16, 19, 25
16, 19, 26
16, 19, 27
16, 19, 28
16, 19, 29
16, 19, 30
16, 19, 31
16, 19, 32
16, 19, 33
16, 20, 17
16, 20, 18
16, 20, 19
16, 20, 20
16, 20, 21
16, 20, 22
16, 20, 23
16, 20, 24
16, 20, 25
16, 20, 26
16, 20, 27
16, 20, 28
16, 20, 29
16, 20, 30
16, 20, 31
16, 20, 32
16, 20, 33
16, 21, 17
16, 21, 18
16, 21, 19
16, 21, 20
16, 21, 21
16, 21, 22
16, 21, 23
16, 21, 24
16, 21, 25
16, 21, 26
16, 21, 27
16, 21, 28
16, 21, 29
16, 21, 30
16, 21, 31
16, 21, 32
16, 21, 33
16, 22, 17
16, 22, 18
16, 22, 19
16, 22, 20
16, 22, 21
16, 22, 22
16, 22, 23
16, 22, 24
16, 22, 25
16, 22, 26
16, 22, 27
16, 22, 28
16, 22, 29
16, 22, 30
16, 22, 31
16, 22, 32
16, 22, 33
16, 23, 17
16, 23, 18
16, 23, 19
16, 23, 20
16, 23, 21
16, 23, 22
16, 23, 23
16, 23, 24
16, 23, 25
16, 23, 26
16, 23, 27
16, 23, 28
16, 23, 29
16, 23, 30
16, 23, 31
16, 23, 32
16, 23, 33
16, 24, 17
16, 24, 18
16, 24, 19
16, 24, 20
16, 24, 21
16, 24, 22
16, 24, 23
16, 24, 24
16, 24, 25
16, 24, 26
16, 24, 27
16, 24, 28
16, 24, 29
16, 24, 30
16, 24, 31
16, 24, 32
16, 24, 33
16, 25, 17
16, 25, 18
16, 25, 19
16, 25, 20
16, 25, 21
16, 25, 22
16, 25, 23
16, 25, 24
16, 25, 25
16, 25, 26
16, 25, 27
16, 25, 28
16, 25, 29
16, 25, 30
16, 25, 31
16, 25, 32
16, 25, 33
16, 26, 17
16, 26, 18
16, 26, 19
16, 26, 20
16, 26, 21
16, 26, 22
16, 26, 23
16, 26, 24
16, 26, 25
16, 26, 26
16, 26, 27
16, 26, 28
16, 26, 29
16, 26, 30
16, 26, 31
16, 26, 32
16, 26, 33
16, 27, 17
16, 27, 18
16, 27, 19
16, 27, 20
16, 27, 21
16, 27, 22
16, 27, 23
16, 27, 24
16, 27, 25
16, 27, 26
16, 27, 27
16, 27, 28
16, 27, 29
16, 27, 30
16, 27, 31
16, 27, 32
16, 27, 33
16, 28, 17
16, 28, 18
16, 28, 19
16, 28, 20
16, 28, 21
16, 28, 22
16, 28, 23
16, 28, 24
16, 28, 25
16, 28, 26
16, 28, 27
16, 28, 28
16, 28, 29
16, 28, 30
16, 28, 31
16, 28, 32
16, 28, 33
16, 29, 17
16, 29, 18
16, 29, 19
16, 29, 20
16, 29, 21
16, 29, 22
16, 29, 23
16, 29, 24
16, 29, 25
16, 29, 26
16, 29, 27
16, 29, 28
16, 29, 29
16, 29, 30
16, 29, 31
16, 29, 32
16, 29, 33
16, 30, 17
16, 30, 18
16, 30, 19
16, 30, 20
16, 30, 21
16, 30, 22
16, 30, 23
16, 30, 24
16, 30, 25
16, 30, 26
16, 30, 27
16, 30, 28
16, 30, 29
16, 30, 30
16, 30, 31
16, 30, 32
16, 30, 33
16, 31, 17
16, 31, 18
16, 31, 19
16, 31, 20
16, 31, 21
16, 31, 22
16, 31, 23
16, 31, 24
16, 31, 25
16, 31, 26
16, 31, 27
16, 31, 28
16, 31, 29
16, 31, 30
16, 31, 31
16, 31, 32
16, 31, 33
16, 32, 17
16, 32, 18
16, 32, 19
16, 32, 20
16, 32, 21
16, 32, 22
16, 32, 23
16, 32, 24
16, 32, 25
16, 32, 26
16, 32, 27
16, 32, 28
16, 32, 29
16, 32, 30
16, 32, 31
16, 32, 32
16, 32, 33
16, 33, 17
16, 33, 18
16, 33, 19
16, 33, 20
16, 33, 21
16, 33, 22
16, 33, 23
16, 33, 24
16, 33, 25
16, 33, 26
16, 33, 27
16, 33, 28
16, 33, 29
16, 33, 30
16, 33, 31
16, 33, 32
16, 33, 33
17, 17, 17
17, 17, 18
17, 17, 19
17, 17, 20
17, 17, 21
17, 17, 22
17, 17, 23
17, 17, 24
17, 17, 25
17, 17, 26
17, 17, 27
17, 17, 28
17, 17, 29
17, 17, 30
17, 17, 31
17, 17, 32
17, 17, 33
17, 18, 17
17, 18, 18
17, 18, 19
17, 18, 20
17, 18, 21
17, 18, 22
17, 18, 23
17, 18, 24
17, 18, 25
17, 18, 26
17, 18, 27
17, 18, 28
17, 18, 29
17, 18, 30
17, 18, 31
17, 18, 32
17, 18, 33
17, 19, 17
17, 19, 18
17, 19, 19
17, 19, 20
17, 19, 21
17, 19, 22
17, 19, 23
17, 19, 24
17, 19, 25
17, 19, 26
17, 19, 27
17, 19, 28
17, 19, 29
17, 19, 30
17, 19, 31
17, 19, 32
17, 19, 33
17, 20, 17
17, 20, 18
17, 20, 19
17, 20, 20
17, 20, 21
17, 20, 22
17, 20, 23
17, 20, 24
17, 20, 25
17, 20, 26
17, 20, 27
17, 20, 28
17, 20, 29
17, 20, 30
17, 20, 31
17, 20, 32
17, 20, 33
17, 21, 17
17, 21, 18
17, 21, 19
17, 21, 20
17, 21, 21
17, 21, 22
17, 21, 23
17, 21, 24
17, 21, 25
17, 21, 26
17, 21, 27
17, 21, 28
17, 21, 29
17, 21, 30
17, 21, 31
17, 21, 32
17, 21, 33
17, 22, 17
17, 22, 18
17, 22, 19
17, 22, 20
17, 22, 21
17, 22, 22
17, 22, 23
17, 22, 24
17, 22, 25
17, 22, 26
17, 22, 27
17, 22, 28
17, 22, 29
17, 22, 30
17, 22, 31
17, 22, 32
17, 22, 33
17, 23, 17
17, 23, 18
17, 23, 19
17, 23, 20
17, 23, 21
17, 23, 22
17, 23, 23
17, 23, 24
17, 23, 25
17, 23, 26
17, 23, 27
17, 23, 28
17, 23, 29
17, 23, 30
17, 23, 31
17, 23, 32
17, 23, 33
17, 24, 17
17, 24, 18
17, 24, 19
17, 24, 20
17, 24, 21
17, 24, 22
17, 24, 23
17, 24, 24
17, 24, 25
17, 24, 26
17, 24, 27
17, 24, 28
17, 24, 29
17, 24, 30
17, 24, 31
17, 24, 32
17, 24, 33
17, 25, 17
17, 25, 18
17, 25, 19
17, 25, 20
17, 25, 21
17, 25, 22
17, 25, 23
17, 25, 24
17, 25, 25
17, 25, 26
17, 25, 27
17, 25, 28
17, 25, 29
17, 25, 30
17, 25, 31
17, 25, 32
17, 25, 33
17, 26, 15
17, 26, 16
17, 26, 17
17, 26, 18
17, 26, 19
17, 26, 20
17, 26, 21
17, 26, 22
17, 26, 23
17, 26, 24
17, 26, 25
17, 26, 26
17, 26, 27
17, 26, 28
17, 26, 29
17, 26, 30
17, 26, 31
17, 26, 32
17, 26, 33
17, 27, 15
17, 27, 16
17, 27, 17
17, 27, 18
17, 27, 19
17, 27, 20
17, 27, 21
17, 27, 22
17, 27, 23
17, 27, 24
17, 27, 25
17, 27, 26
17, 27, 27
17, 27, 28
17, 27, 29
17, 27, 30
17, 27, 31
17, 27, 32
17, 27, 33
17, 28, 15
17, 28, 16
17, 28, 17
17, 28, 18
17, 28, 19
17, 28, 20
17, 28, 21
17, 28, 22
17, 28, 23
17, 28, 24
17, 28, 25
17, 28, 26
17, 28, 27
17, 28, 28
17, 28, 29
17, 28, 30
17, 28, 31
17, 28, 32
17, 28, 33
17, 29, 17
17, 29, 18
17, 29, 19
17, 29, 20
17, 29, 21
17, 29, 22
17, 29, 23
17, 29, 24
17, 29, 25
17, 29, 26
17, 29, 27
17, 29, 28
17, 29, 29
17, 29, 30
17, 29, 31
17, 29, 32
17, 29, 33
17, 30, 17
17, 30, 18
17, 30, 19
17, 30, 20
17, 30, 21
17, 30, 22
17, 30, 23
17, 30, 24
17, 30, 25
17, 30, 26
17, 30, 27
17, 30, 28
17, 30, 29
17, 30, 30
17, 30, 31
17, 30, 32
17, 30, 33
17, 31, 17
17, 31, 18
17, 31, 19
17, 31, 20
17, 31, 21
17, 31, 22
17, 31, 23
17, 31, 24
17, 31, 25
17, 31, 26
17, 31, 27
17, 31, 28
17, 31, 29
17, 31, 30
17, 31, 31
17, 31, 32
17, 31, 33
17, 32, 17
17, 32, 18
17, 32, 19
17, 32, 20
17, 32, 21
17, 32, 22
17, 32, 23
17, 32, 24
17, 32, 25
17, 32, 26
17, 32, 27
17, 32, 28
17, 32, 29
17, 32, 30
17, 32, 31
17, 32, 32
17, 32, 33
17, 33, 17
17, 33, 18
17, 33, 19
17, 33, 20
17, 33, 21
17, 33, 22
17, 33, 23
17, 33, 24
17, 33, 25
17, 33, 26
17, 33, 27
17, 33, 28
17, 33, 29
17, 33, 30
17, 33, 31
17, 33, 32
17, 33, 33
18, 17, 17
18, 17, 18
18, 17, 19
18, 17, 20
18, 17, 21
18, 17, 22
18, 17, 23
18, 17, 24
18, 17, 25
18, 17, 26
18, 17, 27
18, 17, 28
18, 17, 29
18, 17, 30
18, 17, 31
18, 17, 32
18, 17, 33
18, 18, 17
18, 18, 18
18, 18, 19
18, 18, 20
18, 18, 21
18, 18, 22
18, 18, 23
18, 18, 24
18, 18, 25
18, 18, 26
18, 18, 27
18, 18, 28
18, 18, 29
18, 18, 30
18, 18, 31
18, 18, 32
18, 18, 33
18, 19, 17
18, 19, 18
18, 19, 19
18, 19, 20
18, 19, 21
18, 19, 22
18, 19, 23
18, 19, 24
18, 19, 25
18, 19, 26
18, 19, 27
18, 19, 28
18, 19, 29
18, 19, 30
18, 19, 31
18, 19, 32
18, 19, 33
18, 20, 17
18, 20, 18
18, 20, 19
18, 20, 20
18, 20, 21
18, 20, 22
18, 20, 23
18, 20, 24
18, 20, 25
18, 20, 26
18, 20, 27
18, 20, 28
18, 20, 29
18, 20, 30
18, 20, 31
18, 20, 32
18, 20, 33
18, 21, 17
18, 21, 18
18, 21, 19
18, 21, 20
18, 21, 21
18, 21, 22
18, 21, 23
18, 21, 24
18, 21, 25
18, 21, 26
18, 21, 27
18, 21, 28
18, 21, 29
18, 21, 30
18, 21, 31
18, 21, 32
18, 21, 33
18, 22, 17
18, 22, 18
18, 22, 19
18, 22, 20
18, 22, 21
18, 22, 22
18, 22, 23
18, 22, 24
18, 22, 25
18, 22, 26
18, 22, 27
18, 22, 28
18, 22, 29
18, 22, 30
18, 22, 31
18, 22, 32
18, 22, 33
18, 23, 17
18, 23, 18
18, 23, 19
18, 23, 20
18, 23, 21
18, 23, 22
18, 23, 23
18, 23, 24
18, 23, 25
18, 23, 26
18, 23, 27
18, 23, 28
18, 23, 29
18, 23, 30
18, 23, 31
18, 23, 32
18, 23, 33
18, 24, 17
18, 24, 18
18, 24, 19
18, 24, 20
18, 24, 21
18, 24, 22
18, 24, 23
18, 24, 24
18, 24, 25
18, 24, 26
18, 24, 27
18, 24, 28
18, 24, 29
18, 24, 30
18, 24, 31
18, 24, 32
18, 24, 33
18, 25, 17
18, 25, 18
18, 25, 19
18, 25, 20
18, 25, 21
18, 25, 22
18, 25, 23
18, 25, 24
18, 25, 25
18, 25, 26
18, 25, 27
18, 25, 28
18, 25, 29
18, 25, 30
18, 25, 31
18, 25, 32
18, 25, 33
18, 26, 15
18, 26, 16
18, 26, 17
18, 26, 18
18, 26, 19
18, 26, 20
18, 26, 21
18, 26, 22
18, 26, 23
18, 26, 24
18, 26, 25
18, 26, 26
18, 26, 27
18, 26, 28
18, 26, 29
18, 26, 30
18, 26, 31
18, 26, 32
18, 26, 33
18, 27, 15
18, 27, 16
18, 27, 17
18, 27, 18
18, 27, 19
18, 27, 20
18, 27, 21
18, 27, 22
18, 27, 23
18, 27, 24
18, 27, 25
18, 27, 26
18, 27, 27
18, 27, 28
18, 27, 29
18, 27, 30
18, 27, 31
18, 27, 32
18, 27, 33
18, 28, 15
18, 28, 16
18, 28, 17
18, 28, 18
18, 28, 19
18, 28, 20
18, 28, 21
18, 28, 22
18, 28, 23
18, 28, 24
18, 28, 25
18, 28, 26
18, 28, 27
18, 28, 28
18, 28, 29
18, 28, 30
18, 28, 31
18, 28, 32
18, 28, 33
18, 29, 17
18, 29, 18
18, 29, 19
18, 29, 20
18, 29, 21
18, 29, 22
18, 29, 23
18, 29, 24
18, 29, 25
18, 29, 26
18, 29, 27
18, 29, 28
18, 29, 29
18, 29, 30
18, 29, 31
18, 29, 32
18, 29, 33
18, 30, 17
18, 30, 18
18, 30, 19
18, 30, 20
18, 30, 21
18, 30, 22
18, 30, 23
18, 30, 24
18, 30, 25
18, 30, 26
18, 30, 27
18, 30, 28
18, 30, 29
18, 30, 30
18, 30, 31
18, 30, 32
18, 30, 33
18, 31, 17
18, 31, 18
18, 31, 19
18, 31, 20
18, 31, 21
18, 31, 22
18, 31, 23
18, 31, 24
18, 31, 25
18, 31, 26
18, 31, 27
18, 31, 28
18, 31, 29
18, 31, 30
18, 31, 31
18, 31, 32
18, 31, 33
18, 32, 17
18, 32, 18
18, 32, 19
18, 32, 20
18, 32, 21
18, 32, 22
18, 32, 23
18, 32, 24
18, 32, 25
18, 32, 26
18, 32, 27
18, 32, 28
18, 32, 29
18, 32, 30
18, 32, 31
18, 32, 32
18, 32, 33
18, 33, 17
18, 33, 18
18, 33, 19
18, 33, 20
18, 33, 21
18, 33, 22
18, 33, 23
18, 33, 24
18, 33, 25
18, 33, 26
18, 33, 27
18, 33, 28
18, 33, 29
18, 33, 30
18, 33, 31
18, 33, 32
18, 33, 33
19, 17, 17
19, 17, 18
19, 17, 19
19, 17, 20
19, 17, 21
19, 17, 22
19, 17, 23
19, 17, 24
19, 17, 25
19, 17, 26
19, 17, 27
19, 17, 28
19, 17, 29
19, 17, 30
19, 17, 31
19, 17, 32
19, 17, 33
19, 18, 17
19, 18, 18
19, 18, 19
19, 18, 20
19, 18, 21
19, 18, 22
19, 18, 23
19, 18, 24
19, 18, 25
19, 18, 26
19, 18, 27
19, 18, 28
19, 18, 29
19, 18, 30
19, 18, 31
19, 18, 32
19, 18, 33
19, 19, 17
19, 19, 18
19, 19, 19
19, 19, 20
19, 19, 21
19, 19, 22
19, 19, 23
19, 19, 24
19, 19, 25
19, 19, 26
19, 19, 27
19, 19, 28
19, 19, 29
19, 19, 30
19, 19, 31
19, 19, 32
19, 19, 33
19, 20, 17
19, 20, 18
19, 20, 19
19, 20, 20
19, 20, 21
19, 20, 22
19, 20, 23
19, 20, 24
19, 20, 25
19, 20, 26
19, 20, 27
19, 20, 28
19, 20, 29
19, 20, 30
19, 20, 31
19, 20, 32
19, 20, 33
19, 21, 17
19, 21, 18
19, 21, 19
19, 21, 20
19, 21, 21
19, 21, 22
19, 21, 23
19, 21, 24
19, 21, 25
19, 21, 26
19, 21, 27
19, 21, 28
19, 21, 29
19, 21, 30
19, 21, 31
19, 21, 32
19, 21, 33
19, 22, 17
19, 22, 18
19, 22, 19
19, 22, 20
19, 22, 21
19, 22, 22
19, 22, 23
19, 22, 24
19, 22, 25
19, 22, 26
19, 22, 27
19, 22, 28
19, 22, 29
19, 22, 30
19, 22, 31
19, 22, 32
19, 22, 33
19, 23, 17
19, 23, 18
19, 23, 19
19, 23, 20
19, 23, 21
19, 23, 22
19, 23, 23
19, 23, 24
19, 23, 25
19, 23, 26
19, 23, 27
19, 23, 28
19, 23, 29
19, 23, 30
19, 23, 31
19, 23, 32
19, 23, 33
19, 24, 17
19, 24, 18
19, 24, 19
19, 24, 20
19, 24, 21
19, 24, 22
19, 24, 23
19, 24, 24
19, 24, 25
19, 24, 26
19, 24, 27
19, 24, 28
19, 24, 29
19, 24, 30
19, 24, 31
19, 24, 32
19, 24, 33
19, 25, 17
19, 25, 18
19, 25, 19
19, 25, 20
19, 25, 21
19, 25, 22
19, 25, 23
19, 25, 24
19, 25, 25
19, 25, 26
19, 25, 27
19, 25, 28
19, 25, 29
19, 25, 30
19, 25, 31
19, 25, 32
19, 25, 33
19, 26, 15
19, 26, 16
19, 26, 17
19, 26, 18
19, 26, 19
19, 26, 20
19, 26, 21
19, 26, 22
19, 26, 23
19, 26, 24
19, 26, 25
19, 26, 26
19, 26, 27
19, 26, 28
19, 26, 29
19, 26, 30
19, 26, 31
19, 26, 32
19, 26, 33
19, 27, 15
19, 27, 16
19, 27, 17
19, 27, 18
19, 27, 19
19, 27, 20
19, 27, 21
19, 27, 22
19, 27, 23
19, 27, 24
19, 27, 25
19, 27, 26
19, 27, 27
19, 27, 28
19, 27, 29
19, 27, 30
19, 27, 31
19, 27, 32
19, 27, 33
19, 28, 15
19, 28, 16
19, 28, 17
19, 28, 18
19, 28, 19
19, 28, 20
19, 28, 21
19, 28, 22
19, 28, 23
19, 28, 24
19, 28, 25
19, 28, 26
19, 28, 27
19, 28, 28
19, 28, 29
19, 28, 30
19, 28, 31
19, 28, 32
19, 28, 33
19, 29, 17
19, 29, 18
19, 29, 19
19, 29, 20
19, 29, 21
19, 29, 22
19, 29, 23
19, 29, 24
19, 29, 25
19, 29, 26
19, 29, 27
19, 29, 28
19, 29, 29
19, 29, 30
19, 29, 31
19, 29, 32
19, 29, 33
19, 30, 17
19, 30, 18
19, 30, 19
19, 30, 20
19, 30, 21
19, 30, 22
19, 30, 23
19, 30, 24
19, 30, 25
19, 30, 26
19, 30, 27
19, 30, 28
19, 30, 29
19, 30, 30
19, 30, 31
19, 30, 32
19, 30, 33
19, 31, 17
19, 31, 18
19, 31, 19
19, 31, 20
19, 31, 21
19, 31, 22
19, 31, 23
19, 31, 24
19, 31, 25
19, 31, 26
19, 31, 27
19, 31, 28
19, 31, 29
19, 31, 30
19, 31, 31
19, 31, 32
19, 31, 33
19, 32, 17
19, 32, 18
19, 32, 19
19, 32, 20
19, 32, 21
19, 32, 22
19, 32, 23
19, 32, 24
19, 32, 25
19, 32, 26
19, 32, 27
19, 32, 28
19, 32, 29
19, 32, 30
19, 32, 31
19, 32, 32
19, 32, 33
19, 33, 17
19, 33, 18
19, 33, 19
19, 33, 20
19, 33, 21
19, 33, 22
19, 33, 23
19, 33, 24
19, 33, 25
19, 33, 26
19, 33, 27
19, 33, 28
19, 33, 29
19, 33, 30
19, 33, 31
19, 33, 32
19, 33, 33
20, 17, 17
20, 17, 18
20, 17, 19
20, 17, 20
20, 17, 21
20, 17, 22
20, 17, 23
20, 17, 24
20, 17, 25
20, 17, 26
20, 17, 27
20, 17, 28
20, 17, 29
20, 17, 30
20, 17, 31
20, 17, 32
20, 17, 33
20, 18, 17
20, 18, 18
20, 18, 19
20, 18, 20
20, 18, 21
20, 18, 22
20, 18, 23
20, 18, 24
20, 18, 25
20, 18, 26
20, 18, 27
20, 18, 28
20, 18, 29
20, 18, 30
20, 18, 31
20, 18, 32
20, 18, 33
20, 19, 17
20, 19, 18
20, 19, 19
20, 19, 20
20, 19, 21
20, 19, 22
20, 19, 23
20, 19, 24
20, 19, 25
20, 19, 26
20, 19, 27
20, 19, 28
20, 19, 29
20, 19, 30
20, 19, 31
20, 19, 32
20, 19, 33
20, 20, 17
20, 20, 18
20, 20, 19
20, 20, 20
20, 20, 21
20, 20, 22
20, 20, 23
20, 20, 24
20, 20, 25
20, 20, 26
20, 20, 27
20, 20, 28
20, 20, 29
20, 20, 30
20, 20, 31
20, 20, 32
20, 20, 33
20, 21, 17
20, 21, 18
20, 21, 19
20, 21, 20
20, 21, 21
20, 21, 22
20, 21, 23
20, 21, 24
20, 21, 25
20, 21, 26
20, 21, 27
20, 21, 28
20, 21, 29
20, 21, 30
20, 21, 31
20, 21, 32
20, 21, 33
20, 22, 17
20, 22, 18
20, 22, 19
20, 22, 20
20, 22, 21
20, 22, 22
20, 22, 23
20, 22, 24
20, 22, 25
20, 22, 26
20, 22, 27
20, 22, 28
20, 22, 29
20, 22, 30
20, 22, 31
20, 22, 32
20, 22, 33
20, 23, 17
20, 23, 18
20, 23, 19
20, 23, 20
20, 23, 21
20, 23, 22
20, 23, 23
20, 23, 24
20, 23, 25
20, 23, 26
20, 23, 27
20, 23, 28
20, 23, 29
20, 23, 30
20, 23, 31
20, 23, 32
20, 23, 33
20, 24, 17
20, 24, 18
20, 24, 19
20, 24, 20
20, 24, 21
20, 24, 22
20, 24, 23
20, 24, 24
20, 24, 25
20, 24, 26
20, 24, 27
20, 24, 28
20, 24, 29
20, 24, 30
20, 24, 31
20, 24, 32
20, 24, 33
20, 25, 17
20, 25, 18
20, 25, 19
20, 25, 20
20, 25, 21
20, 25, 22
20, 25, 23
20, 25, 24
20, 25, 25
20, 25, 26
20, 25, 27
20, 25, 28
20, 25, 29
20, 25, 30
20, 25, 31
20, 25, 32
20, 25, 33
20, 26, 15
20, 26, 16
20, 26, 17
20, 26, 18
20, 26, 19
20, 26, 20
20, 26, 21
20, 26, 22
20, 26, 23
20, 26, 24
20, 26, 25
20, 26, 26
20, 26, 27
20, 26, 28
20, 26, 29
20, 26, 30
20, 26, 31
20, 26, 32
20, 26, 33
20, 27, 15
20, 27, 16
20, 27, 17
20, 27, 18
20, 27, 19
20, 27, 20
20, 27, 21
20, 27, 22
20, 27, 23
20, 27, 24
20, 27, 25
20, 27, 26
20, 27, 27
20, 27, 28
20, 27, 29
20, 27, 30
20, 27, 31
20, 27, 32
20, 27, 33
20, 28, 15
20, 28, 16
20, 28, 17
20, 28, 18
20, 28, 19
20, 28, 20
20, 28, 21
20, 28, 22
20, 28, 23
20, 28, 24
20, 28, 25
20, 28, 26
20, 28, 27
20, 28, 28
20, 28, 29
20, 28, 30
20, 28, 31
20, 28, 32
20, 28, 33
20, 29, 17
20, 29, 18
20, 29, 19
20, 29, 20
20, 29, 21
20, 29, 22
20, 29, 23
20, 29, 24
20, 29, 25
20, 29, 26
20, 29, 27
20, 29, 28
20, 29, 29
20, 29, 30
20, 29, 31
20, 29, 32
20, 29, 33
20, 30, 17
20, 30, 18
20, 30, 19
20, 30, 20
20, 30, 21
20, 30, 22
20, 30, 23
20, 30, 24
20, 30, 25
20, 30, 26
20, 30, 27
20, 30, 28
20, 30, 29
20, 30, 30
20, 30, 31
20, 30, 32
20, 30, 33
20, 31, 17
20, 31, 18
20, 31, 19
20, 31, 20
20, 31, 21
20, 31, 22
20, 31, 23
20, 31, 24
20, 31, 25
20, 31, 26
20, 31, 27
20, 31, 28
20, 31, 29
20, 31, 30
20, 31, 31
20, 31, 32
20, 31, 33
20, 32, 17
20, 32, 18
20, 32, 19
20, 32, 20
20, 32, 21
20, 32, 22
20, 32, 23
20, 32, 24
20, 32, 25
20, 32, 26
20, 32, 27
20, 32, 28
20, 32, 29
20, 32, 30
20, 32, 31
20, 32, 32
20, 32, 33
20, 33, 17
20, 33, 18
20, 33, 19
20, 33, 20
20, 33, 21
20, 33, 22
20, 33, 23
20, 33, 24
20, 33, 25
20, 33, 26
20, 33, 27
20, 33, 28
20, 33, 29
20, 33, 30
20, 33, 31
20, 33, 32
20, 33, 33
21, 17, 17
21, 17, 18
21, 17, 19
21, 17, 20
21, 17, 21
21, 17, 22
21, 17, 23
21, 17, 24
21, 17, 25
21, 17, 26
21, 17, 27
21, 17, 28
21, 17, 29
21, 17, 30
21, 17, 31
21, 17, 32
21, 17, 33
21, 18, 17
21, 18, 18
21, 18, 19
21, 18, 20
21, 18, 21
21, 18, 22
21, 18, 23
21, 18, 24
21, 18, 25
21, 18, 26
21, 18, 27
21, 18, 28
21, 18, 29
21, 18, 30
21, 18, 31
21, 18, 32
21, 18, 33
21, 19, 17
21, 19, 18
21, 19, 19
21, 19, 20
21, 19, 21
21, 19, 22
21, 19, 23
21, 19, 24
21, 19, 25
21, 19, 26
21, 19, 27
21, 19, 28
21, 19, 29
21, 19, 30
21, 19, 31
21, 19, 32
21, 19, 33
21, 20, 17
21, 20, 18
21, 20, 19
21, 20, 20
21, 20, 21
21, 20, 22
21, 20, 23
21, 20, 24
21, 20, 25
21, 20, 26
21, 20, 27
21, 20, 28
21, 20, 29
21, 20, 30
21, 20, 31
21, 20, 32
21, 20, 33
21, 21, 17
21, 21, 18
21, 21, 19
21, 21, 20
21, 21, 21
21, 21, 22
21, 21, 23
21, 21, 24
21, 21, 25
21, 21, 26
21, 21, 27
21, 21, 28
21, 21, 29
21, 21, 30
21, 21, 31
21, 21, 32
21, 21, 33
21, 22, 17
21, 22, 18
21, 22, 19
21, 22, 20
21, 22, 21
21, 22, 22
21, 22, 23
21, 22, 24
21, 22, 25
21, 22, 26
21, 22, 27
21, 22, 28
21, 22, 29
21, 22, 30
21, 22, 31
21, 22, 32
21, 22, 33
21, 23, 17
21, 23, 18
21, 23, 19
21, 23, 20
21, 23, 21
21, 23, 22
21, 23, 23
21, 23, 24
21, 23, 25
21, 23, 26
21, 23, 27
21, 23, 28
21, 23, 29
21, 23, 30
21, 23, 31
21, 23, 32
21, 23, 33
21, 24, 17
21, 24, 18
21, 24, 19
21, 24, 20
21, 24, 21
21, 24, 22
21, 24, 23
21, 24, 24
21, 24, 25
21, 24, 26
21, 24, 27
21, 24, 28
21, 24, 29
21, 24, 30
21, 24, 31
21, 24, 32
21, 24, 33
21, 25, 17
21, 25, 18
21, 25, 19
21, 25, 20
21, 25, 21
21, 25, 22
21, 25, 23
21, 25, 24
21, 25, 25
21, 25, 26
21, 25, 27
21, 25, 28
21, 25, 29
21, 25, 30
21, 25, 31
21, 25, 32
21, 25, 33
21, 26, 15
21, 26, 16
21, 26, 17
21, 26, 18
21, 26, 19
21, 26, 20
21, 26, 21
21, 26, 22
21, 26, 23
21, 26, 24
21, 26, 25
21, 26, 26
21, 26, 27
21, 26, 28
21, 26, 29
21, 26, 30
21, 26, 31
21, 26, 32
21, 26, 33
21, 27, 15
21, 27, 16
21, 27, 17
21, 27, 18
21, 27, 19
21, 27, 20
21, 27, 21
21, 27, 22
21, 27, 23
21, 27, 24
21, 27, 25
21, 27, 26
21, 27, 27
21, 27, 28
21, 27, 29
21, 27, 30
21, 27, 31
21, 27, 32
21, 27, 33
21, 28, 15
21, 28, 16
21, 28, 17
21, 28, 18
21, 28, 19
21, 28, 20
21, 28, 21
21, 28, 22
21, 28, 23
21, 28, 24
21, 28, 25
21, 28, 26
21, 28, 27
21, 28, 28
21, 28, 29
21, 28, 30
21, 28, 31
21, 28, 32
21, 28, 33
21, 29, 17
21, 29, 18
21, 29, 19
21, 29, 20
21, 29, 21
21, 29, 22
21, 29, 23
21, 29, 24
21, 29, 25
21, 29, 26
21, 29, 27
21, 29, 28
21, 29, 29
21, 29, 30
21, 29, 31
21, 29, 32
21, 29, 33
21, 30, 17
21, 30, 18
21, 30, 19
21, 30, 20
21, 30, 21
21, 30, 22
21, 30, 23
21, 30, 24
21, 30, 25
21, 30, 26
21, 30, 27
21, 30, 28
21, 30, 29
21, 30, 30
21, 30, 31
21, 30, 32
21, 30, 33
21, 31, 17
21, 31, 18
21, 31, 19
21, 31, 20
21, 31, 21
21, 31, 22
21, 31, 23
21, 31, 24
21, 31, 25
21, 31, 26
21, 31, 27
21, 31, 28
21, 31, 29
21, 31, 30
21, 31, 31
21, 31, 32
21, 31, 33
21, 32, 17
21, 32, 18
21, 32, 19
21, 32, 20
21, 32, 21
21, 32, 22
21, 32, 23
21, 32, 24
21, 32, 25
21, 32, 26
21, 32, 27
21, 32, 28
21, 32, 29
21, 32, 30
21, 32, 31
21, 32, 32
21, 32, 33
21, 33, 17
21, 33, 18
21, 33, 19
21, 33, 20
21, 33, 21
21, 33, 22
21, 33, 23
21, 33, 24
21, 33, 25
21, 33, 26
21, 33, 27
21, 33, 28
21, 33, 29
21, 33, 30
21, 33, 31
21, 33, 32
21, 33, 33
22, 17, 17
22, 17, 18
22, 17, 19
22, 17, 20
22, 17, 21
22, 17, 22
22, 17, 23
22, 17, 24
22, 17, 25
22, 17, 26
22, 17, 27
22, 17, 28
22, 17, 29
22, 17, 30
22, 17, 31
22, 17, 32
22, 17, 33
22, 18, 17
22, 18, 18
22, 18, 19
22, 18, 20
22, 18, 21
22, 18, 22
22, 18, 23
22, 18, 24
22, 18, 25
22, 18, 26
22, 18, 27
22, 18, 28
22, 18, 29
22, 18, 30
22, 18, 31
22, 18, 32
22, 18, 33
22, 19, 17
22, 19, 18
22, 19, 19
22, 19, 20
22, 19, 21
22, 19, 22
22, 19, 23
22, 19, 24
22, 19, 25
22, 19, 26
22, 19, 27
22, 19, 28
22, 19, 29
22, 19, 30
22, 19, 31
22, 19, 32
22, 19, 33
22, 20, 17
22, 20, 18
22, 20, 19
22, 20, 20
22, 20, 21
22, 20, 22
22, 20, 23
22, 20, 24
22, 20, 25
22, 20, 26
22, 20, 27
22, 20, 28
22, 20, 29
22, 20, 30
22, 20, 31
22, 20, 32
22, 20, 33
22, 21, 17
22, 21, 18
22, 21, 19
22, 21, 20
22, 21, 21
22, 21, 22
22, 21, 23
22, 21, 24
22, 21, 25
22, 21, 26
22, 21, 27
22, 21, 28
22, 21, 29
22, 21, 30
22, 21, 31
22, 21, 32
22, 21, 33
22, 22, 17
22, 22, 18
22, 22, 19
22, 22, 20
22, 22, 21
22, 22, 22
22, 22, 23
22, 22, 24
22, 22, 25
22, 22, 26
22, 22, 27
22, 22, 28
22, 22, 29
22, 22, 30
22, 22, 31
22, 22, 32
22, 22, 33
22, 23, 17
22, 23, 18
22, 23, 19
22, 23, 20
22, 23, 21
22, 23, 22
22, 23, 23
22, 23, 24
22, 23, 25
22, 23, 26
22, 23, 27
22, 23, 28
22, 23, 29
22, 23, 30
22, 23, 31
22, 23, 32
22, 23, 33
22, 24, 17
22, 24, 18
22, 24, 19
22, 24, 20
22, 24, 21
22, 24, 22
22, 24, 23
22, 24, 24
22, 24, 25
22, 24, 26
22, 24, 27
22, 24, 28
22, 24, 29
22, 24, 30
22, 24, 31
22, 24, 32
22, 24, 33
22, 25, 17
22, 25, 18
22, 25, 19
22, 25, 20
22, 25, 21
22, 25, 22
22, 25, 23
22, 25, 24
22, 25, 25
22, 25, 26
22, 25, 27
22, 25, 28
22, 25, 29
22, 25, 30
22, 25, 31
22, 25, 32
22, 25, 33
22, 26, 15
22, 26, 16
22, 26, 17
22, 26, 18
22, 26, 19
22, 26, 20
22, 26, 21
22, 26, 22
22, 26, 23
22, 26, 24
22, 26, 25
22, 26, 26
22, 26, 27
22, 26, 28
22, 26, 29
22, 26, 30
22, 26, 31
22, 26, 32
22, 26, 33
22, 27, 15
22, 27, 16
22, 27, 17
22, 27, 18
22, 27, 19
22, 27, 20
22, 27, 21
22, 27, 22
22, 27, 23
22, 27, 24
22, 27, 25
22, 27, 26
22, 27, 27
22, 27, 28
22, 27, 29
22, 27, 30
22, 27, 31
22, 27, 32
22, 27, 33
22, 28, 15
22, 28, 16
22, 28, 17
22, 28, 18
22, 28, 19
22, 28, 20
22, 28, 21
22, 28, 22
22, 28, 23
22, 28, 24
22, 28, 25
22, 28, 26
22, 28, 27
22, 28, 28
22, 28, 29
22, 28, 30
22, 28, 31
22, 28, 32
22, 28, 33
22, 29, 17
22, 29, 18
22, 29, 19
22, 29, 20
22, 29, 21
22, 29, 22
22, 29, 23
22, 29, 24
22, 29, 25
22, 29, 26
22, 29, 27
22, 29, 28
22, 29, 29
22, 29, 30
22, 29, 31
22, 29, 32
22, 29, 33
22, 30, 17
22, 30, 18
22, 30, 19
22, 30, 20
22, 30, 21
22, 30, 22
22, 30, 23
22, 30, 24
22, 30, 25
22, 30, 26
22, 30, 27
22, 30, 28
22, 30, 29
22, 30, 30
22, 30, 31
22, 30, 32
22, 30, 33
22, 31, 17
22, 31, 18
22, 31, 19
22, 31, 20
22, 31, 21
22, 31, 22
22, 31, 23
22, 31, 24
22, 31, 25
22, 31, 26
22, 31, 27
22, 31, 28
22, 31, 29
22, 31, 30
22, 31, 31
22, 31, 32
22, 31, 33
22, 32, 17
22, 32, 18
22, 32, 19
22, 32, 20
22, 32, 21
22, 32, 22
22, 32, 23
22, 32, 24
22, 32, 25
22, 32, 26
22, 32, 27
22, 32, 28
22, 32, 29
22, 32, 30
22, 32, 31
22, 32, 32
22, 32, 33
22, 33, 17
22, 33, 18
22, 33, 19
22, 33, 20
22, 33, 21
22, 33, 22
22, 33, 23
22, 33, 24
22, 33, 25
22, 33, 26
22, 33, 27
22, 33, 28
22, 33, 29
22, 33, 30
22, 33, 31
22, 33, 32
22, 33, 33
23, 17, 17
23, 17, 18
23, 17, 19
23, 17, 20
23, 17, 21
23, 17, 22
23, 17, 23
23, 17, 24
23, 17, 25
23, 17, 26
23, 17, 27
23, 17, 28
23, 17, 29
23, 17, 30
23, 17, 31
23, 17, 32
23, 17, 33
23, 18, 17
23, 18, 18
23, 18, 19
23, 18, 20
23, 18, 21
23, 18, 22
23, 18, 23
23, 18, 24
23, 18, 25
23, 18, 26
23, 18, 27
23, 18, 28
23, 18, 29
23, 18, 30
23, 18, 31
23, 18, 32
23, 18, 33
23, 19, 17
23, 19, 18
23, 19, 19
23, 19, 20
23, 19, 21
23, 19, 22
23, 19, 23
23, 19, 24
23, 19, 25
23, 19, 26
23, 19, 27
23, 19, 28
23, 19, 29
23, 19, 30
23, 19, 31
23, 19, 32
23, 19, 33
23, 20, 17
23, 20, 18
23, 20, 19
23, 20, 20
23, 20, 21
23, 20, 22
23, 20, 23
23, 20, 24
23, 20, 25
23, 20, 26
23, 20, 27
23, 20, 28
23, 20, 29
23, 20, 30
23, 20, 31
23, 20, 32
23, 20, 33
23, 21, 17
23, 21, 18
23, 21, 19
23, 21, 20
23, 21, 21
23, 21, 22
23, 21, 23
23, 21, 24
23, 21, 25
23, 21, 26
23, 21, 27
23, 21, 28
23, 21, 29
23, 21, 30
23, 21, 31
23, 21, 32
23, 21, 33
23, 22, 17
23, 22, 18
23, 22, 19
23, 22, 20
23, 22, 21
23, 22, 22
23, 22, 23
23, 22, 24
23, 22, 25
23, 22, 26
23, 22, 27
23, 22, 28
23, 22, 29
23, 22, 30
23, 22, 31
23, 22, 32
23, 22, 33
23, 23, 17
23, 23, 18
23, 23, 19
23, 23, 20
23, 23, 21
23, 23, 22
23, 23, 23
23, 23, 24
23, 23, 25
23, 23, 26
23, 23, 27
23, 23, 28
23, 23, 29
23, 23, 30
23, 23, 31
23, 23, 32
23, 23, 33
23, 24, 17
23, 24, 18
23, 24, 19
23, 24, 20
23, 24, 21
23, 24, 22
23, 24, 23
23, 24, 24
23, 24, 25
23, 24, 26
23, 24, 27
23, 24, 28
23, 24, 29
23, 24, 30
23, 24, 31
23, 24, 32
23, 24, 33
23, 25, 17
23, 25, 18
23, 25, 19
23, 25, 20
23, 25, 21
23, 25, 22
23, 25, 23
23, 25, 24
23, 25, 25
23, 25, 26
23, 25, 27
23, 25, 28
23, 25, 29
23, 25, 30
23, 25, 31
23, 25, 32
23, 25, 33
23, 26, 15
23, 26, 16
23, 26, 17
23, 26, 18
23, 26, 19
23, 26, 20
23, 26, 21
23, 26, 22
23, 26, 23
23, 26, 24
23, 26, 25
23, 26, 26
23, 26, 27
23, 26, 28
23, 26, 29
23, 26, 30
23, 26, 31
23, 26, 32
23, 26, 33
23, 27, 15
23, 27, 16
23, 27, 17
23, 27, 18
23, 27, 19
23, 27, 20
23, 27, 21
23, 27, 22
23, 27, 23
23, 27, 24
23, 27, 25
23, 27, 26
23, 27, 27
23, 27, 28
23, 27, 29
23, 27, 30
23, 27, 31
23, 27, 32
23, 27, 33
23, 28, 15
23, 28, 16
23, 28, 17
23, 28, 18
23, 28, 19
23, 28, 20
23, 28, 21
23, 28, 22
23, 28, 23
23, 28, 24
23, 28, 25
23, 28, 26
23, 28, 27
23, 28, 28
23, 28, 29
23, 28, 30
23, 28, 31
23, 28, 32
23, 28, 33
23, 29, 17
23, 29, 18
23, 29, 19
23, 29, 20
23, 29, 21
23, 29, 22
23, 29, 23
23, 29, 24
23, 29, 25
23, 29, 26
23, 29, 27
23, 29, 28
23, 29, 29
23, 29, 30
23, 29, 31
23, 29, 32
23, 29, 33
23, 30, 17
23, 30, 18
23, 30, 19
23, 30, 20
23, 30, 21
23, 30, 22
23, 30, 23
23, 30, 24
23, 30, 25
23, 30, 26
23, 30, 27
23, 30, 28
23, 30, 29
23, 30, 30
23, 30, 31
23, 30, 32
23, 30, 33
23, 31, 17
23, 31, 18
23, 31, 19
23, 31, 20
23, 31, 21
23, 31, 22
23, 31, 23
23, 31, 24
23, 31, 25
23, 31, 26
23, 31, 27
23, 31, 28
23, 31, 29
23, 31, 30
23, 31, 31
23, 31, 32
23, 31, 33
23, 32, 17
23, 32, 18
23, 32, 19
23, 32, 20
23, 32, 21
23, 32, 22
23, 32, 23
23, 32, 24
23, 32, 25
23, 32, 26
23, 32, 27
23, 32, 28
23, 32, 29
23, 32, 30
23, 32, 31
23, 32, 32
23, 32, 33
23, 33, 17
23, 33, 18
23, 33, 19
23, 33, 20
23, 33, 21
23, 33, 22
23, 33, 23
23, 33, 24
23, 33, 25
23, 33, 26
23, 33, 27
23, 33, 28
23, 33, 29
23, 33, 30
23, 33, 31
23, 33, 32
23, 33, 33
24, 17, 17
24, 17, 18
24, 17, 19
24, 17, 20
24, 17, 21
24, 17, 22
24, 17, 23
24, 17, 24
24, 17, 25
24, 17, 26
24, 17, 27
24, 17, 28
24, 17, 29
24, 17, 30
24, 17, 31
24, 17, 32
24, 17, 33
24, 18, 17
24, 18, 18
24, 18, 19
24, 18, 20
24, 18, 21
24, 18, 22
24, 18, 23
24, 18, 24
24, 18, 25
24, 18, 26
24, 18, 27
24, 18, 28
24, 18, 29
24, 18, 30
24, 18, 31
24, 18, 32
24, 18, 33
24, 19, 17
24, 19, 18
24, 19, 19
24, 19, 20
24, 19, 21
24, 19, 22
24, 19, 23
24, 19, 24
24, 19, 25
24, 19, 26
24, 19, 27
24, 19, 28
24, 19, 29
24, 19, 30
24, 19, 31
24, 19, 32
24, 19, 33
24, 20, 17
24, 20, 18
24, 20, 19
24, 20, 20
24, 20, 21
24, 20, 22
24, 20, 23
24, 20, 24
24, 20, 25
24, 20, 26
24, 20, 27
24, 20, 28
24, 20, 29
24, 20, 30
24, 20, 31
24, 20, 32
24, 20, 33
24, 21, 17
24, 21, 18
24, 21, 19
24, 21, 20
24, 21, 21
24, 21, 22
24, 21, 23
24, 21, 24
24, 21, 25
24, 21, 26
24, 21, 27
24, 21, 28
24, 21, 29
24, 21, 30
24, 21, 31
24, 21, 32
24, 21, 33
24, 22, 17
24, 22, 18
24, 22, 19
24, 22, 20
24, 22, 21
24, 22, 22
24, 22, 23
24, 22, 24
24, 22, 25
24, 22, 26
24, 22, 27
24, 22, 28
24, 22, 29
24, 22, 30
24, 22, 31
24, 22, 32
24, 22, 33
24, 23, 17
24, 23, 18
24, 23, 19
24, 23, 20
24, 23, 21
24, 23, 22
24, 23, 23
24, 23, 24
24, 23, 25
24, 23, 26
24, 23, 27
24, 23, 28
24, 23, 29
24, 23, 30
24, 23, 31
24, 23, 32
24, 23, 33
24, 24, 17
24, 24, 18
24, 24, 19
24, 24, 20
24, 24, 21
24, 24, 22
24, 24, 23
24, 24, 24
24, 24, 25
24, 24, 26
24, 24, 27
24, 24, 28
24, 24, 29
24, 24, 30
24, 24, 31
24, 24, 32
24, 24, 33
24, 24, 34
24, 24, 35
24, 24, 36
24, 24, 37
24, 25, 17
24, 25, 18
24, 25, 19
24, 25, 20
24, 25, 21
24, 25, 22
24, 25, 23
24, 25, 24
24, 25, 25
24, 25, 26
24, 25, 27
24, 25, 28
24, 25, 29
24, 25, 30
24, 25, 31
24, 25, 32
24, 25, 33
24, 25, 34
24, 25, 35
24, 25, 36
24, 25, 37
24, 26, 15
24, 26, 16
24, 26, 17
24, 26, 18
24, 26, 19
24, 26, 20
24, 26, 21
24, 26, 22
24, 26, 23
24, 26, 24
24, 26, 25
24, 26, 26
24, 26, 27
24, 26, 28
24, 26, 29
24, 26, 30
24, 26, 31
24, 26, 32
24, 26, 33
24, 26, 34
24, 26, 35
24, 26, 36
24, 26, 37
24, 27, 15
24, 27, 16
24, 27, 17
24, 27, 18
24, 27, 19
24, 27, 20
24, 27, 21
24, 27, 22
24, 27, 23
24, 27, 24
24, 27, 25
24, 27, 26
24, 27, 27
24, 27, 28
24, 27, 29
24, 27, 30
24, 27, 31
24, 27, 32
24, 27, 33
24, 28, 15
24, 28, 16
24, 28, 17
24, 28, 18
24, 28, 19
24, 28, 20
24, 28, 21
24, 28, 22
24, 28, 23
24, 28, 24
24, 28, 25
24, 28, 26
24, 28, 27
24, 28, 28
24, 28, 29
24, 28, 30
24, 28, 31
24, 28, 32
24, 28, 33
24, 29, 17
24, 29, 18
24, 29, 19
24, 29, 20
24, 29, 21
24, 29, 22
24, 29, 23
24, 29, 24
24, 29, 25
24, 29, 26
24, 29, 27
24, 29, 28
24, 29, 29
24, 29, 30
24, 29, 31
24, 29, 32
24, 29, 33
24, 30, 17
24, 30, 18
24, 30, 19
24, 30, 20
24, 30, 21
24, 30, 22
24, 30, 23
24, 30, 24
24, 30, 25
24, 30, 26
24, 30, 27
24, 30, 28
24, 30, 29
24, 30, 30
24, 30, 31
24, 30, 32
24, 30, 33
24, 31, 17
24, 31, 18
24, 31, 19
24, 31, 20
24, 31, 21
24, 31, 22
24, 31, 23
24, 31, 24
24, 31, 25
24, 31, 26
24, 31, 27
24, 31, 28
24, 31, 29
24, 31, 30
24, 31, 31
24, 31, 32
24, 31, 33
24, 32, 17
24, 32, 18
24, 32, 19
24, 32, 20
24, 32, 21
24, 32, 22
24, 32, 23
24, 32, 24
24, 32, 25
24, 32, 26
24, 32, 27
24, 32, 28
24, 32, 29
24, 32, 30
24, 32, 31
24, 32, 32
24, 32, 33
24, 33, 17
24, 33, 18
24, 33, 19
24, 33, 20
24, 33, 21
24, 33, 22
24, 33, 23
24, 33, 24
24, 33, 25
24, 33, 26
24, 33, 27
24, 33, 28
24, 33, 29
24, 33, 30
24, 33, 31
24, 33, 32
24, 33, 33
25, 17, 17
25, 17, 18
25, 17, 19
25, 17, 20
25, 17, 21
25, 17, 22
25, 17, 23
25, 17, 24
25, 17, 25
25, 17, 26
25, 17, 27
25, 17, 28
25, 17, 29
25, 17, 30
25, 17, 31
25, 17, 32
25, 17, 33
25, 18, 17
25, 18, 18
25, 18, 19
25, 18, 20
25, 18, 21
25, 18, 22
25, 18, 23
25, 18, 24
25, 18, 25
25, 18, 26
25, 18, 27
25, 18, 28
25, 18, 29
25, 18, 30
25, 18, 31
25, 18, 32
25, 18, 33
25, 19, 17
25, 19, 18
25, 19, 19
25, 19, 20
25, 19, 21
25, 19, 22
25, 19, 23
25, 19, 24
25, 19, 25
25, 19, 26
25, 19, 27
25, 19, 28
25, 19, 29
25, 19, 30
25, 19, 31
25, 19, 32
25, 19, 33
25, 20, 17
25, 20, 18
25, 20, 19
25, 20, 20
25, 20, 21
25, 20, 22
25, 20, 23
25, 20, 24
25, 20, 25
25, 20, 26
25, 20, 27
25, 20, 28
25, 20, 29
25, 20, 30
25, 20, 31
25, 20, 32
25, 20, 33
25, 21, 17
25, 21, 18
25, 21, 19
25, 21, 20
25, 21, 21
25, 21, 22
25, 21, 23
25, 21, 24
25, 21, 25
25, 21, 26
25, 21, 27
25, 21, 28
25, 21, 29
25, 21, 30
25, 21, 31
25, 21, 32
25, 21, 33
25, 22, 17
25, 22, 18
25, 22, 19
25, 22, 20
25, 22, 21
25, 22, 22
25, 22, 23
25, 22, 24
25, 22, 25
25, 22, 26
25, 22, 27
25, 22, 28
25, 22, 29
25, 22, 30
25, 22, 31
25, 22, 32
25, 22, 33
25, 23, 17
25, 23, 18
25, 23, 19
25, 23, 20
25, 23, 21
25, 23, 22
25, 23, 23
25, 23, 24
25, 23, 25
25, 23, 26
25, 23, 27
25, 23, 28
25, 23, 29
25, 23, 30
25, 23, 31
25, 23, 32
25, 23, 33
25, 24, 17
25, 24, 18
25, 24, 19
25, 24, 20
25, 24, 21
25, 24, 22
25, 24, 23
25, 24, 24
25, 24, 25
25, 24, 26
25, 24, 27
25, 24, 28
25, 24, 29
25, 24, 30
25, 24, 31
25, 24, 32
25, 24, 33
25, 24, 34
25, 24, 35
25, 24, 36
25, 24, 37
25, 25, 17
25, 25, 18
25, 25, 19
25, 25, 20
25, 25, 21
25, 25, 22
25, 25, 23
25, 25, 24
25, 25, 25
25, 25, 26
25, 25, 27
25, 25, 28
25, 25, 29
25, 25, 30
25, 25, 31
25, 25, 32
25, 25, 33
25, 25, 34
25, 25, 35
25, 25, 36
25, 25, 37
25, 26, 15
25, 26, 16
25, 26, 17
25, 26, 18
25, 26, 19
25, 26, 20
25, 26, 21
25, 26, 22
25, 26, 23
25, 26, 24
25, 26, 25
25, 26, 26
25, 26, 27
25, 26, 28
25, 26, 29
25, 26, 30
25, 26, 31
25, 26, 32
25, 26, 33
25, 26, 34
25, 26, 35
25, 26, 36
25, 26, 37
25, 27, 15
25, 27, 16
25, 27, 17
25, 27, 18
25, 27, 19
25, 27, 20
25, 27, 21
25, 27, 22
25, 27, 23
25, 27, 24
25, 27, 25
25, 27, 26
25, 27, 27
25, 27, 28
25, 27, 29
25, 27, 30
25, 27, 31
25, 27, 32
25, 27, 33
25, 28, 15
25, 28, 16
25, 28, 17
25, 28, 18
25, 28, 19
25, 28, 20
25, 28, 21
25, 28, 22
25, 28, 23
25, 28, 24
25, 28, 25
25, 28, 26
25, 28, 27
25, 28, 28
25, 28, 29
25, 28, 30
25, 28, 31
25, 28, 32
25, 28, 33
25, 29, 17
25, 29, 18
25, 29, 19
25, 29, 20
25, 29, 21
25, 29, 22
25, 29, 23
25, 29, 24
25, 29, 25
25, 29, 26
25, 29, 27
25, 29, 28
25, 29, 29
25, 29, 30
25, 29, 31
25, 29, 32
25, 29, 33
25, 30, 17
25, 30, 18
25, 30, 19
25, 30, 20
25, 30, 21
25, 30, 22
25, 30, 23
25, 30, 24
25, 30, 25
25, 30, 26
25, 30, 27
25, 30, 28
25, 30, 29
25, 30, 30
25, 30, 31
25, 30, 32
25, 30, 33
25, 31, 17
25, 31, 18
25, 31, 19
25, 31, 20
25, 31, 21
25, 31, 22
25, 31, 23
25, 31, 24
25, 31, 25
25, 31, 26
25, 31, 27
25, 31, 28
25, 31, 29
25, 31, 30
25, 31, 31
25, 31, 32
25, 31, 33
25, 32, 17
25, 32, 18
25, 32, 19
25, 32, 20
25, 32, 21
25, 32, 22
25, 32, 23
25, 32, 24
25, 32, 25
25, 32, 26
25, 32, 27
25, 32, 28
25, 32, 29
25, 32, 30
25, 32, 31
25, 32, 32
25, 32, 33
25, 33, 17
25, 33, 18
25, 33, 19
25, 33, 20
25, 33, 21
25, 33, 22
25, 33, 23
25, 33, 24
25, 33, 25
25, 33, 26
25, 33, 27
25, 33, 28
25, 33, 29
25, 33, 30
25, 33, 31
25, 33, 32
25, 33, 33
26, 13, 18
26, 14, 18
26, 15, 18
26, 16, 18
26, 17, 17
26, 17, 18
26, 17, 19
26, 17, 20
26, 17, 21
26, 17, 22
26, 17, 23
26, 17, 24
26, 17, 25
26, 17, 26
26, 17, 27
26, 17, 28
26, 17, 29
26, 17, 30
26, 17, 31
26, 17, 32
26, 17, 33
26, 18, 17
26, 18, 18
26, 18, 19
26, 18, 20
26, 18, 21
26, 18, 22
26, 18, 23
26, 18, 24
26, 18, 25
26, 18, 26
26, 18, 27
26, 18, 28
26, 18, 29
26, 18, 30
26, 18, 31
26, 18, 32
26, 18, 33
26, 19, 17
26, 19, 18
26, 19, 19
26, 19, 20
26, 19, 21
26, 19, 22
26, 19, 23
26, 19, 24
26, 19, 25
26, 19, 26
26, 19, 27
26, 19, 28
26, 19, 29
26, 19, 30
26, 19, 31
26, 19, 32
26, 19, 33
26, 20, 17
26, 20, 18
26, 20, 19
26, 20, 20
26, 20, 21
26, 20, 22
26, 20, 23
26, 20, 24
26, 20, 25
26, 20, 26
26, 20, 27
26, 20, 28
26, 20, 29
26, 20, 30
26, 20, 31
26, 20, 32
26, 20, 33
26, 21, 17
26, 21, 18
26, 21, 19
26, 21, 20
26, 21, 21
26, 21, 22
26, 21, 23
26, 21, 24
26, 21, 25
26, 21, 26
26, 21, 27
26, 21, 28
26, 21, 29
26, 21, 30
26, 21, 31
26, 21, 32
26, 21, 33
26, 22, 17
26, 22, 18
26, 22, 19
26, 22, 20
26, 22, 21
26, 22, 22
26, 22, 23
26, 22, 24
26, 22, 25
26, 22, 26
26, 22, 27
26, 22, 28
26, 22, 29
26, 22, 30
26, 22, 31
26, 22, 32
26, 22, 33
26, 23, 17
26, 23, 18
26, 23, 19
26, 23, 20
26, 23, 21
26, 23, 22
26, 23, 23
26, 23, 24
26, 23, 25
26, 23, 26
26, 23, 27
26, 23, 28
26, 23, 29
26, 23, 30
26, 23, 31
26, 23, 32
26, 23, 33
26, 24, 17
26, 24, 18
26, 24, 19
26, 24, 20
26, 24, 21
26, 24, 22
26, 24, 23
26, 24, 24
26, 24, 25
26, 24, 26
26, 24, 27
26, 24, 28
26, 24, 29
26, 24, 30
26, 24, 31
26, 24, 32
26, 24, 33
26, 24, 34
26, 24, 35
26, 24, 36
26, 24, 37
26, 25, 17
26, 25, 18
26, 25, 19
26, 25, 20
26, 25, 21
26, 25, 22
26, 25, 23
26, 25, 24
26, 25, 25
26, 25, 26
26, 25, 27
26, 25, 28
26, 25, 29
26, 25, 30
26, 25, 31
26, 25, 32
26, 25, 33
26, 25, 34
26, 25, 35
26, 25, 36
26, 25, 37
26, 26, 15
26, 26, 16
26, 26, 17
26, 26, 18
26, 26, 19
26, 26, 20
26, 26, 21
26, 26, 22
26, 26, 23
26, 26, 24
26, 26, 25
26, 26, 26
26, 26, 27
26, 26, 28
26, 26, 29
26, 26, 30
26, 26, 31
26, 26, 32
26, 26, 33
26, 26, 34
26, 26, 35
26, 26, 36
26, 26, 37
26, 27, 15
26, 27, 16
26, 27, 17
26, 27, 18
26, 27, 19
26, 27, 20
26, 27, 21
26, 27, 22
26, 27, 23
26, 27, 24
26, 27, 25
26, 27, 26
26, 27, 27
26, 27, 28
26, 27, 29
26, 27, 30
26, 27, 31
26, 27, 32
26, 27, 33
26, 28, 15
26, 28, 16
26, 28, 17
26, 28, 18
26, 28, 19
26, 28, 20
26, 28, 21
26, 28, 22
26, 28, 23
26, 28, 24
26, 28, 25
26, 28, 26
26, 28, 27
26, 28, 28
26, 28, 29
26, 28, 30
26, 28, 31
26, 28, 32
26, 28, 33
26, 29, 17
26, 29, 18
26, 29, 19
26, 29, 20
26, 29, 21
26, 29, 22
26, 29, 23
26, 29, 24
26, 29, 25
26, 29, 26
26, 29, 27
26, 29, 28
26, 29, 29
26, 29, 30
26, 29, 31
26, 29, 32
26, 29, 33
26, 30, 17
26, 30, 18
26, 30, 19
26, 30, 20
26, 30, 21
26, 30, 22
26, 30, 23
26, 30, 24
26, 30, 25
26, 30, 26
26, 30, 27
26, 30, 28
26, 30, 29
26, 30, 30
26, 30, 31
26, 30, 32
26, 30, 33
26, 31, 17
26, 31, 18
26, 31, 19
26, 31, 20
26, 31, 21
26, 31, 22
26, 31, 23
26, 31, 24
26, 31, 25
26, 31, 26
26, 31, 27
26, 31, 28
26, 31, 29
26, 31, 30
26, 31, 31
26, 31, 32
26, 31, 33
26, 32, 17
26, 32, 18
26, 32, 19
26, 32, 20
26, 32, 21
26, 32, 22
26, 32, 23
26, 32, 24
26, 32, 25
26, 32, 26
26, 32, 27
26, 32, 28
26, 32, 29
26, 32, 30
26, 32, 31
26, 32, 32
26, 32, 33
26, 33, 17
26, 33, 18
26, 33, 19
26, 33, 20
26, 33, 21
26, 33, 22
26, 33, 23
26, 33, 24
26, 33, 25
26, 33, 26
26, 33, 27
26, 33, 28
26, 33, 29
26, 33, 30
26, 33, 31
26, 33, 32
26, 33, 33
27, 13, 18
27, 14, 18
27, 15, 18
27, 16, 18
27, 17, 17
27, 17, 18
27, 17, 19
27, 17, 20
27, 17, 21
27, 17, 22
27, 17, 23
27, 17, 24
27, 17, 25
27, 17, 26
27, 17, 27
27, 17, 28
27, 17, 29
27, 17, 30
27, 17, 31
27, 17, 32
27, 17, 33
27, 18, 17
27, 18, 18
27, 18, 19
27, 18, 20
27, 18, 21
27, 18, 22
27, 18, 23
27, 18, 24
27, 18, 25
27, 18, 26
27, 18, 27
27, 18, 28
27, 18, 29
27, 18, 30
27, 18, 31
27, 18, 32
27, 18, 33
27, 19, 17
27, 19, 18
27, 19, 19
27, 19, 20
27, 19, 21
27, 19, 22
27, 19, 23
27, 19, 24
27, 19, 25
27, 19, 26
27, 19, 27
27, 19, 28
27, 19, 29
27, 19, 30
27, 19, 31
27, 19, 32
27, 19, 33
27, 20, 17
27, 20, 18
27, 20, 19
27, 20, 20
27, 20, 21
27, 20, 22
27, 20, 23
27, 20, 24
27, 20, 25
27, 20, 26
27, 20, 27
27, 20, 28
27, 20, 29
27, 20, 30
27, 20, 31
27, 20, 32
27, 20, 33
27, 21, 17
27, 21, 18
27, 21, 19
27, 21, 20
27, 21, 21
27, 21, 22
27, 21, 23
27, 21, 24
27, 21, 25
27, 21, 26
27, 21, 27
27, 21, 28
27, 21, 29
27, 21, 30
27, 21, 31
27, 21, 32
27, 21, 33
27, 22, 17
27, 22, 18
27, 22, 19
27, 22, 20
27, 22, 21
27, 22, 22
27, 22, 23
27, 22, 24
27, 22, 25
27, 22, 26
27, 22, 27
27, 22, 28
27, 22, 29
27, 22, 30
27, 22, 31
27, 22, 32
27, 22, 33
27, 23, 17
27, 23, 18
27, 23, 19
27, 23, 20
27, 23, 21
27, 23, 22
27, 23, 23
27, 23, 24
27, 23, 25
27, 23, 26
27, 23, 27
27, 23, 28
27, 23, 29
27, 23, 30
27, 23, 31
27, 23, 32
27, 23, 33
27, 24, 17
27, 24, 18
27, 24, 19
27, 24, 20
27, 24, 21
27, 24, 22
27, 24, 23
27, 24, 24
27, 24, 25
27, 24, 26
27, 24, 27
27, 24, 28
27, 24, 29
27, 24, 30
27, 24, 31
27, 24, 32
27, 24, 33
27, 25, 17
27, 25, 18
27, 25, 19
27, 25, 20
27, 25, 21
27, 25, 22
27, 25, 23
27, 25, 24
27, 25, 25
27, 25, 26
27, 25, 27
27, 25, 28
27, 25, 29
27, 25, 30
27, 25, 31
27, 25, 32
27, 25, 33
27, 26, 15
27, 26, 16
27, 26, 17
27, 26, 18
27, 26, 19
27, 26, 20
27, 26, 21
27, 26, 22
27, 26, 23
27, 26, 24
27, 26, 25
27, 26, 26
27, 26, 27
27, 26, 28
27, 26, 29
27, 26, 30
27, 26, 31
27, 26, 32
27, 26, 33
27, 27, 15
27, 27, 16
27, 27, 17
27, 27, 18
27, 27, 19
27, 27, 20
27, 27, 21
27, 27, 22
27, 27, 23
27, 27, 24
27, 27, 25
27, 27, 26
27, 27, 27
27, 27, 28
27, 27, 29
27, 27, 30
27, 27, 31
27, 27, 32
27, 27, 33
27, 28, 15
27, 28, 16
27, 28, 17
27, 28, 18
27, 28, 19
27, 28, 20
27, 28, 21
27, 28, 22
27, 28, 23
27, 28, 24
27, 28, 25
27, 28, 26
27, 28, 27
27, 28, 28
27, 28, 29
27, 28, 30
27, 28, 31
27, 28, 32
27, 28, 33
27, 29, 17
27, 29, 18
27, 29, 19
27, 29, 20
27, 29, 21
27, 29, 22
27, 29, 23
27, 29, 24
27, 29, 25
27, 29, 26
27, 29, 27
27, 29, 28
27, 29, 29
27, 29, 30
27, 29, 31
27, 29, 32
27, 29, 33
27, 30, 17
27, 30, 18
27, 30, 19
27, 30, 20
27, 30, 21
27, 30, 22
27, 30, 23
27, 30, 24
27, 30, 25
27, 30, 26
27, 30, 27
27, 30, 28
27, 30, 29
27, 30, 30
27, 30, 31
27, 30, 32
27, 30, 33
27, 31, 17
27, 31, 18
27, 31, 19
27, 31, 20
27, 31, 21
27, 31, 22
27, 31, 23
27, 31, 24
27, 31, 25
27, 31, 26
27, 31, 27
27, 31, 28
27, 31, 29
27, 31, 30
27, 31, 31
27, 31, 32
27, 31, 33
27, 32, 17
27, 32, 18
27, 32, 19
27, 32, 20
27, 32, 21
27, 32, 22
27, 32, 23
27, 32, 24
27, 32, 25
27, 32, 26
27, 32, 27
27, 32, 28
27, 32, 29
27, 32, 30
27, 32, 31
27, 32, 32
27, 32, 33
27, 33, 17
27, 33, 18
27, 33, 19
27, 33, 20
27, 33, 21
27, 33, 22
27, 33, 23
27, 33, 24
27, 33, 25
27, 33, 26
27, 33, 27
27, 33, 28
27, 33, 29
27, 33, 30
27, 33, 31
27, 33, 32
27, 33, 33
28, 13, 18
28, 14, 18
28, 15, 18
28, 16, 18
28, 17, 17
28, 17, 18
28, 17, 19
28, 17, 20
28, 17, 21
28, 17, 22
28, 17, 23
28, 17, 24
28, 17, 25
28, 17, 26
28, 17, 27
28, 17, 28
28, 17, 29
28, 17, 30
28, 17, 31
28, 17, 32
28, 17, 33
28, 18, 17
28, 18, 18
28, 18, 19
28, 18, 20
28, 18, 21
28, 18, 22
28, 18, 23
28, 18, 24
28, 18, 25
28, 18, 26
28, 18, 27
28, 18, 28
28, 18, 29
28, 18, 30
28, 18, 31
28, 18, 32
28, 18, 33
28, 19, 17
28, 19, 18
28, 19, 19
28, 19, 20
28, 19, 21
28, 19, 22
28, 19, 23
28, 19, 24
28, 19, 25
28, 19, 26
28, 19, 27
28, 19, 28
28, 19, 29
28, 19, 30
28, 19, 31
28, 19, 32
28, 19, 33
28, 20, 17
28, 20, 18
28, 20, 19
28, 20, 20
28, 20, 21
28, 20, 22
28, 20, 23
28, 20, 24
28, 20, 25
28, 20, 26
28, 20, 27
28, 20, 28
28, 20, 29
28, 20, 30
28, 20, 31
28, 20, 32
28, 20, 33
28, 21, 17
28, 21, 18
28, 21, 19
28, 21, 20
28, 21, 21
28, 21, 22
28, 21, 23
28, 21, 24
28, 21, 25
28, 21, 26
28, 21, 27
28, 21, 28
28, 21, 29
28, 21, 30
28, 21, 31
28, 21, 32
28, 21, 33
28, 22, 17
28, 22, 18
28, 22, 19
28, 22, 20
28, 22, 21
28, 22, 22
28, 22, 23
28, 22, 24
28, 22, 25
28, 22, 26
28, 22, 27
28, 22, 28
28, 22, 29
28, 22, 30
28, 22, 31
28, 22, 32
28, 22, 33
28, 23, 17
28, 23, 18
28, 23, 19
28, 23, 20
28, 23, 21
28, 23, 22
28, 23, 23
28, 23, 24
28, 23, 25
28, 23, 26
28, 23, 27
28, 23, 28
28, 23, 29
28, 23, 30
28, 23, 31
28, 23, 32
28, 23, 33
28, 24, 17
28, 24, 18
28, 24, 19
28, 24, 20
28, 24, 21
28, 24, 22
28, 24, 23
28, 24, 24
28, 24, 25
28, 24, 26
28, 24, 27
28, 24, 28
28, 24, 29
28, 24, 30
28, 24, 31
28, 24, 32
28, 24, 33
28, 25, 17
28, 25, 18
28, 25, 19
28, 25, 20
28, 25, 21
28, 25, 22
28, 25, 23
28, 25, 24
28, 25, 25
28, 25, 26
28, 25, 27
28, 25, 28
28, 25, 29
28, 25, 30
28, 25, 31
28, 25, 32
28, 25, 33
28, 26, 15
28, 26, 16
28, 26, 17
28, 26, 18
28, 26, 19
28, 26, 20
28, 26, 21
28, 26, 22
28, 26, 23
28, 26, 24
28, 26, 25
28, 26, 26
28, 26, 27
28, 26, 28
28, 26, 29
28, 26, 30
28, 26, 31
28, 26, 32
28, 26, 33
28, 27, 15
28, 27, 16
28, 27, 17
28, 27, 18
28, 27, 19
28, 27, 20
28, 27, 21
28, 27, 22
28, 27, 23
28, 27, 24
28, 27, 25
28, 27, 26
28, 27, 27
28, 27, 28
28, 27, 29
28, 27, 30
28, 27, 31
28, 27, 32
28, 27, 33
28, 28, 15
28, 28, 16
28, 28, 17
28, 28, 18
28, 28, 19
28, 28, 20
28, 28, 21
28, 28, 22
28, 28, 23
28, 28, 24
28, 28, 25
28, 28, 26
28, 28, 27
28, 28, 28
28, 28, 29
28, 28, 30
28, 28, 31
28, 28, 32
28, 28, 33
28, 29, 17
28, 29, 18
28, 29, 19
28, 29, 20
28, 29, 21
28, 29, 22
28, 29, 23
28, 29, 24
28, 29, 25
28, 29, 26
28, 29, 27
28, 29, 28
28, 29, 29
28, 29, 30
28, 29, 31
28, 29, 32
28, 29, 33
28, 30, 17
28, 30, 18
28, 30, 19
28, 30, 20
28, 30, 21
28, 30, 22
28, 30, 23
28, 30, 24
28, 30, 25
28, 30, 26
28, 30, 27
28, 30, 28
28, 30, 29
28, 30, 30
28, 30, 31
28, 30, 32
28, 30, 33
28, 31, 17
28, 31, 18
28, 31, 19
28, 31, 20
28, 31, 21
28, 31, 22
28, 31, 23
28, 31, 24
28, 31, 25
28, 31, 26
28, 31, 27
28, 31, 28
28, 31, 29
28, 31, 30
28, 31, 31
28, 31, 32
28, 31, 33
28, 32, 17
28, 32, 18
28, 32, 19
28, 32, 20
28, 32, 21
28, 32, 22
28, 32, 23
28, 32, 24
28, 32, 25
28, 32, 26
28, 32, 27
28, 32, 28
28, 32, 29
28, 32, 30
28, 32, 31
28, 32, 32
28, 32, 33
28, 33, 17
28, 33, 18
28, 33, 19
28, 33, 20
28, 33, 21
28, 33, 22
28, 33, 23
28, 33, 24
28, 33, 25
28, 33, 26
28, 33, 27
28, 33, 28
28, 33, 29
28, 33, 30
28, 33, 31
28, 33, 32
28, 33, 33
29, 13, 18
29, 14, 18
29, 15, 18
29, 16, 18
29, 17, 17
29, 17, 18
29, 17, 19
29, 17, 20
29, 17, 21
29, 17, 22
29, 17, 23
29, 17, 24
29, 17, 25
29, 17, 26
29, 17, 27
29, 17, 28
29, 17, 29
29, 17, 30
29, 17, 31
29, 17, 32
29, 17, 33
29, 18, 17
29, 18, 18
29, 18, 19
29, 18, 20
29, 18, 21
29, 18, 22
29, 18, 23
29, 18, 24
29, 18, 25
29, 18, 26
29, 18, 27
29, 18, 28
29, 18, 29
29, 18, 30
29, 18, 31
29, 18, 32
29, 18, 33
29, 19, 17
29, 19, 18
29, 19, 19
29, 19, 20
29, 19, 21
29, 19, 22
29, 19, 23
29, 19, 24
29, 19, 25
29, 19, 26
29, 19, 27
29, 19, 28
29, 19, 29
29, 19, 30
29, 19, 31
29, 19, 32
29, 19, 33
29, 20, 17
29, 20, 18
29, 20, 19
29, 20, 20
29, 20, 21
29, 20, 22
29, 20, 23
29, 20, 24
29, 20, 25
29, 20, 26
29, 20, 27
29, 20, 28
29, 20, 29
29, 20, 30
29, 20, 31
29, 20, 32
29, 20, 33
29, 21, 17
29, 21, 18
29, 21, 19
29, 21, 20
29, 21, 21
29, 21, 22
29, 21, 23
29, 21, 24
29, 21, 25
29, 21, 26
29, 21, 27
29, 21, 28
29, 21, 29
29, 21, 30
29, 21, 31
29, 21, 32
29, 21, 33
29, 22, 17
29, 22, 18
29, 22, 19
29, 22, 20
29, 22, 21
29, 22, 22
29, 22, 23
29, 22, 24
29, 22, 25
29, 22, 26
29, 22, 27
29, 22, 28
29, 22, 29
29, 22, 30
29, 22, 31
29, 22, 32
29, 22, 33
29, 23, 17
29, 23, 18
29, 23, 19
29, 23, 20
29, 23, 21
29, 23, 22
29, 23, 23
29, 23, 24
29, 23, 25
29, 23, 26
29, 23, 27
29, 23, 28
29, 23, 29
29, 23, 30
29, 23, 31
29, 23, 32
29, 23, 33
29, 24, 17
29, 24, 18
29, 24, 19
29, 24, 20
29, 24, 21
29, 24, 22
29, 24, 23
29, 24, 24
29, 24, 25
29, 24, 26
29, 24, 27
29, 24, 28
29, 24, 29
29, 24, 30
29, 24, 31
29, 24, 32
29, 24, 33
29, 25, 17
29, 25, 18
29, 25, 19
29, 25, 20
29, 25, 21
29, 25, 22
29, 25, 23
29, 25, 24
29, 25, 25
29, 25, 26
29, 25, 27
29, 25, 28
29, 25, 29
29, 25, 30
29, 25, 31
29, 25, 32
29, 25, 33
29, 26, 15
29, 26, 16
29, 26, 17
29, 26, 18
29, 26, 19
29, 26, 20
29, 26, 21
29, 26, 22
29, 26, 23
29, 26, 24
29, 26, 25
29, 26, 26
29, 26, 27
29, 26, 28
29, 26, 29
29, 26, 30
29, 26, 31
29, 26, 32
29, 26, 33
29, 27, 15
29, 27, 16
29, 27, 17
29, 27, 18
29, 27, 19
29, 27, 20
29, 27, 21
29, 27, 22
29, 27, 23
29, 27, 24
29, 27, 25
29, 27, 26
29, 27, 27
29, 27, 28
29, 27, 29
29, 27, 30
29, 27, 31
29, 27, 32
29, 27, 33
29, 28, 15
29, 28, 16
29, 28, 17
29, 28, 18
29, 28, 19
29, 28, 20
29, 28, 21
29, 28, 22
29, 28, 23
29, 28, 24
29, 28, 25
29, 28, 26
29, 28, 27
29, 28, 28
29, 28, 29
29, 28, 30
29, 28, 31
29, 28, 32
29, 28, 33
29, 29, 17
29, 29, 18
29, 29, 19
29, 29, 20
29, 29, 21
29, 29, 22
29, 29, 23
29, 29, 24
29, 29, 25
29, 29, 26
29, 29, 27
29, 29, 28
29, 29, 29
29, 29, 30
29, 29, 31
29, 29, 32
29, 29, 33
29, 30, 17
29, 30, 18
29, 30, 19
29, 30, 20
29, 30, 21
29, 30, 22
29, 30, 23
29, 30, 24
29, 30, 25
29, 30, 26
29, 30, 27
29, 30, 28
29, 30, 29
29, 30, 30
29, 30, 31
29, 30, 32
29, 30, 33
29, 31, 17
29, 31, 18
29, 31, 19
29, 31, 20
29, 31, 21
29, 31, 22
29, 31, 23
29, 31, 24
29, 31, 25
29, 31, 26
29, 31, 27
29, 31, 28
29, 31, 29
29, 31, 30
29, 31, 31
29, 31, 32
29, 31, 33
29, 32, 17
29, 32, 18
29, 32, 19
29, 32, 20
29, 32, 21
29, 32, 22
29, 32, 23
29, 32, 24
29, 32, 25
29, 32, 26
29, 32, 27
29, 32, 28
29, 32, 29
29, 32, 30
29, 32, 31
29, 32, 32
29, 32, 33
29, 33, 17
29, 33, 18
29, 33, 19
29, 33, 20
29, 33, 21
29, 33, 22
29, 33, 23
29, 33, 24
29, 33, 25
29, 33, 26
29, 33, 27
29, 33, 28
29, 33, 29
29, 33, 30
29, 33, 31
29, 33, 32
29, 33, 33
30, 13, 18
30, 14, 18
30, 15, 18
30, 16, 18
30, 17, 17
30, 17, 18
30, 17, 19
30, 17, 20
30, 17, 21
30, 17, 22
30, 17, 23
30, 17, 24
30, 17, 25
30, 17, 26
30, 17, 27
30, 17, 28
30, 17, 29
30, 17, 30
30, 17, 31
30, 17, 32
30, 17, 33
30, 18, 17
30, 18, 18
30, 18, 19
30, 18, 20
30, 18, 21
30, 18, 22
30, 18, 23
30, 18, 24
30, 18, 25
30, 18, 26
30, 18, 27
30, 18, 28
30, 18, 29
30, 18, 30
30, 18, 31
30, 18, 32
30, 18, 33
30, 19, 17
30, 19, 18
30, 19, 19
30, 19, 20
30, 19, 21
30, 19, 22
30, 19, 23
30, 19, 24
30, 19, 25
30, 19, 26
30, 19, 27
30, 19, 28
30, 19, 29
30, 19, 30
30, 19, 31
30, 19, 32
30, 19, 33
30, 20, 17
30, 20, 18
30, 20, 19
30, 20, 20
30, 20, 21
30, 20, 22
30, 20, 23
30, 20, 24
30, 20, 25
30, 20, 26
30, 20, 27
30, 20, 28
30, 20, 29
30, 20, 30
30, 20, 31
30, 20, 32
30, 20, 33
30, 21, 17
30, 21, 18
30, 21, 19
30, 21, 20
30, 21, 21
30, 21, 22
30, 21, 23
30, 21, 24
30, 21, 25
30, 21, 26
30, 21, 27
30, 21, 28
30, 21, 29
30, 21, 30
30, 21, 31
30, 21, 32
30, 21, 33
30, 22, 17
30, 22, 18
30, 22, 19
30, 22, 20
30, 22, 21
30, 22, 22
30, 22, 23
30, 22, 24
30, 22, 25
30, 22, 26
30, 22, 27
30, 22, 28
30, 22, 29
30, 22, 30
30, 22, 31
30, 22, 32
30, 22, 33
30, 23, 17
30, 23, 18
30, 23, 19
30, 23, 20
30, 23, 21
30, 23, 22
30, 23, 23
30, 23, 24
30, 23, 25
30, 23, 26
30, 23, 27
30, 23, 28
30, 23, 29
30, 23, 30
30, 23, 31
30, 23, 32
30, 23, 33
30, 24, 17
30, 24, 18
30, 24, 19
30, 24, 20
30, 24, 21
30, 24, 22
30, 24, 23
30, 24, 24
30, 24, 25
30, 24, 26
30, 24, 27
30, 24, 28
30, 24, 29
30, 24, 30
30, 24, 31
30, 24, 32
30, 24, 33
30, 25, 17
30, 25, 18
30, 25, 19
30, 25, 20
30, 25, 21
30, 25, 22
30, 25, 23
30, 25, 24
30, 25, 25
30, 25, 26
30, 25, 27
30, 25, 28
30, 25, 29
30, 25, 30
30, 25, 31
30, 25, 32
30, 25, 33
30, 26, 15
30, 26, 16
30, 26, 17
30, 26, 18
30, 26, 19
30, 26, 20
30, 26, 21
30, 26, 22
30, 26, 23
30, 26, 24
30, 26, 25
30, 26, 26
30, 26, 27
30, 26, 28
30, 26, 29
30, 26, 30
30, 26, 31
30, 26, 32
30, 26, 33
30, 27, 15
30, 27, 16
30, 27, 17
30, 27, 18
30, 27, 19
30, 27, 20
30, 27, 21
30, 27, 22
30, 27, 23
30, 27, 24
30, 27, 25
30, 27, 26
30, 27, 27
30, 27, 28
30, 27, 29
30, 27, 30
30, 27, 31
30, 27, 32
30, 27, 33
30, 28, 15
30, 28, 16
30, 28, 17
30, 28, 18
30, 28, 19
30, 28, 20
30, 28, 21
30, 28, 22
30, 28, 23
30, 28, 24
30, 28, 25
30, 28, 26
30, 28, 27
30, 28, 28
30, 28, 29
30, 28, 30
30, 28, 31
30, 28, 32
30, 28, 33
30, 29, 17
30, 29, 18
30, 29, 19
30, 29, 20
30, 29, 21
30, 29, 22
30, 29, 23
30, 29, 24
30, 29, 25
30, 29, 26
30, 29, 27
30, 29, 28
30, 29, 29
30, 29, 30
30, 29, 31
30, 29, 32
30, 29, 33
30, 30, 17
30, 30, 18
30, 30, 19
30, 30, 20
30, 30, 21
30, 30, 22
30, 30, 23
30, 30, 24
30, 30, 25
30, 30, 26
30, 30, 27
30, 30, 28
30, 30, 29
30, 30, 30
30, 30, 31
30, 30, 32
30, 30, 33
30, 30, 34
30, 30, 35
30, 30, 36
30, 30, 37
30, 30, 38
30, 30, 39
30, 30, 40
30, 31, 17
30, 31, 18
30, 31, 19
30, 31, 20
30, 31, 21
30, 31, 22
30, 31, 23
30, 31, 24
30, 31, 25
30, 31, 26
30, 31, 27
30, 31, 28
30, 31, 29
30, 31, 30
30, 31, 31
30, 31, 32
30, 31, 33
30, 31, 34
30, 31, 35
30, 31, 36
30, 31, 37
30, 31, 38
30, 31, 39
30, 31, 40
30, 32, 17
30, 32, 18
30, 32, 19
30, 32, 20
30, 32, 21
30, 32, 22
30, 32, 23
30, 32, 24
30, 32, 25
30, 32, 26
30, 32, 27
30, 32, 28
30, 32, 29
30, 32, 30
30, 32, 31
30, 32, 32
30, 32, 33
30, 32, 34
30, 32, 35
30, 32, 36
30, 32, 37
30, 32, 38
30, 32, 39
30, 32, 40
30, 33, 17
30, 33, 18
30, 33, 19
30, 33, 20
30, 33, 21
30, 33, 22
30, 33, 23
30, 33, 24
30, 33, 25
30, 33, 26
30, 33, 27
30, 33, 28
30, 33, 29
30, 33, 30
30, 33, 31
30, 33, 32
30, 33, 33
30, 33, 34
30, 33, 35
30, 33, 36
30, 33, 37
30, 33, 38
30, 33, 39
30, 33, 40
30, 34, 22
30, 34, 23
30, 34, 24
30, 34, 25
30, 34, 26
30, 34, 27
30, 34, 28
30, 34, 29
30, 34, 30
30, 34, 31
30, 34, 32
30, 34, 33
30, 34, 34
30, 34, 35
30, 34, 36
30, 34, 37
30, 34, 38
30, 34, 39
30, 34, 40
31, 17, 17
31, 17, 18
31, 17, 19
31, 17, 20
31, 17, 21
31, 17, 22
31, 17, 23
31, 17, 24
31, 17, 25
31, 17, 26
31, 17, 27
31, 17, 28
31, 17, 29
31, 17, 30
31, 17, 31
31, 17, 32
31, 17, 33
31, 18, 17
31, 18, 18
31, 18, 19
31, 18, 20
31, 18, 21
31, 18, 22
31, 18, 23
31, 18, 24
31, 18, 25
31, 18, 26
31, 18, 27
31, 18, 28
31, 18, 29
31, 18, 30
31, 18, 31
31, 18, 32
31, 18, 33
31, 19, 17
31, 19, 18
31, 19, 19
31, 19, 20
31, 19, 21
31, 19, 22
31, 19, 23
31, 19, 24
31, 19, 25
31, 19, 26
31, 19, 27
31, 19, 28
31, 19, 29
31, 19, 30
31, 19, 31
31, 19, 32
31, 19, 33
31, 20, 17
31, 20, 18
31, 20, 19
31, 20, 20
31, 20, 21
31, 20, 22
31, 20, 23
31, 20, 24
31, 20, 25
31, 20, 26
31, 20, 27
31, 20, 28
31, 20, 29
31, 20, 30
31, 20, 31
31, 20, 32
31, 20, 33
31, 21, 17
31, 21, 18
31, 21, 19
31, 21, 20
31, 21, 21
31, 21, 22
31, 21, 23
31, 21, 24
31, 21, 25
31, 21, 26
31, 21, 27
31, 21, 28
31, 21, 29
31, 21, 30
31, 21, 31
31, 21, 32
31, 21, 33
31, 22, 17
31, 22, 18
31, 22, 19
31, 22, 20
31, 22, 21
31, 22, 22
31, 22, 23
31, 22, 24
31, 22, 25
31, 22, 26
31, 22, 27
31, 22, 28
31, 22, 29
31, 22, 30
31, 22, 31
31, 22, 32
31, 22, 33
31, 23, 17
31, 23, 18
31, 23, 19
31, 23, 20
31, 23, 21
31, 23, 22
31, 23, 23
31, 23, 24
31, 23, 25
31, 23, 26
31, 23, 27
31, 23, 28
31, 23, 29
31, 23, 30
31, 23, 31
31, 23, 32
31, 23, 33
31, 24, 17
31, 24, 18
31, 24, 19
31, 24, 20
31, 24, 21
31, 24, 22
31, 24, 23
31, 24, 24
31, 24, 25
31, 24, 26
31, 24, 27
31, 24, 28
31, 24, 29
31, 24, 30
31, 24, 31
31, 24, 32
31, 24, 33
31, 25, 17
31, 25, 18
31, 25, 19
31, 25, 20
31, 25, 21
31, 25, 22
31, 25, 23
31, 25, 24
31, 25, 25
31, 25, 26
31, 25, 27
31, 25, 28
31, 25, 29
31, 25, 30
31, 25, 31
31, 25, 32
31, 25, 33
31, 26, 15
31, 26, 16
31, 26, 17
31, 26, 18
31, 26, 19
31, 26, 20
31, 26, 21
31, 26, 22
31, 26, 23
31, 26, 24
31, 26, 25
31, 26, 26
31, 26, 27
31, 26, 28
31, 26, 29
31, 26, 30
31, 26, 31
31, 26, 32
31, 26, 33
31, 27, 15
31, 27, 16
31, 27, 17
31, 27, 18
31, 27, 19
31, 27, 20
31, 27, 21
31, 27, 22
31, 27, 23
31, 27, 24
31, 27, 25
31, 27, 26
31, 27, 27
31, 27, 28
31, 27, 29
31, 27, 30
31, 27, 31
31, 27, 32
31, 27, 33
31, 28, 15
31, 28, 16
31, 28, 17
31, 28, 18
31, 28, 19
31, 28, 20
31, 28, 21
31, 28, 22
31, 28, 23
31, 28, 24
31, 28, 25
31, 28, 26
31, 28, 27
31, 28, 28
31, 28, 29
31, 28, 30
31, 28, 31
31, 28, 32
31, 28, 33
31, 29, 17
31, 29, 18
31, 29, 19
31, 29, 20
31, 29, 21
31, 29, 22
31, 29, 23
31, 29, 24
31, 29, 25
31, 29, 26
31, 29, 27
31, 29, 28
31, 29, 29
31, 29, 30
31, 29, 31
31, 29, 32
31, 29, 33
31, 30, 17
31, 30, 18
31, 30, 19
31, 30, 20
31, 30, 21
31, 30, 22
31, 30, 23
31, 30, 24
31, 30, 25
31, 30, 26
31, 30, 27
31, 30, 28
31, 30, 29
31, 30, 30
31, 30, 31
31, 30, 32
31, 30, 33
31, 30, 34
31, 30, 35
31, 30, 36
31, 30, 37
31, 30, 38
31, 30, 39
31, 30, 40
31, 31, 17
31, 31, 18
31, 31, 19
31, 31, 20
31, 31, 21
31, 31, 22
31, 31, 23
31, 31, 24
31, 31, 25
31, 31, 26
31, 31, 27
31, 31, 28
31, 31, 29
31, 31, 30
31, 31, 31
31, 31, 32
31, 31, 33
31, 31, 34
31, 31, 35
31, 31, 36
31, 31, 37
31, 31, 38
31, 31, 39
31, 31, 40
31, 32, 17
31, 32, 18
31, 32, 19
31, 32, 20
31, 32, 21
31, 32, 22
31, 32, 23
31, 32, 24
31, 32, 25
31, 32, 26
31, 32, 27
31, 32, 28
31, 32, 29
31, 32, 30
31, 32, 31
31, 32, 32
31, 32, 33
31, 32, 34
31, 32, 35
31, 32, 36
31, 32, 37
31, 32, 38
31, 32, 39
31, 32, 40
31, 33, 17
31, 33, 18
31, 33, 19
31, 33, 20
31, 33, 21
31, 33, 22
31, 33, 23
31, 33, 24
31, 33, 25
31, 33, 26
31, 33, 27
31, 33, 28
31, 33, 29
31, 33, 30
31, 33, 31
31, 33, 32
31, 33, 33
31, 33, 34
31, 33, 35
31, 33, 36
31, 33, 37
31, 33, 38
31, 33, 39
31, 33, 40
31, 34, 22
31, 34, 23
31, 34, 24
31, 34, 25
31, 34, 26
31, 34, 27
31, 34, 28
31, 34, 29
31, 34, 30
31, 34, 31
31, 34, 32
31, 34, 33
31, 34, 34
31, 34, 35
31, 34, 36
31, 34, 37
31, 34, 38
31, 34, 39
31, 34, 40
32, 17, 17
32, 17, 18
32, 17, 19
32, 17, 20
32, 17, 21
32, 17, 22
32, 17, 23
32, 17, 24
32, 17, 25
32, 17, 26
32, 17, 27
32, 17, 28
32, 17, 29
32, 17, 30
32, 17, 31
32, 17, 32
32, 17, 33
32, 18, 17
32, 18, 18
32, 18, 19
32, 18, 20
32, 18, 21
32, 18, 22
32, 18, 23
32, 18, 24
32, 18, 25
32, 18, 26
32, 18, 27
32, 18, 28
32, 18, 29
32, 18, 30
32, 18, 31
32, 18, 32
32, 18, 33
32, 19, 17
32, 19, 18
32, 19, 19
32, 19, 20
32, 19, 21
32, 19, 22
32, 19, 23
32, 19, 24
32, 19, 25
32, 19, 26
32, 19, 27
32, 19, 28
32, 19, 29
32, 19, 30
32, 19, 31
32, 19, 32
32, 19, 33
32, 20, 17
32, 20, 18
32, 20, 19
32, 20, 20
32, 20, 21
32, 20, 22
32, 20, 23
32, 20, 24
32, 20, 25
32, 20, 26
32, 20, 27
32, 20, 28
32, 20, 29
32, 20, 30
32, 20, 31
32, 20, 32
32, 20, 33
32, 21, 17
32, 21, 18
32, 21, 19
32, 21, 20
32, 21, 21
32, 21, 22
32, 21, 23
32, 21, 24
32, 21, 25
32, 21, 26
32, 21, 27
32, 21, 28
32, 21, 29
32, 21, 30
32, 21, 31
32, 21, 32
32, 21, 33
32, 22, 17
32, 22, 18
32, 22, 19
32, 22, 20
32, 22, 21
32, 22, 22
32, 22, 23
32, 22, 24
32, 22, 25
32, 22, 26
32, 22, 27
32, 22, 28
32, 22, 29
32, 22, 30
32, 22, 31
32, 22, 32
32, 22, 33
32, 23, 17
32, 23, 18
32, 23, 19
32, 23, 20
32, 23, 21
32, 23, 22
32, 23, 23
32, 23, 24
32, 23, 25
32, 23, 26
32, 23, 27
32, 23, 28
32, 23, 29
32, 23, 30
32, 23, 31
32, 23, 32
32, 23, 33
32, 24, 17
32, 24, 18
32, 24, 19
32, 24, 20
32, 24, 21
32, 24, 22
32, 24, 23
32, 24, 24
32, 24, 25
32, 24, 26
32, 24, 27
32, 24, 28
32, 24, 29
32, 24, 30
32, 24, 31
32, 24, 32
32, 24, 33
32, 25, 17
32, 25, 18
32, 25, 19
32, 25, 20
32, 25, 21
32, 25, 22
32, 25, 23
32, 25, 24
32, 25, 25
32, 25, 26
32, 25, 27
32, 25, 28
32, 25, 29
32, 25, 30
32, 25, 31
32, 25, 32
32, 25, 33
32, 26, 15
32, 26, 16
32, 26, 17
32, 26, 18
32, 26, 19
32, 26, 20
32, 26, 21
32, 26, 22
32, 26, 23
32, 26, 24
32, 26, 25
32, 26, 26
32, 26, 27
32, 26, 28
32, 26, 29
32, 26, 30
32, 26, 31
32, 26, 32
32, 26, 33
32, 27, 15
32, 27, 16
32, 27, 17
32, 27, 18
32, 27, 19
32, 27, 20
32, 27, 21
32, 27, 22
32, 27, 23
32, 27, 24
32, 27, 25
32, 27, 26
32, 27, 27
32, 27, 28
32, 27, 29
32, 27, 30
32, 27, 31
32, 27, 32
32, 27, 33
32, 28, 9
32, 28, 10
32, 28, 11
32, 28, 12
32, 28, 13
32, 28, 14
32, 28, 15
32, 28, 16
32, 28, 17
32, 28, 18
32, 28, 19
32, 28, 20
32, 28, 21
32, 28, 22
32, 28, 23
32, 28, 24
32, 28, 25
32, 28, 26
32, 28, 27
32, 28, 28
32, 28, 29
32, 28, 30
32, 28, 31
32, 28, 32
32, 28, 33
32, 29, 9
32, 29, 10
32, 29, 11
32, 29, 12
32, 29, 13
32, 29, 14
32, 29, 15
32, 29, 16
32, 29, 17
32, 29, 18
32, 29, 19
32, 29, 20
32, 29, 21
32, 29, 22
32, 29, 23
32, 29, 24
32, 29, 25
32, 29, 26
32, 29, 27
32, 29, 28
32, 29, 29
32, 29, 30
32, 29, 31
32, 29, 32
32, 29, 33
32, 30, 9
32, 30, 10
32, 30, 11
32, 30, 12
32, 30, 13
32, 30, 14
32, 30, 15
32, 30, 16
32, 30, 17
32, 30, 18
32, 30, 19
32, 30, 20
32, 30, 21
32, 30, 22
32, 30, 23
32, 30, 24
32, 30, 25
32, 30, 26
32, 30, 27
32, 30, 28
32, 30, 29
32, 30, 30
32, 30, 31
32, 30, 32
32, 30, 33
32, 30, 34
32, 30, 35
32, 30, 36
32, 30, 37
32, 30, 38
32, 30, 39
32, 30, 40
32, 31, 9
32, 31, 10
32, 31, 11
32, 31, 12
32, 31, 13
32, 31, 14
32, 31, 15
32, 31, 16
32, 31, 17
32, 31, 18
32, 31, 19
32, 31, 20
32, 31, 21
32, 31, 22
32, 31, 23
32, 31, 24
32, 31, 25
32, 31, 26
32, 31, 27
32, 31, 28
32, 31, 29
32, 31, 30
32, 31, 31
32, 31, 32
32, 31, 33
32, 31, 34
32, 31, 35
32, 31, 36
32, 31, 37
32, 31, 38
32, 31, 39
32, 31, 40
32, 32, 9
32, 32, 10
32, 32, 11
32, 32, 12
32, 32, 13
32, 32, 14
32, 32, 15
32, 32, 16
32, 32, 17
32, 32, 18
32, 32, 19
32, 32, 20
32, 32, 21
32, 32, 22
32, 32, 23
32, 32, 24
32, 32, 25
32, 32, 26
32, 32, 27
32, 32, 28
32, 32, 29
32, 32, 30
32, 32, 31
32, 32, 32
32, 32, 33
32, 32, 34
32, 32, 35
32, 32, 36
32, 32, 37
32, 32, 38
32, 32, 39
32, 32, 40
32, 33, 17
32, 33, 18
32, 33, 19
32, 33, 20
32, 33, 21
32, 33, 22
32, 33, 23
32, 33, 24
32, 33, 25
32, 33, 26
32, 33, 27
32, 33, 28
32, 33, 29
32, 33, 30
32, 33, 31
32, 33, 32
32, 33, 33
32, 33, 34
32, 33, 35
32, 33, 36
32, 33, 37
32, 33, 38
32, 33, 39
32, 33, 40
32, 34, 22
32, 34, 23
32, 34, 24
32, 34, 25
32, 34, 26
32, 34, 27
32, 34, 28
32, 34, 29
32, 34, 30
32, 34, 31
32, 34, 32
32, 34, 33
32, 34, 34
32, 34, 35
32, 34, 36
32, 34, 37
32, 34, 38
32, 34, 39
32, 34, 40
33, 17, 17
33, 17, 18
33, 17, 19
33, 17, 20
33, 17, 21
33, 17, 22
33, 17, 23
33, 17, 24
33, 17, 25
33, 17, 26
33, 17, 27
33, 17, 28
33, 17, 29
33, 17, 30
33, 17, 31
33, 17, 32
33, 17, 33
33, 18, 17
33, 18, 18
33, 18, 19
33, 18, 20
33, 18, 21
33, 18, 22
33, 18, 23
33, 18, 24
33, 18, 25
33, 18, 26
33, 18, 27
33, 18, 28
33, 18, 29
33, 18, 30
33, 18, 31
33, 18, 32
33, 18, 33
33, 19, 17
33, 19, 18
33, 19, 19
33, 19, 20
33, 19, 21
33, 19, 22
33, 19, 23
33, 19, 24
33, 19, 25
33, 19, 26
33, 19, 27
33, 19, 28
33, 19, 29
33, 19, 30
33, 19, 31
33, 19, 32
33, 19, 33
33, 20, 17
33, 20, 18
33, 20, 19
33, 20, 20
33, 20, 21
33, 20, 22
33, 20, 23
33, 20, 24
33, 20, 25
33, 20, 26
33, 20, 27
33, 20, 28
33, 20, 29
33, 20, 30
33, 20, 31
33, 20, 32
33, 20, 33
33, 21, 17
33, 21, 18
33, 21, 19
33, 21, 20
33, 21, 21
33, 21, 22
33, 21, 23
33, 21, 24
33, 21, 25
33, 21, 26
33, 21, 27
33, 21, 28
33, 21, 29
33, 21, 30
33, 21, 31
33, 21, 32
33, 21, 33
33, 22, 17
33, 22, 18
33, 22, 19
33, 22, 20
33, 22, 21
33, 22, 22
33, 22, 23
33, 22, 24
33, 22, 25
33, 22, 26
33, 22, 27
33, 22, 28
33, 22, 29
33, 22, 30
33, 22, 31
33, 22, 32
33, 22, 33
33, 23, 17
33, 23, 18
33, 23, 19
33, 23, 20
33, 23, 21
33, 23, 22
33, 23, 23
33, 23, 24
33, 23, 25
33, 23, 26
33, 23, 27
33, 23, 28
33, 23, 29
33, 23, 30
33, 23, 31
33, 23, 32
33, 23, 33
33, 24, 17
33, 24, 18
33, 24, 19
33, 24, 20
33, 24, 21
33, 24, 22
33, 24, 23
33, 24, 24
33, 24, 25
33, 24, 26
33, 24, 27
33, 24, 28
33, 24, 29
33, 24, 30
33, 24, 31
33, 24, 32
33, 24, 33
33, 25, 17
33, 25, 18
33, 25, 19
33, 25, 20
33, 25, 21
33, 25, 22
33, 25, 23
33, 25, 24
33, 25, 25
33, 25, 26
33, 25, 27
33, 25, 28
33, 25, 29
33, 25, 30
33, 25, 31
33, 25, 32
33, 25, 33
33, 26, 15
33, 26, 16
33, 26, 17
33, 26, 18
33, 26, 19
33, 26, 20
33, 26, 21
33, 26, 22
33, 26, 23
33, 26, 24
33, 26, 25
33, 26, 26
33, 26, 27
33, 26, 28
33, 26, 29
33, 26, 30
33, 26, 31
33, 26, 32
33, 26, 33
33, 27, 15
33, 27, 16
33, 27, 17
33, 27, 18
33, 27, 19
33, 27, 20
33, 27, 21
33, 27, 22
33, 27, 23
33, 27, 24
33, 27, 25
33, 27, 26
33, 27, 27
33, 27, 28
33, 27, 29
33, 27, 30
33, 27, 31
33, 27, 32
33, 27, 33
33, 28, 9
33, 28, 10
33, 28, 11
33, 28, 12
33, 28, 13
33, 28, 14
33, 28, 15
33, 28, 16
33, 28, 17
33, 28, 18
33, 28, 19
33, 28, 20
33, 28, 21
33, 28, 22
33, 28, 23
33, 28, 24
33, 28, 25
33, 28, 26
33, 28, 27
33, 28, 28
33, 28, 29
33, 28, 30
33, 28, 31
33, 28, 32
33, 28, 33
33, 29, 9
33, 29, 10
33, 29, 11
33, 29, 12
33, 29, 13
33, 29, 14
33, 29, 15
33, 29, 16
33, 29, 17
33, 29, 18
33, 29, 19
33, 29, 20
33, 29, 21
33, 29, 22
33, 29, 23
33, 29, 24
33, 29, 25
33, 29, 26
33, 29, 27
33, 29, 28
33, 29, 29
33, 29, 30
33, 29, 31
33, 29, 32
33, 29, 33
33, 30, 9
33, 30, 10
33, 30, 11
33, 30, 12
33, 30, 13
33, 30, 14
33, 30, 15
33, 30, 16
33, 30, 17
33, 30, 18
33, 30, 19
33, 30, 20
33, 30, 21
33, 30, 22
33, 30, 23
33, 30, 24
33, 30, 25
33, 30, 26
33, 30, 27
33, 30, 28
33, 30, 29
33, 30, 30
33, 30, 31
33, 30, 32
33, 30, 33
33, 30, 34
33, 30, 35
33, 30, 36
33, 30, 37
33, 30, 38
33, 30, 39
33, 30, 40
33, 31, 9
33, 31, 10
33, 31, 11
33, 31, 12
33, 31, 13
33, 31, 14
33, 31, 15
33, 31, 16
33, 31, 17
33, 31, 18
33, 31, 19
33, 31, 20
33, 31, 21
33, 31, 22
33, 31, 23
33, 31, 24
33, 31, 25
33, 31, 26
33, 31, 27
33, 31, 28
33, 31, 29
33, 31, 30
33, 31, 31
33, 31, 32
33, 31, 33
33, 31, 34
33, 31, 35
33, 31, 36
33, 31, 37
33, 31, 38
33, 31, 39
33, 31, 40
33, 32, 9
33, 32, 10
33, 32, 11
33, 32, 12
33, 32, 13
33, 32, 14
33, 32, 15
33, 32, 16
33, 32, 17
33, 32, 18
33, 32, 19
33, 32, 20
33, 32, 21
33, 32, 22
33, 32, 23
33, 32, 24
33, 32, 25
33, 32, 26
33, 32, 27
33, 32, 28
33, 32, 29
33, 32, 30
33, 32, 31
33, 32, 32
33, 32, 33
33, 32, 34
33, 32, 35
33, 32, 36
33, 32, 37
33, 32, 38
33, 32, 39
33, 32, 40
33, 33, 17
33, 33, 18
33, 33, 19
33, 33, 20
33, 33, 21
33, 33, 22
33, 33, 23
33, 33, 24
33, 33, 25
33, 33, 26
33, 33, 27
33, 33, 28
33, 33, 29
33, 33, 30
33, 33, 31
33, 33, 32
33, 33, 33
33, 33, 34
33, 33, 35
33, 33, 36
33, 33, 37
33, 33, 38
33, 33, 39
33, 33, 40
33, 34, 22
33, 34, 23
33, 34, 24
33, 34, 25
33, 34, 26
33, 34, 27
33, 34, 28
33, 34, 29
33, 34, 30
33, 34, 31
33, 34, 32
33, 34, 33
33, 34, 34
33, 34, 35
33, 34, 36
33, 34, 37
33, 34, 38
33, 34, 39
33, 34, 40
34, 17, 17
34, 17, 18
34, 17, 19
34, 17, 20
34, 17, 21
34, 17, 22
34, 17, 23
34, 17, 24
34, 17, 25
34, 17, 26
34, 17, 27
34, 17, 28
34, 17, 29
34, 17, 30
34, 17, 31
34, 17, 32
34, 17, 33
34, 18, 17
34, 18, 18
34, 18, 19
34, 18, 20
34, 18, 21
34, 18, 22
34, 18, 23
34, 18, 24
34, 18, 25
34, 18, 26
34, 18, 27
34, 18, 28
34, 18, 29
34, 18, 30
34, 18, 31
34, 18, 32
34, 18, 33
34, 19, 17
34, 19, 18
34, 19, 19
34, 19, 20
34, 19, 21
34, 19, 22
34, 19, 23
34, 19, 24
34, 19, 25
34, 19, 26
34, 19, 27
34, 19, 28
34, 19, 29
34, 19, 30
34, 19, 31
34, 19, 32
34, 19, 33
34, 20, 17
34, 20, 18
34, 20, 19
34, 20, 20
34, 20, 21
34, 20, 22
34, 20, 23
34, 20, 24
34, 20, 25
34, 20, 26
34, 20, 27
34, 20, 28
34, 20, 29
34, 20, 30
34, 20, 31
34, 20, 32
34, 20, 33
34, 21, 17
34, 21, 18
34, 21, 19
34, 21, 20
34, 21, 21
34, 21, 22
34, 21, 23
34, 21, 24
34, 21, 25
34, 21, 26
34, 21, 27
34, 21, 28
34, 21, 29
34, 21, 30
34, 21, 31
34, 21, 32
34, 21, 33
34, 22, 17
34, 22, 18
34, 22, 19
34, 22, 20
34, 22, 21
34, 22, 22
34, 22, 23
34, 22, 24
34, 22, 25
34, 22, 26
34, 22, 27
34, 22, 28
34, 22, 29
34, 22, 30
34, 22, 31
34, 22, 32
34, 22, 33
34, 23, 17
34, 23, 18
34, 23, 19
34, 23, 20
34, 23, 21
34, 23, 22
34, 23, 23
34, 23, 24
34, 23, 25
34, 23, 26
34, 23, 27
34, 23, 28
34, 23, 29
34, 23, 30
34, 23, 31
34, 23, 32
34, 23, 33
34, 24, 17
34, 24, 18
34, 24, 19
34, 24, 20
34, 24, 21
34, 24, 22
34, 24, 23
34, 24, 24
34, 24, 25
34, 24, 26
34, 24, 27
34, 24, 28
34, 24, 29
34, 24, 30
34, 24, 31
34, 24, 32
34, 24, 33
34, 25, 17
34, 25, 18
34, 25, 19
34, 25, 20
34, 25, 21
34, 25, 22
34, 25, 23
34, 25, 24
34, 25, 25
34, 25, 26
34, 25, 27
34, 25, 28
34, 25, 29
34, 25, 30
34, 25, 31
34, 25, 32
34, 25, 33
34, 26, 17
34, 26, 18
34, 26, 19
34, 26, 20
34, 26, 21
34, 26, 22
34, 26, 23
34, 26, 24
34, 26, 25
34, 26, 26
34, 26, 27
34, 26, 28
34, 26, 29
34, 26, 30
34, 26, 31
34, 26, 32
34, 26, 33
34, 27, 17
34, 27, 18
34, 27, 19
34, 27, 20
34, 27, 21
34, 27, 22
34, 27, 23
34, 27, 24
34, 27, 25
34, 27, 26
34, 27, 27
34, 27, 28
34, 27, 29
34, 27, 30
34, 27, 31
34, 27, 32
34, 27, 33
34, 28, 9
34, 28, 10
34, 28, 11
34, 28, 12
34, 28, 13
34, 28, 14
34, 28, 15
34, 28, 16
34, 28, 17
34, 28, 18
34, 28, 19
34, 28, 20
34, 28, 21
34, 28, 22
34, 28, 23
34, 28, 24
34, 28, 25
34, 28, 26
34, 28, 27
34, 28, 28
34, 28, 29
34, 28, 30
34, 28, 31
34, 28, 32
34, 28, 33
34, 29, 9
34, 29, 10
34, 29, 11
34, 29, 12
34, 29, 13
34, 29, 14
34, 29, 15
34, 29, 16
34, 29, 17
34, 29, 18
34, 29, 19
34, 29, 20
34, 29, 21
34, 29, 22
34, 29, 23
34, 29, 24
34, 29, 25
34, 29, 26
34, 29, 27
34, 29, 28
34, 29, 29
34, 29, 30
34, 29, 31
34, 29, 32
34, 29, 33
34, 30, 9
34, 30, 10
34, 30, 11
34, 30, 12
34, 30, 13
34, 30, 14
34, 30, 15
34, 30, 16
34, 30, 17
34, 30, 18
34, 30, 19
34, 30, 20
34, 30, 21
34, 30, 22
34, 30, 23
34, 30, 24
34, 30, 25
34, 30, 26
34, 30, 27
34, 30, 28
34, 30, 29
34, 30, 30
34, 30, 31
34, 30, 32
34, 30, 33
34, 30, 34
34, 30, 35
34, 30, 36
34, 30, 37
34, 30, 38
34, 30, 39
34, 30, 40
34, 31, 9
34, 31, 10
34, 31, 11
34, 31, 12
34, 31, 13
34, 31, 14
34, 31, 15
34, 31, 16
34, 31, 17
34, 31, 18
34, 31, 19
34, 31, 20
34, 31, 21
34, 31, 22
34, 31, 23
34, 31, 24
34, 31, 25
34, 31, 26
34, 31, 27
34, 31, 28
34, 31, 29
34, 31, 30
34, 31, 31
34, 31, 32
34, 31, 33
34, 31, 34
34, 31, 35
34, 31, 36
34, 31, 37
34, 31, 38
34, 31, 39
34, 31, 40
34, 32, 9
34, 32, 10
34, 32, 11
34, 32, 12
34, 32, 13
34, 32, 14
34, 32, 15
34, 32, 16
34, 32, 17
34, 32, 18
34, 32, 19
34, 32, 20
34, 32, 21
34, 32, 22
34, 32, 23
34, 32, 24
34, 32, 25
34, 32, 26
34, 32, 27
34, 32, 28
34, 32, 29
34, 32, 30
34, 32, 31
34, 32, 32
34, 32, 33
34, 32, 34
34, 32, 35
34, 32, 36
34, 32, 37
34, 32, 38
34, 32, 39
34, 32, 40
34, 33, 17
34, 33, 18
34, 33, 19
34, 33, 20
34, 33, 21
34, 33, 22
34, 33, 23
34, 33, 24
34, 33, 25
34, 33, 26
34, 33, 27
34, 33, 28
34, 33, 29
34, 33, 30
34, 33, 31
34, 33, 32
34, 33, 33
34, 33, 34
34, 33, 35
34, 33, 36
34, 33, 37
34, 33, 38
34, 33, 39
34, 33, 40
34, 34, 22
34, 34, 23
34, 34, 24
34, 34, 25
34, 34, 26
34, 34, 27
34, 34, 28
34, 34, 29
34, 34, 30
34, 34, 31
34, 34, 32
34, 34, 33
34, 34, 34
34, 34, 35
34, 34, 36
34, 34, 37
34, 34, 38
34, 34, 39
34, 34, 40
35, 17, 17
35, 17, 18
35, 17, 19
35, 17, 20
35, 17, 21
35, 17, 22
35, 17, 23
35, 17, 24
35, 17, 25
35, 17, 26
35, 17, 27
35, 17, 28
35, 17, 29
35, 17, 30
35, 17, 31
35, 17, 32
35, 17, 33
35, 18, 17
35, 18, 18
35, 18, 19
35, 18, 20
35, 18, 21
35, 18, 22
35, 18, 23
35, 18, 24
35, 18, 25
35, 18, 26
35, 18, 27
35, 18, 28
35, 18, 29
35, 18, 30
35, 18, 31
35, 18, 32
35, 18, 33
35, 19, 17
35, 19, 18
35, 19, 19
35, 19, 20
35, 19, 21
35, 19, 22
35, 19, 23
35, 19, 24
35, 19, 25
35, 19, 26
35, 19, 27
35, 19, 28
35, 19, 29
35, 19, 30
35, 19, 31
35, 19, 32
35, 19, 33
35, 20, 17
35, 20, 18
35, 20, 19
35, 20, 20
35, 20, 21
35, 20, 22
35, 20, 23
35, 20, 24
35, 20, 25
35, 20, 26
35, 20, 27
35, 20, 28
35, 20, 29
35, 20, 30
35, 20, 31
35, 20, 32
35, 20, 33
35, 21, 17
35, 21, 18
35, 21, 19
35, 21, 20
35, 21, 21
35, 21, 22
35, 21, 23
35, 21, 24
35, 21, 25
35, 21, 26
35, 21, 27
35, 21, 28
35, 21, 29
35, 21, 30
35, 21, 31
35, 21, 32
35, 21, 33
35, 22, 17
35, 22, 18
35, 22, 19
35, 22, 20
35, 22, 21
35, 22, 22
35, 22, 23
35, 22, 24
35, 22, 25
35, 22, 26
35, 22, 27
35, 22, 28
35, 22, 29
35, 22, 30
35, 22, 31
35, 22, 32
35, 22, 33
35, 23, 17
35, 23, 18
35, 23, 19
35, 23, 20
35, 23, 21
35, 23, 22
35, 23, 23
35, 23, 24
35, 23, 25
35, 23, 26
35, 23, 27
35, 23, 28
35, 23, 29
35, 23, 30
35, 23, 31
35, 23, 32
35, 23, 33
35, 24, 17
35, 24, 18
35, 24, 19
35, 24, 20
35, 24, 21
35, 24, 22
35, 24, 23
35, 24, 24
35, 24, 25
35, 24, 26
35, 24, 27
35, 24, 28
35, 24, 29
35, 24, 30
35, 24, 31
35, 24, 32
35, 24, 33
35, 25, 17
35, 25, 18
35, 25, 19
35, 25, 20
35, 25, 21
35, 25, 22
35, 25, 23
35, 25, 24
35, 25, 25
35, 25, 26
35, 25, 27
35, 25, 28
35, 25, 29
35, 25, 30
35, 25, 31
35, 25, 32
35, 25, 33
35, 26, 17
35, 26, 18
35, 26, 19
35, 26, 20
35, 26, 21
35, 26, 22
35, 26, 23
35, 26, 24
35, 26, 25
35, 26, 26
35, 26, 27
35, 26, 28
35, 26, 29
35, 26, 30
35, 26, 31
35, 26, 32
35, 26, 33
35, 27, 17
35, 27, 18
35, 27, 19
35, 27, 20
35, 27, 21
35, 27, 22
35, 27, 23
35, 27, 24
35, 27, 25
35, 27, 26
35, 27, 27
35, 27, 28
35, 27, 29
35, 27, 30
35, 27, 31
35, 27, 32
35, 27, 33
35, 28, 9
35, 28, 10
35, 28, 11
35, 28, 12
35, 28, 13
35, 28, 14
35, 28, 15
35, 28, 16
35, 28, 17
35, 28, 18
35, 28, 19
35, 28, 20
35, 28, 21
35, 28, 22
35, 28, 23
35, 28, 24
35, 28, 25
35, 28, 26
35, 28, 27
35, 28, 28
35, 28, 29
35, 28, 30
35, 28, 31
35, 28, 32
35, 28, 33
35, 29, 9
35, 29, 10
35, 29, 11
35, 29, 12
35, 29, 13
35, 29, 14
35, 29, 15
35, 29, 16
35, 29, 17
35, 29, 18
35, 29, 19
35, 29, 20
35, 29, 21
35, 29, 22
35, 29, 23
35, 29, 24
35, 29, 25
35, 29, 26
35, 29, 27
35, 29, 28
35, 29, 29
35, 29, 30
35, 29, 31
35, 29, 32
35, 29, 33
35, 30, 9
35, 30, 10
35, 30, 11
35, 30, 12
35, 30, 13
35, 30, 14
35, 30, 15
35, 30, 16
35, 30, 17
35, 30, 18
35, 30, 19
35, 30, 20
35, 30, 21
35, 30, 22
35, 30, 23
35, 30, 24
35, 30, 25
35, 30, 26
35, 30, 27
35, 30, 28
35, 30, 29
35, 30, 30
35, 30, 31
35, 30, 32
35, 30, 33
35, 31, 9
35, 31, 10
35, 31, 11
35, 31, 12
35, 31, 13
35, 31, 14
35, 31, 15
35, 31, 16
35, 31, 17
35, 31, 18
35, 31, 19
35, 31, 20
35, 31, 21
35, 31, 22
35, 31, 23
35, 31, 24
35, 31, 25
35, 31, 26
35, 31, 27
35, 31, 28
35, 31, 29
35, 31, 30
35, 31, 31
35, 31, 32
35, 31, 33
35, 32, 9
35, 32, 10
35, 32, 11
35, 32, 12
35, 32, 13
35, 32, 14
35, 32, 15
35, 32, 16
35, 32, 17
35, 32, 18
35, 32, 19
35, 32, 20
35, 32, 21
35, 32, 22
35, 32, 23
35, 32, 24
35, 32, 25
35, 32, 26
35, 32, 27
35, 32, 28
35, 32, 29
35, 32, 30
35, 32, 31
35, 32, 32
35, 32, 33
35, 33, 17
35, 33, 18
35, 33, 19
35, 33, 20
35, 33, 21
35, 33, 22
35, 33, 23
35, 33, 24
35, 33, 25
35, 33, 26
35, 33, 27
35, 33, 28
35, 33, 29
35, 33, 30
35, 33, 31
35, 33, 32
35, 33, 33
36, 17, 17
36, 17, 18
36, 17, 19
36, 17, 20
36, 17, 21
36, 17, 22
36, 17, 23
36, 17, 24
36, 17, 25
36, 17, 26
36, 17, 27
36, 17, 28
36, 17, 29
36, 17, 30
36, 17, 31
36, 17, 32
36, 17, 33
36, 18, 17
36, 18, 18
36, 18, 19
36, 18, 20
36, 18, 21
36, 18, 22
36, 18, 23
36, 18, 24
36, 18, 25
36, 18, 26
36, 18, 27
36, 18, 28
36, 18, 29
36, 18, 30
36, 18, 31
36, 18, 32
36, 18, 33
36, 19, 17
36, 19, 18
36, 19, 19
36, 19, 20
36, 19, 21
36, 19, 22
36, 19, 23
36, 19, 24
36, 19, 25
36, 19, 26
36, 19, 27
36, 19, 28
36, 19, 29
36, 19, 30
36, 19, 31
36, 19, 32
36, 19, 33
36, 20, 17
36, 20, 18
36, 20, 19
36, 20, 20
36, 20, 21
36, 20, 22
36, 20, 23
36, 20, 24
36, 20, 25
36, 20, 26
36, 20, 27
36, 20, 28
36, 20, 29
36, 20, 30
36, 20, 31
36, 20, 32
36, 20, 33
36, 21, 17
36, 21, 18
36, 21, 19
36, 21, 20
36, 21, 21
36, 21, 22
36, 21, 23
36, 21, 24
36, 21, 25
36, 21, 26
36, 21, 27
36, 21, 28
36, 21, 29
36, 21, 30
36, 21, 31
36, 21, 32
36, 21, 33
36, 22, 17
36, 22, 18
36, 22, 19
36, 22, 20
36, 22, 21
36, 22, 22
36, 22, 23
36, 22, 24
36, 22, 25
36, 22, 26
36, 22, 27
36, 22, 28
36, 22, 29
36, 22, 30
36, 22, 31
36, 22, 32
36, 22, 33
36, 23, 17
36, 23, 18
36, 23, 19
36, 23, 20
36, 23, 21
36, 23, 22
36, 23, 23
36, 23, 24
36, 23, 25
36, 23, 26
36, 23, 27
36, 23, 28
36, 23, 29
36, 23, 30
36, 23, 31
36, 23, 32
36, 23, 33
36, 24, 17
36, 24, 18
36, 24, 19
36, 24, 20
36, 24, 21
36, 24, 22
36, 24, 23
36, 24, 24
36, 24, 25
36, 24, 26
36, 24, 27
36, 24, 28
36, 24, 29
36, 24, 30
36, 24, 31
36, 24, 32
36, 24, 33
36, 25, 17
36, 25, 18
36, 25, 19
36, 25, 20
36, 25, 21
36, 25, 22
36, 25, 23
36, 25, 24
36, 25, 25
36, 25, 26
36, 25, 27
36, 25, 28
36, 25, 29
36, 25, 30
36, 25, 31
36, 25, 32
36, 25, 33
36, 26, 17
36, 26, 18
36, 26, 19
36, 26, 20
36, 26, 21
36, 26, 22
36, 26, 23
36, 26, 24
36, 26, 25
36, 26, 26
36, 26, 27
36, 26, 28
36, 26, 29
36, 26, 30
36, 26, 31
36, 26, 32
36, 26, 33
36, 27, 17
36, 27, 18
36, 27, 19
36, 27, 20
36, 27, 21
36, 27, 22
36, 27, 23
36, 27, 24
36, 27, 25
36, 27, 26
36, 27, 27
36, 27, 28
36, 27, 29
36, 27, 30
36, 27, 31
36, 27, 32
36, 27, 33
36, 28, 9
36, 28, 10
36, 28, 11
36, 28, 12
36, 28, 13
36, 28, 14
36, 28, 15
36, 28, 16
36, 28, 17
36, 28, 18
36, 28, 19
36, 28, 20
36, 28, 21
36, 28, 22
36, 28, 23
36, 28, 24
36, 28, 25
36, 28, 26
36, 28, 27
36, 28, 28
36, 28, 29
36, 28, 30
36, 28, 31
36, 28, 32
36, 28, 33
36, 29, 9
36, 29, 10
36, 29, 11
36, 29, 12
36, 29, 13
36, 29, 14
36, 29, 15
36, 29, 16
36, 29, 17
36, 29, 18
36, 29, 19
36, 29, 20
36, 29, 21
36, 29, 22
36, 29, 23
36, 29, 24
36, 29, 25
36, 29, 26
36, 29, 27
36, 29, 28
36, 29, 29
36, 29, 30
36, 29, 31
36, 29, 32
36, 29, 33
36, 30, 9
36, 30, 10
36, 30, 11
36, 30, 12
36, 30, 13
36, 30, 14
36, 30, 15
36, 30, 16
36, 30, 17
36, 30, 18
36, 30, 19
36, 30, 20
36, 30, 21
36, 30, 22
36, 30, 23
36, 30, 24
36, 30, 25
36, 30, 26
36, 30, 27
36, 30, 28
36, 30, 29
36, 30, 30
36, 30, 31
36, 30, 32
36, 30, 33
36, 31, 9
36, 31, 10
36, 31, 11
36, 31, 12
36, 31, 13
36, 31, 14
36, 31, 15
36, 31, 16
36, 31, 17
36, 31, 18
36, 31, 19
36, 31, 20
36, 31, 21
36, 31, 22
36, 31, 23
36, 31, 24
36, 31, 25
36, 31, 26
36, 31, 27
36, 31, 28
36, 31, 29
36, 31, 30
36, 31, 31
36, 31, 32
36, 31, 33
36, 32, 9
36, 32, 10
36, 32, 11
36, 32, 12
36, 32, 13
36, 32, 14
36, 32, 15
36, 32, 16
36, 32, 17
36, 32, 18
36, 32, 19
36, 32, 20
36, 32, 21
36, 32, 22
36, 32, 23
36, 32, 24
36, 32, 25
36, 32, 26
36, 32, 27
36, 32, 28
36, 32, 29
36, 32, 30
36, 32, 31
36, 32, 32
36, 32, 33
36, 33, 17
36, 33, 18
36, 33, 19
36, 33, 20
36, 33, 21
36, 33, 22
36, 33, 23
36, 33, 24
36, 33, 25
36, 33, 26
36, 33, 27
36, 33, 28
36, 33, 29
36, 33, 30
36, 33, 31
36, 33, 32
36, 33, 33
37, 17, 17
37, 17, 18
37, 17, 19
37, 17, 20
37, 17, 21
37, 17, 22
37, 17, 23
37, 17, 24
37, 17, 25
37, 17, 26
37, 17, 27
37, 17, 28
37, 17, 29
37, 17, 30
37, 17, 31
37, 17, 32
37, 17, 33
37, 18, 17
37, 18, 18
37, 18, 19
37, 18, 20
37, 18, 21
37, 18, 22
37, 18, 23
37, 18, 24
37, 18, 25
37, 18, 26
37, 18, 27
37, 18, 28
37, 18, 29
37, 18, 30
37, 18, 31
37, 18, 32
37, 18, 33
37, 19, 17
37, 19, 18
37, 19, 19
37, 19, 20
37, 19, 21
37, 19, 22
37, 19, 23
37, 19, 24
37, 19, 25
37, 19, 26
37, 19, 27
37, 19, 28
37, 19, 29
37, 19, 30
37, 19, 31
37, 19, 32
37, 19, 33
37, 20, 17
37, 20, 18
37, 20, 19
37, 20, 20
37, 20, 21
37, 20, 22
37, 20, 23
37, 20, 24
37, 20, 25
37, 20, 26
37, 20, 27
37, 20, 28
37, 20, 29
37, 20, 30
37, 20, 31
37, 20, 32
37, 20, 33
37, 21, 17
37, 21, 18
37, 21, 19
37, 21, 20
37, 21, 21
37, 21, 22
37, 21, 23
37, 21, 24
37, 21, 25
37, 21, 26
37, 21, 27
37, 21, 28
37, 21, 29
37, 21, 30
37, 21, 31
37, 21, 32
37, 21, 33
37, 22, 17
37, 22, 18
37, 22, 19
37, 22, 20
37, 22, 21
37, 22, 22
37, 22, 23
37, 22, 24
37, 22, 25
37, 22, 26
37, 22, 27
37, 22, 28
37, 22, 29
37, 22, 30
37, 22, 31
37, 22, 32
37, 22, 33
37, 23, 17
37, 23, 18
37, 23, 19
37, 23, 20
37, 23, 21
37, 23, 22
37, 23, 23
37, 23, 24
37, 23, 25
37, 23, 26
37, 23, 27
37, 23, 28
37, 23, 29
37, 23, 30
37, 23, 31
37, 23, 32
37, 23, 33
37, 24, 17
37, 24, 18
37, 24, 19
37, 24, 20
37, 24, 21
37, 24, 22
37, 24, 23
37, 24, 24
37, 24, 25
37, 24, 26
37, 24, 27
37, 24, 28
37, 24, 29
37, 24, 30
37, 24, 31
37, 24, 32
37, 24, 33
37, 25, 17
37, 25, 18
37, 25, 19
37, 25, 20
37, 25, 21
37, 25, 22
37, 25, 23
37, 25, 24
37, 25, 25
37, 25, 26
37, 25, 27
37, 25, 28
37, 25, 29
37, 25, 30
37, 25, 31
37, 25, 32
37, 25, 33
37, 26, 17
37, 26, 18
37, 26, 19
37, 26, 20
37, 26, 21
37, 26, 22
37, 26, 23
37, 26, 24
37, 26, 25
37, 26, 26
37, 26, 27
37, 26, 28
37, 26, 29
37, 26, 30
37, 26, 31
37, 26, 32
37, 26, 33
37, 27, 17
37, 27, 18
37, 27, 19
37, 27, 20
37, 27, 21
37, 27, 22
37, 27, 23
37, 27, 24
37, 27, 25
37, 27, 26
37, 27, 27
37, 27, 28
37, 27, 29
37, 27, 30
37, 27, 31
37, 27, 32
37, 27, 33
37, 28, 9
37, 28, 10
37, 28, 11
37, 28, 12
37, 28, 13
37, 28, 14
37, 28, 15
37, 28, 16
37, 28, 17
37, 28, 18
37, 28, 19
37, 28, 20
37, 28, 21
37, 28, 22
37, 28, 23
37, 28, 24
37, 28, 25
37, 28, 26
37, 28, 27
37, 28, 28
37, 28, 29
37, 28, 30
37, 28, 31
37, 28, 32
37, 28, 33
37, 29, 9
37, 29, 10
37, 29, 11
37, 29, 12
37, 29, 13
37, 29, 14
37, 29, 15
37, 29, 16
37, 29, 17
37, 29, 18
37, 29, 19
37, 29, 20
37, 29, 21
37, 29, 22
37, 29, 23
37, 29, 24
37, 29, 25
37, 29, 26
37, 29, 27
37, 29, 28
37, 29, 29
37, 29, 30
37, 29, 31
37, 29, 32
37, 29, 33
37, 30, 9
37, 30, 10
37, 30, 11
37, 30, 12
37, 30, 13
37, 30, 14
37, 30, 15
37, 30, 16
37, 30, 17
37, 30, 18
37, 30, 19
37, 30, 20
37, 30, 21
37, 30, 22
37, 30, 23
37, 30, 24
37, 30, 25
37, 30, 26
37, 30, 27
37, 30, 28
37, 30, 29
37, 30, 30
37, 30, 31
37, 30, 32
37, 30, 33
37, 31, 9
37, 31, 10
37, 31, 11
37, 31, 12
37, 31, 13
37, 31, 14
37, 31, 15
37, 31, 16
37, 31, 17
37, 31, 18
37, 31, 19
37, 31, 20
37, 31, 21
37, 31, 22
37, 31, 23
37, 31, 24
37, 31, 25
37, 31, 26
37, 31, 27
37, 31, 28
37, 31, 29
37, 31, 30
37, 31, 31
37, 31, 32
37, 31, 33
37, 32, 9
37, 32, 10
37, 32, 11
37, 32, 12
37, 32, 13
37, 32, 14
37, 32, 15
37, 32, 16
37, 32, 17
37, 32, 18
37, 32, 19
37, 32, 20
37, 32, 21
37, 32, 22
37, 32, 23
37, 32, 24
37, 32, 25
37, 32, 26
37, 32, 27
37, 32, 28
37, 32, 29
37, 32, 30
37, 32, 31
37, 32, 32
37, 32, 33
37, 33, 17
37, 33, 18
37, 33, 19
37, 33, 20
37, 33, 21
37, 33, 22
37, 33, 23
37, 33, 24
37, 33, 25
37, 33, 26
37, 33, 27
37, 33, 28
37, 33, 29
37, 33, 30
37, 33, 31
37, 33, 32
37, 33, 33
38, 28, 9
38, 28, 10
38, 28, 11
38, 28, 12
38, 28, 13
38, 28, 14
38, 28, 15
38, 28, 16
38, 28, 17
38, 28, 18
38, 28, 19
38, 28, 20
38, 28, 21
38, 28, 22
38, 28, 23
38, 28, 24
38, 28, 25
38, 29, 9
38, 29, 10
38, 29, 11
38, 29, 12
38, 29, 13
38, 29, 14
38, 29, 15
38, 29, 16
38, 29, 17
38, 29, 18
38, 29, 19
38, 29, 20
38, 29, 21
38, 29, 22
38, 29, 23
38, 29, 24
38, 29, 25
38, 30, 9
38, 30, 10
38, 30, 11
38, 30, 12
38, 30, 13
38, 30, 14
38, 30, 15
38, 30, 16
38, 30, 17
38, 30, 18
38, 30, 19
38, 30, 20
38, 30, 21
38, 30, 22
38, 30, 23
38, 30, 24
38, 30, 25
38, 31, 9
38, 31, 10
38, 31, 11
38, 31, 12
38, 31, 13
38, 31, 14
38, 31, 15
38, 31, 16
38, 31, 17
38, 31, 18
38, 31, 19
38, 31, 20
38, 31, 21
38, 31, 22
38, 31, 23
38, 31, 24
38, 31, 25
38, 32, 9
38, 32, 10
38, 32, 11
38, 32, 12
38, 32, 13
38, 32, 14
38, 32, 15
38, 32, 16
38, 32, 17
38, 32, 18
38, 32, 19
38, 32, 20
38, 32, 21
38, 32, 22
38, 32, 23
38, 32, 24
38, 32, 25
39, 28, 9
39, 28, 10
39, 28, 11
39, 28, 12
39, 28, 13
39, 28, 14
39, 28, 15
39, 28, 16
39, 28, 17
39, 28, 18
39, 28, 19
39, 28, 20
39, 28, 21
39, 28, 22
39, 28, 23
39, 28, 24
39, 28, 25
39, 29, 9
39, 29, 10
39, 29, 11
39, 29, 12
39, 29, 13
39, 29, 14
39, 29, 15
39, 29, 16
39, 29, 17
39, 29, 18
39, 29, 19
39, 29, 20
39, 29, 21
39, 29, 22
39, 29, 23
39, 29, 24
39, 29, 25
39, 30, 9
39, 30, 10
39, 30, 11
39, 30, 12
39, 30, 13
39, 30, 14
39, 30, 15
39, 30, 16
39, 30, 17
39, 30, 18
39, 30, 19
39, 30, 20
39, 30, 21
39, 30, 22
39, 30, 23
39, 30, 24
39, 30, 25
39, 31, 9
39, 31, 10
39, 31, 11
39, 31, 12
39, 31, 13
39, 31, 14
39, 31, 15
39, 31, 16
39, 31, 17
39, 31, 18
39, 31, 19
39, 31, 20
39, 31, 21
39, 31, 22
39, 31, 23
39, 31, 24
39, 31, 25
39, 32, 9
39, 32, 10
39, 32, 11
39, 32, 12
39, 32, 13
39, 32, 14
39, 32, 15
39, 32, 16
39, 32, 17
39, 32, 18
39, 32, 19
39, 32, 20
39, 32, 21
39, 32, 22
39, 32, 23
39, 32, 24
39, 32, 25
40, 28, 9
40, 28, 10
40, 28, 11
40, 28, 12
40, 28, 13
40, 28, 14
40, 28, 15
40, 28, 16
40, 28, 17
40, 28, 18
40, 28, 19
40, 28, 20
40, 28, 21
40, 28, 22
40, 28, 23
40, 28, 24
40, 28, 25
40, 29, 9
40, 29, 10
40, 29, 11
40, 29, 12
40, 29, 13
40, 29, 14
40, 29, 15
40, 29, 16
40, 29, 17
40, 29, 18
40, 29, 19
40, 29, 20
40, 29, 21
40, 29, 22
40, 29, 23
40, 29, 24
40, 29, 25
40, 30, 9
40, 30, 10
40, 30, 11
40, 30, 12
40, 30, 13
40, 30, 14
40, 30, 15
40, 30, 16
40, 30, 17
40, 30, 18
40, 30, 19
40, 30, 20
40, 30, 21
40, 30, 22
40, 30, 23
40, 30, 24
40, 30, 25
40, 31, 9
40, 31, 10
40, 31, 11
40, 31, 12
40, 31, 13
40, 31, 14
40, 31, 15
40, 31, 16
40, 31, 17
40, 31, 18
40, 31, 19
40, 31, 20
40, 31, 21
40, 31, 22
40, 31, 23
40, 31, 24
40, 31, 25
40, 32, 9
40, 32, 10
40, 32, 11
40, 32, 12
40, 32, 13
40, 32, 14
40, 32, 15
40, 32, 16
40, 32, 17
40, 32, 18
40, 32, 19
40, 32, 20
40, 32, 21
40, 32, 22
40, 32, 23
40, 32, 24
40, 32, 25
41, 28, 9
41, 28, 10
41, 28, 11
41, 28, 12
41, 28, 13
41, 28, 14
41, 28, 15
41, 28, 16
41, 28, 17
41, 28, 18
41, 28, 19
41, 28, 20
41, 28, 21
41, 28, 22
41, 28, 23
41, 28, 24
41, 28, 25
41, 29, 9
41, 29, 10
41, 29, 11
41, 29, 12
41, 29, 13
41, 29, 14
41, 29, 15
41, 29, 16
41, 29, 17
41, 29, 18
41, 29, 19
41, 29, 20
41, 29, 21
41, 29, 22
41, 29, 23
41, 29, 24
41, 29, 25
41, 30, 9
41, 30, 10
41, 30, 11
41, 30, 12
41, 30, 13
41, 30, 14
41, 30, 15
41, 30, 16
41, 30, 17
41, 30, 18
41, 30, 19
41, 30, 20
41, 30, 21
41, 30, 22
41, 30, 23
41, 30, 24
41, 30, 25
41, 31, 9
41, 31, 10
41, 31, 11
41, 31, 12
41, 31, 13
41, 31, 14
41, 31, 15
41, 31, 16
41, 31, 17
41, 31, 18
41, 31, 19
41, 31, 20
41, 31, 21
41, 31, 22
41, 31, 23
41, 31, 24
41, 31, 25
41, 32, 9
41, 32, 10
41, 32, 11
41, 32, 12
41, 32, 13
41, 32, 14
41, 32, 15
41, 32, 16
41, 32, 17
41, 32, 18
41, 32, 19
41, 32, 20
41, 32, 21
41, 32, 22
41, 32, 23
41, 32, 24
41, 32, 25
42, 28, 9
42, 28, 10
42, 28, 11
42, 28, 12
42, 28, 13
42, 28, 14
42, 28, 15
42, 28, 16
42, 28, 17
42, 28, 18
42, 28, 19
42, 28, 20
42, 28, 21
42, 28, 22
42, 28, 23
42, 28, 24
42, 28, 25
42, 29, 9
42, 29, 10
42, 29, 11
42, 29, 12
42, 29, 13
42, 29, 14
42, 29, 15
42, 29, 16
42, 29, 17
42, 29, 18
42, 29, 19
42, 29, 20
42, 29, 21
42, 29, 22
42, 29, 23
42, 29, 24
42, 29, 25
42, 30, 9
42, 30, 10
42, 30, 11
42, 30, 12
42, 30, 13
42, 30, 14
42, 30, 15
42, 30, 16
42, 30, 17
42, 30, 18
42, 30, 19
42, 30, 20
42, 30, 21
42, 30, 22
42, 30, 23
42, 30, 24
42, 30, 25
42, 31, 9
42, 31, 10
42, 31, 11
42, 31, 12
42, 31, 13
42, 31, 14
42, 31, 15
42, 31, 16
42, 31, 17
42, 31, 18
42, 31, 19
42, 31, 20
42, 31, 21
42, 31, 22
42, 31, 23
42, 31, 24
42, 31, 25
42, 32, 9
42, 32, 10
42, 32, 11
42, 32, 12
42, 32, 13
42, 32, 14
42, 32, 15
42, 32, 16
42, 32, 17
42, 32, 18
42, 32, 19
42, 32, 20
42, 32, 21
42, 32, 22
42, 32, 23
42, 32, 24
42, 32, 25
