12, 20, 23
12, 20, 24
12, 20, 25
12, 20, 26
12, 20, 27
12, 20, 28
12, 20, 29
12, 20, 30
12, 20, 31
12, 21, 23
12, 21, 24
12, 21, 25
12, 21, 26
12, 21, 27
12, 21, 28
12, 21, 29
12, 21, 30
12, 21, 31
12, 22, 23
12, 22, 24
12, 22, 25
12, 22, 26
12, 22, 27
12, 22, 28
12, 22, 29
12, 22, 30
12, 22, 31
13, 20, 23
13, 20, 24
13, 20, 25
13, 20, 26
13, 20, 27
13, 20, 28
13, 20, 29
13, 20, 30
13, 20, 31
13, 21, 23
13, 21, 24
13, 21, 25
13, 21, 26
13, 21, 27
13, 21, 28
13, 21, 29
13, 21, 30
13, 21, 31
13, 22, 23
13, 22, 24
13, 22, 25
13, 22, 26
13, 22, 27
13, 22, 28
13, 22, 29
13, 22, 30
13, 22, 31
14, 20, 23
14, 20, 24
14, 20, 25
14, 20, 26
14, 20, 27
14, 20, 28
14, 20, 29
14, 20, 30
14, 20, 31
14, 21, 23
14, 21, 24
14, 21, 25
14, 21, 26
14, 21, 27
14, 21, 28
14, 21, 29
14, 21, 30
14, 21, 31
14, 22, 23
14, 22, 24
14, 22, 25
14, 22, 26
14, 22, 27
14, 22, 28
14, 22, 29
14, 22, 30
14, 22, 31
15, 20, 23
15, 20, 24
15, 20, 25
15, 20, 26
15, 20, 27
15, 20, 28
15, 20, 29
15, 20, 30
15, 20, 31
15, 21, 23
15, 21, 24
15, 21, 25
15, 21, 26
15, 21, 27
15, 21, 28
15, 21, 29
15, 21, 30
15, 21, 31
15, 22, 23
15, 22, 24
15, 22, 25
15, 22, 26
15, 22, 27
15, 22, 28
15, 22, 29
15, 22, 30
15, 22, 31
15, 23, 25
15, 23, 26
15, 23, 27
15, 23, 28
15, 23, 29
15, 23, 30
15, 23, 31
15, 24, 25
15, 24, 26
15, 24, 27
15, 24, 28
15, 24, 29
15, 24, 30
15, 24, 31
15, 25, 25
15, 25, 26
15, 25, 27
15, 25, 28
15, 25, 29
15, 25, 30
15, 25, 31
15, 26, 25
15, 26, 26
15, 26, 27
15, 26, 28
15, 26, 29
15, 26, 30
15, 26, 31
15, 27, 25
15, 27, 26
15, 27, 27
15, 27, 28
15, 27, 29
15, 27, 30
15, 27, 31
16, 20, 23
16, 20, 24
16, 20, 25
16, 20, 26
16, 20, 27
16, 20, 28
16, 20, 29
16, 20, 30
16, 20, 31
16, 21, 23
16, 21, 24
16, 21, 25
16, 21, 26
16, 21, 27
16, 21, 28
16, 21, 29
16, 21, 30
16, 21, 31
16, 22, 23
16, 22, 24
16, 22, 25
16, 22, 26
16, 22, 27
16, 22, 28
16, 22, 29
16, 22, 30
16, 22, 31
16, 23, 25
16, 23, 26
16, 23, 27
16, 23, 28
16, 23, 29
16, 23, 30
16, 23, 31
16, 24, 25
16, 24, 26
16, 24, 27
16, 24, 28
16, 24, 29
16, 24, 30
16, 24, 31
16, 25, 25
16, 25, 26
16, 25, 27
16, 25, 28
16, 25, 29
16, 25, 30
16, 25, 31
16, 26, 25
16, 26, 26
16, 26, 27
16, 26, 28
16, 26, 29
16, 26, 30
16, 26, 31
16, 27, 25
16, 27, 26
16, 27, 27
16, 27, 28
16, 27, 29
16, 27, 30
16, 27, 31
17, 20, 23
17, 20, 24
17, 20, 25
17, 20, 26
17, 20, 27
17, 20, 28
17, 20, 29
17, 20, 30
17, 20, 31
17, 21, 23
17, 21, 24
17, 21, 25
17, 21, 26
17, 21, 27
17, 21, 28
17, 21, 29
17, 21, 30
17, 21, 31
17, 22, 23
17, 22, 24
17, 22, 25
17, 22, 26
17, 22, 27
17, 22, 28
17, 22, 29
17, 22, 30
17, 22, 31
17, 23, 25
17, 23, 26
17, 23, 27
17, 23, 28
17, 23, 29
17, 23, 30
17, 23, 31
17, 24, 25
17, 24, 26
17, 24, 27
17, 24, 28
17, 24, 29
17, 24, 30
17, 24, 31
17, 25, 25
17, 25, 26
17, 25, 27
17, 25, 28
17, 25, 29
17, 25, 30
17, 25, 31
17, 26, 25
17, 26, 26
17, 26, 27
17, 26, 28
17, 26, 29
17, 26, 30
17, 26, 31
17, 27, 25
17, 27, 26
17, 27, 27
17, 27, 28
17, 27, 29
17, 27, 30
17, 27, 31
18, 20, 23
18, 20, 24
18, 20, 25
18, 20, 26
18, 20, 27
18, 20, 28
18, 20, 29
18, 20, 30
18, 20, 31
18, 21, 23
18, 21, 24
18, 21, 25
18, 21, 26
18, 21, 27
18, 21, 28
18, 21, 29
18, 21, 30
18, 21, 31
18, 22, 23
18, 22, 24
18, 22, 25
18, 22, 26
18, 22, 27
18, 22, 28
18, 22, 29
18, 22, 30
18, 22, 31
18, 23, 25
18, 23, 26
18, 23, 27
18, 23, 28
18, 23, 29
18, 23, 30
18, 23, 31
18, 24, 25
18, 24, 26
18, 24, 27
18, 24, 28
18, 24, 29
18, 24, 30
18, 24, 31
18, 25, 25
18, 25, 26
18, 25, 27
18, 25, 28
18, 25, 29
18, 25, 30
18, 25, 31
18, 26, 25
18, 26, 26
18, 26, 27
18, 26, 28
18, 26, 29
18, 26, 30
18, 26, 31
18, 27, 25
18, 27, 26
18, 27, 27
18, 27, 28
18, 27, 29
18, 27, 30
18, 27, 31
19, 20, 23
19, 20, 24
19, 20, 25
19, 20, 26
19, 20, 27
19, 20, 28
19, 20, 29
19, 20, 30
19, 20, 31
19, 21, 23
19, 21, 24
19, 21, 25
19, 21, 26
19, 21, 27
19, 21, 28
19, 21, 29
19, 21, 30
19, 21, 31
19, 22, 23
19, 22, 24
19, 22, 25
19, 22, 26
19, 22, 27
19, 22, 28
19, 22, 29
19, 22, 30
19, 22, 31
19, 23, 25
19, 23, 26
19, 23, 27
19, 23, 28
19, 23, 29
19, 23, 30
19, 23, 31
19, 24, 25
19, 24, 26
19, 24, 27
19, 24, 28
19, 24, 29
19, 24, 30
19, 24, 31
19, 25, 25
19, 25, 26
19, 25, 27
19, 25, 28
19, 25, 29
19, 25, 30
19, 25, 31
19, 26, 25
19, 26, 26
19, 26, 27
19, 26, 28
19, 26, 29
19, 26, 30
19, 26, 31
19, 27, 25
19, 27, 26
19, 27, 27
19, 27, 28
19, 27, 29
19, 27, 30
19, 27, 31
20, 20, 23
20, 20, 24
20, 20, 25
20, 20, 26
20, 20, 27
20, 20, 28
20, 20, 29
20, 20, 30
20, 20, 31
20, 21, 23
20, 21, 24
20, 21, 25
20, 21, 26
20, 21, 27
20, 21, 28
20, 21, 29
20, 21, 30
20, 21, 31
20, 22, 23
20, 22, 24
20, 22, 25
20, 22, 26
20, 22, 27
20, 22, 28
20, 22, 29
20, 22, 30
20, 22, 31
20, 23, 25
20, 23, 26
20, 23, 27
20, 23, 28
20, 23, 29
20, 23, 30
20, 23, 31
20, 24, 25
20, 24, 26
20, 24, 27
20, 24, 28
20, 24, 29
20, 24, 30
20, 24, 31
20, 25, 25
20, 25, 26
20, 25, 27
20, 25, 28
20, 25, 29
20, 25, 30
20, 25, 31
20, 26, 25
20, 26, 26
20, 26, 27
20, 26, 28
20, 26, 29
20, 26, 30
20, 26, 31
20, 27, 25
20, 27, 26
20, 27, 27
20, 27, 28
20, 27, 29
20, 27, 30
20, 27, 31
21, 9, 22
21, 9, 23
21, 9, 24
21, 9, 25
21, 9, 26
21, 9, 27
21, 9, 28
21, 10, 22
21, 10, 23
21, 10, 24
21, 10, 25
21, 10, 26
21, 10, 27
21, 10, 28
21, 11, 22
21, 11, 23
21, 11, 24
21, 11, 25
21, 11, 26
21, 11, 27
21, 11, 28
21, 12, 22
21, 12, 23
21, 12, 24
21, 12, 25
21, 12, 26
21, 12, 27
21, 12, 28
21, 13, 22
21, 13, 23
21, 13, 24
21, 13, 25
21, 13, 26
21, 13, 27
21, 13, 28
21, 14, 22
21, 14, 23
21, 14, 24
21, 14, 25
21, 14, 26
21, 14, 27
21, 14, 28
21, 15, 22
21, 15, 23
21, 15, 24
21, 15, 25
21, 15, 26
21, 15, 27
21, 15, 28
21, 16, 22
21, 16, 23
21, 16, 24
21, 16, 25
21, 16, 26
21, 16, 27
21, 16, 28
21, 17, 22
21, 17, 23
21, 17, 24
21, 17, 25
21, 17, 26
21, 17, 27
21, 17, 28
21, 18, 22
21, 18, 23
21, 18, 24
21, 18, 25
21, 18, 26
21, 18, 27
21, 18, 28
21, 19, 22
21, 19, 23
21, 19, 24
21, 19, 25
21, 19, 26
21, 19, 27
21, 19, 28
21, 20, 22
21, 20, 23
21, 20, 24
21, 20, 25
21, 20, 26
21, 20, 27
21, 20, 28
21, 20, 29
21, 20, 30
21, 20, 31
21, 21, 22
21, 21, 23
21, 21, 24
21, 21, 25
21, 21, 26
21, 21, 27
21, 21, 28
21, 21, 29
21, 21, 30
21, 21, 31
21, 22, 22
21, 22, 23
21, 22, 24
21, 22, 25
21, 22, 26
21, 22, 27
21, 22, 28
21, 22, 29
21, 22, 30
21, 22, 31
21, 23, 22
21, 23, 23
21, 23, 24
21, 23, 25
21, 23, 26
21, 23, 27
21, 23, 28
21, 23, 29
21, 23, 30
21, 23, 31
21, 24, 22
21, 24, 23
21, 24, 24
21, 24, 25
21, 24, 26
21, 24, 27
21, 24, 28
21, 24, 29
21, 24, 30
21, 24, 31
21, 25, 22
21, 25, 23
21, 25, 24
21, 25, 25
21, 25, 26
21, 25, 27
21, 25, 28
21, 25, 29
21, 25, 30
21, 25, 31
21, 26, 22
21, 26, 23
21, 26, 24
21, 26, 25
21, 26, 26
21, 26, 27
21, 26, 28
21, 26, 29
21, 26, 30
21, 26, 31
21, 27, 22
21, 27, 23
21, 27, 24
21, 27, 25
21, 27, 26
21, 27, 27
21, 27, 28
21, 27, 29
21, 27, 30
21, 27, 31
21, 28, 22
21, 28, 23
21, 28, 24
21, 28, 25
21, 28, 26
21, 28, 27
21, 28, 28
21, 29, 22
21, 29, 23
21, 29, 24
21, 29, 25
21, 29, 26
21, 29, 27
21, 29, 28
21, 30, 22
21, 30, 23
21, 30, 24
21, 30, 25
21, 30, 26
21, 30, 27
21, 30, 28
21, 31, 22
21, 31, 23
21, 31, 24
21, 31, 25
21, 31, 26
21, 31, 27
21, 31, 28
21, 32, 22
21, 32, 23
21, 32, 24
21, 32, 25
21, 32, 26
21, 32, 27
21, 32, 28
21, 33, 22
21, 33, 23
21, 33, 24
21, 33, 25
21, 33, 26
21, 33, 27
21, 33, 28
21, 34, 22
21, 34, 23
21, 34, 24
21, 34, 25
21, 34, 26
21, 34, 27
21, 34, 28
21, 35, 22
21, 35, 23
21, 35, 24
21, 35, 25
21, 35, 26
21, 35, 27
21, 35, 28
21, 36, 22
21, 36, 23
21, 36, 24
21, 36, 25
21, 36, 26
21, 36, 27
21, 36, 28
21, 37, 22
21, 37, 23
21, 37, 24
21, 37, 25
21, 37, 26
21, 37, 27
21, 37, 28
21, 38, 22
21, 38, 23
21, 38, 24
21, 38, 25
21, 38, 26
21, 38, 27
21, 38, 28
21, 39, 22
21, 39, 23
21, 39, 24
21, 39, 25
21, 39, 26
21, 39, 27
21, 39, 28
21, 40, 22
21, 40, 23
21, 40, 24
21, 40, 25
21, 40, 26
21, 40, 27
21, 40, 28
21, 41, 22
21, 41, 23
21, 41, 24
21, 41, 25
21, 41, 26
21, 41, 27
21, 41, 28
22, 9, 22
22, 9, 23
22, 9, 24
22, 9, 25
22, 9, 26
22, 9, 27
22, 9, 28
22, 10, 22
22, 10, 23
22, 10, 24
22, 10, 25
22, 10, 26
22, 10, 27
22, 10, 28
22, 11, 22
22, 11, 23
22, 11, 24
22, 11, 25
22, 11, 26
22, 11, 27
22, 11, 28
22, 12, 22
22, 12, 23
22, 12, 24
22, 12, 25
22, 12, 26
22, 12, 27
22, 12, 28
22, 13, 22
22, 13, 23
22, 13, 24
22, 13, 25
22, 13, 26
22, 13, 27
22, 13, 28
22, 14, 22
22, 14, 23
22, 14, 24
22, 14, 25
22, 14, 26
22, 14, 27
22, 14, 28
22, 15, 22
22, 15, 23
22, 15, 24
22, 15, 25
22, 15, 26
22, 15, 27
22, 15, 28
22, 16, 22
22, 16, 23
22, 16, 24
22, 16, 25
22, 16, 26
22, 16, 27
22, 16, 28
22, 17, 22
22, 17, 23
22, 17, 24
22, 17, 25
22, 17, 26
22, 17, 27
22, 17, 28
22, 18, 22
22, 18, 23
22, 18, 24
22, 18, 25
22, 18, 26
22, 18, 27
22, 18, 28
22, 19, 22
22, 19, 23
22, 19, 24
22, 19, 25
22, 19, 26
22, 19, 27
22, 19, 28
22, 20, 22
22, 20, 23
22, 20, 24
22, 20, 25
22, 20, 26
22, 20, 27
22, 20, 28
22, 20, 29
22, 20, 30
22, 20, 31
22, 21, 22
22, 21, 23
22, 21, 24
22, 21, 25
22, 21, 26
22, 21, 27
22, 21, 28
22, 21, 29
22, 21, 30
22, 21, 31
22, 22, 22
22, 22, 23
22, 22, 24
22, 22, 25
22, 22, 26
22, 22, 27
22, 22, 28
22, 22, 29
22, 22, 30
22, 22, 31
22, 23, 22
22, 23, 23
22, 23, 24
22, 23, 25
22, 23, 26
22, 23, 27
22, 23, 28
22, 23, 29
22, 23, 30
22, 23, 31
22, 24, 22
22, 24, 23
22, 24, 24
22, 24, 25
22, 24, 26
22, 24, 27
22, 24, 28
22, 24, 29
22, 24, 30
22, 24, 31
22, 25, 22
22, 25, 23
22, 25, 24
22, 25, 25
22, 25, 26
22, 25, 27
22, 25, 28
22, 25, 29
22, 25, 30
22, 25, 31
22, 26, 22
22, 26, 23
22, 26, 24
22, 26, 25
22, 26, 26
22, 26, 27
22, 26, 28
22, 26, 29
22, 26, 30
22, 26, 31
22, 27, 22
22, 27, 23
22, 27, 24
22, 27, 25
22, 27, 26
22, 27, 27
22, 27, 28
22, 27, 29
22, 27, 30
22, 27, 31
22, 28, 22
22, 28, 23
22, 28, 24
22, 28, 25
22, 28, 26
22, 28, 27
22, 28, 28
22, 29, 22
22, 29, 23
22, 29, 24
22, 29, 25
22, 29, 26
22, 29, 27
22, 29, 28
22, 30, 22
22, 30, 23
22, 30, 24
22, 30, 25
22, 30, 26
22, 30, 27
22, 30, 28
22, 31, 22
22, 31, 23
22, 31, 24
22, 31, 25
22, 31, 26
22, 31, 27
22, 31, 28
22, 32, 22
22, 32, 23
22, 32, 24
22, 32, 25
22, 32, 26
22, 32, 27
22, 32, 28
22, 33, 22
22, 33, 23
22, 33, 24
22, 33, 25
22, 33, 26
22, 33, 27
22, 33, 28
22, 34, 22
22, 34, 23
22, 34, 24
22, 34, 25
22, 34, 26
22, 34, 27
22, 34, 28
22, 35, 22
22, 35, 23
22, 35, 24
22, 35, 25
22, 35, 26
22, 35, 27
22, 35, 28
22, 36, 22
22, 36, 23
22, 36, 24
22, 36, 25
22, 36, 26
22, 36, 27
22, 36, 28
22, 37, 22
22, 37, 23
22, 37, 24
22, 37, 25
22, 37, 26
22, 37, 27
22, 37, 28
22, 38, 22
22, 38, 23
22, 38, 24
22, 38, 25
22, 38, 26
22, 38, 27
22, 38, 28
22, 39, 22
22, 39, 23
22, 39, 24
22, 39, 25
22, 39, 26
22, 39, 27
22, 39, 28
22, 40, 22
22, 40, 23
22, 40, 24
22, 40, 25
22, 40, 26
22, 40, 27
22, 40, 28
22, 41, 22
22, 41, 23
22, 41, 24
22, 41, 25
22, 41, 26
22, 41, 27
22, 41, 28
23, 5, 30
23, 5, 31
23, 5, 32
23, 6, 30
23, 6, 31
23, 6, 32
23, 7, 30
23, 7, 31
23, 7, 32
23, 8, 30
23, 8, 31
23, 8, 32
23, 9, 22
23, 9, 23
23, 9, 24
23, 9, 25
23, 9, 26
23, 9, 27
23, 9, 28
23, 9, 30
23, 9, 31
23, 9, 32
23, 10, 22
23, 10, 23
23, 10, 24
23, 10, 25
23, 10, 26
23, 10, 27
23, 10, 28
23, 10, 30
23, 10, 31
23, 10, 32
23, 11, 22
23, 11, 23
23, 11, 24
23, 11, 25
23, 11, 26
23, 11, 27
23, 11, 28
23, 11, 30
23, 11, 31
23, 11, 32
23, 12, 22
23, 12, 23
23, 12, 24
23, 12, 25
23, 12, 26
23, 12, 27
23, 12, 28
23, 12, 30
23, 12, 31
23, 12, 32
23, 13, 22
23, 13, 23
23, 13, 24
23, 13, 25
23, 13, 26
23, 13, 27
23, 13, 28
23, 13, 30
23, 13, 31
23, 13, 32
23, 14, 22
23, 14, 23
23, 14, 24
23, 14, 25
23, 14, 26
23, 14, 27
23, 14, 28
23, 14, 30
23, 14, 31
23, 14, 32
23, 15, 22
23, 15, 23
23, 15, 24
23, 15, 25
23, 15, 26
23, 15, 27
23, 15, 28
23, 15, 30
23, 15, 31
23, 15, 32
23, 16, 22
23, 16, 23
23, 16, 24
23, 16, 25
23, 16, 26
23, 16, 27
23, 16, 28
23, 16, 30
23, 16, 31
23, 16, 32
23, 17, 22
23, 17, 23
23, 17, 24
23, 17, 25
23, 17, 26
23, 17, 27
23, 17, 28
23, 17, 30
23, 17, 31
23, 17, 32
23, 18, 22
23, 18, 23
23, 18, 24
23, 18, 25
23, 18, 26
23, 18, 27
23, 18, 28
23, 18, 30
23, 18, 31
23, 18, 32
23, 19, 22
23, 19, 23
23, 19, 24
23, 19, 25
23, 19, 26
23, 19, 27
23, 19, 28
23, 19, 30
23, 19, 31
23, 19, 32
23, 20, 22
23, 20, 23
23, 20, 24
23, 20, 25
23, 20, 26
23, 20, 27
23, 20, 28
23, 20, 29
23, 20, 30
23, 20, 31
23, 21, 22
23, 21, 23
23, 21, 24
23, 21, 25
23, 21, 26
23, 21, 27
23, 21, 28
23, 21, 29
23, 21, 30
23, 21, 31
23, 22, 22
23, 22, 23
23, 22, 24
23, 22, 25
23, 22, 26
23, 22, 27
23, 22, 28
23, 22, 29
23, 22, 30
23, 22, 31
23, 23, 22
23, 23, 23
23, 23, 24
23, 23, 25
23, 23, 26
23, 23, 27
23, 23, 28
23, 23, 29
23, 23, 30
23, 23, 31
23, 24, 22
23, 24, 23
23, 24, 24
23, 24, 25
23, 24, 26
23, 24, 27
23, 24, 28
23, 24, 29
23, 24, 30
23, 24, 31
23, 25, 22
23, 25, 23
23, 25, 24
23, 25, 25
23, 25, 26
23, 25, 27
23, 25, 28
23, 25, 29
23, 25, 30
23, 25, 31
23, 26, 22
23, 26, 23
23, 26, 24
23, 26, 25
23, 26, 26
23, 26, 27
23, 26, 28
23, 26, 29
23, 26, 30
23, 26, 31
23, 27, 22
23, 27, 23
23, 27, 24
23, 27, 25
23, 27, 26
23, 27, 27
23, 27, 28
23, 27, 29
23, 27, 30
23, 27, 31
23, 28, 22
23, 28, 23
23, 28, 24
23, 28, 25
23, 28, 26
23, 28, 27
23, 28, 28
23, 29, 22
23, 29, 23
23, 29, 24
23, 29, 25
23, 29, 26
23, 29, 27
23, 29, 28
23, 30, 22
23, 30, 23
23, 30, 24
23, 30, 25
23, 30, 26
23, 30, 27
23, 30, 28
23, 31, 22
23, 31, 23
23, 31, 24
23, 31, 25
23, 31, 26
23, 31, 27
23, 31, 28
23, 32, 22
23, 32, 23
23, 32, 24
23, 32, 25
23, 32, 26
23, 32, 27
23, 32, 28
23, 33, 22
23, 33, 23
23, 33, 24
23, 33, 25
23, 33, 26
23, 33, 27
23, 33, 28
23, 34, 22
23, 34, 23
23, 34, 24
23, 34, 25
23, 34, 26
23, 34, 27
23, 34, 28
23, 35, 22
23, 35, 23
23, 35, 24
23, 35, 25
23, 35, 26
23, 35, 27
23, 35, 28
23, 36, 22
23, 36, 23
23, 36, 24
23, 36, 25
23, 36, 26
23, 36, 27
23, 36, 28
23, 37, 22
23, 37, 23
23, 37, 24
23, 37, 25
23, 37, 26
23, 37, 27
23, 37, 28
23, 38, 22
23, 38, 23
23, 38, 24
23, 38, 25
23, 38, 26
23, 38, 27
23, 38, 28
23, 39, 22
23, 39, 23
23, 39, 24
23, 39, 25
23, 39, 26
23, 39, 27
23, 39, 28
23, 40, 22
23, 40, 23
23, 40, 24
23, 40, 25
23, 40, 26
23, 40, 27
23, 40, 28
23, 41, 22
23, 41, 23
23, 41, 24
23, 41, 25
23, 41, 26
23, 41, 27
23, 41, 28
24, 5, 30
24, 5, 31
24, 5, 32
24, 6, 30
24, 6, 31
24, 6, 32
24, 7, 30
24, 7, 31
24, 7, 32
24, 8, 30
24, 8, 31
24, 8, 32
24, 9, 22
24, 9, 23
24, 9, 24
24, 9, 25
24, 9, 26
24, 9, 27
24, 9, 28
24, 9, 30
24, 9, 31
24, 9, 32
24, 10, 22
24, 10, 23
24, 10, 24
24, 10, 25
24, 10, 26
24, 10, 27
24, 10, 28
24, 10, 30
24, 10, 31
24, 10, 32
24, 11, 22
24, 11, 23
24, 11, 24
24, 11, 25
24, 11, 26
24, 11, 27
24, 11, 28
24, 11, 30
24, 11, 31
24, 11, 32
24, 12, 22
24, 12, 23
24, 12, 24
24, 12, 25
24, 12, 26
24, 12, 27
24, 12, 28
24, 12, 30
24, 12, 31
24, 12, 32
24, 13, 22
24, 13, 23
24, 13, 24
24, 13, 25
24, 13, 26
24, 13, 27
24, 13, 28
24, 13, 30
24, 13, 31
24, 13, 32
24, 14, 22
24, 14, 23
24, 14, 24
24, 14, 25
24, 14, 26
24, 14, 27
24, 14, 28
24, 14, 30
24, 14, 31
24, 14, 32
24, 15, 22
24, 15, 23
24, 15, 24
24, 15, 25
24, 15, 26
24, 15, 27
24, 15, 28
24, 15, 30
24, 15, 31
24, 15, 32
24, 16, 22
24, 16, 23
24, 16, 24
24, 16, 25
24, 16, 26
24, 16, 27
24, 16, 28
24, 16, 30
24, 16, 31
24, 16, 32
24, 17, 22
24, 17, 23
24, 17, 24
24, 17, 25
24, 17, 26
24, 17, 27
24, 17, 28
24, 17, 30
24, 17, 31
24, 17, 32
24, 18, 22
24, 18, 23
24, 18, 24
24, 18, 25
24, 18, 26
24, 18, 27
24, 18, 28
24, 18, 30
24, 18, 31
24, 18, 32
24, 19, 15
24, 19, 16
24, 19, 17
24, 19, 18
24, 19, 19
24, 19, 20
24, 19, 21
24, 19, 22
24, 19, 23
24, 19, 24
24, 19, 25
24, 19, 26
24, 19, 27
24, 19, 28
24, 19, 29
24, 19, 30
24, 19, 31
24, 19, 32
24, 19, 33
24, 20, 15
24, 20, 16
24, 20, 17
24, 20, 18
24, 20, 19
24, 20, 20
24, 20, 21
24, 20, 22
24, 20, 23
24, 20, 24
24, 20, 25
24, 20, 26
24, 20, 27
24, 20, 28
24, 20, 29
24, 20, 30
24, 20, 31
24, 20, 32
24, 20, 33
24, 21, 15
24, 21, 16
24, 21, 17
24, 21, 18
24, 21, 19
24, 21, 20
24, 21, 21
24, 21, 22
24, 21, 23
24, 21, 24
24, 21, 25
24, 21, 26
24, 21, 27
24, 21, 28
24, 21, 29
24, 21, 30
24, 21, 31
24, 21, 32
24, 21, 33
24, 22, 15
24, 22, 16
24, 22, 17
24, 22, 18
24, 22, 19
24, 22, 20
24, 22, 21
24, 22, 22
24, 22, 23
24, 22, 24
24, 22, 25
24, 22, 26
24, 22, 27
24, 22, 28
24, 22, 29
24, 22, 30
24, 22, 31
24, 22, 32
24, 22, 33
24, 23, 15
24, 23, 16
24, 23, 17
24, 23, 18
24, 23, 19
24, 23, 20
24, 23, 21
24, 23, 22
24, 23, 23
24, 23, 24
24, 23, 25
24, 23, 26
24, 23, 27
24, 23, 28
24, 23, 29
24, 23, 30
24, 23, 31
24, 23, 32
24, 23, 33
24, 24, 15
24, 24, 16
24, 24, 17
24, 24, 18
24, 24, 19
24, 24, 20
24, 24, 21
24, 24, 22
24, 24, 23
24, 24, 24
24, 24, 25
24, 24, 26
24, 24, 27
24, 24, 28
24, 24, 29
24, 24, 30
24, 24, 31
24, 24, 32
24, 24, 33
24, 25, 15
24, 25, 16
24, 25, 17
24, 25, 18
24, 25, 19
24, 25, 20
24, 25, 21
24, 25, 22
24, 25, 23
24, 25, 24
24, 25, 25
24, 25, 26
24, 25, 27
24, 25, 28
24, 25, 29
24, 25, 30
24, 25, 31
24, 25, 32
24, 25, 33
24, 26, 15
24, 26, 16
24, 26, 17
24, 26, 18
24, 26, 19
24, 26, 20
24, 26, 21
24, 26, 22
24, 26, 23
24, 26, 24
24, 26, 25
24, 26, 26
24, 26, 27
24, 26, 28
24, 26, 29
24, 26, 30
24, 26, 31
24, 26, 32
24, 26, 33
24, 27, 15
24, 27, 16
24, 27, 17
24, 27, 18
24, 27, 19
24, 27, 20
24, 27, 21
24, 27, 22
24, 27, 23
24, 27, 24
24, 27, 25
24, 27, 26
24, 27, 27
24, 27, 28
24, 27, 29
24, 27, 30
24, 27, 31
24, 27, 32
24, 27, 33
24, 28, 15
24, 28, 16
24, 28, 17
24, 28, 18
24, 28, 19
24, 28, 20
24, 28, 21
24, 28, 22
24, 28, 23
24, 28, 24
24, 28, 25
24, 28, 26
24, 28, 27
24, 28, 28
24, 28, 29
24, 28, 30
24, 28, 31
24, 28, 32
24, 28, 33
24, 29, 15
24, 29, 16
24, 29, 17
24, 29, 18
24, 29, 19
24, 29, 20
24, 29, 21
24, 29, 22
24, 29, 23
24, 29, 24
24, 29, 25
24, 29, 26
24, 29, 27
24, 29, 28
24, 29, 29
24, 29, 30
24, 29, 31
24, 29, 32
24, 29, 33
24, 30, 15
24, 30, 16
24, 30, 17
24, 30, 18
24, 30, 19
24, 30, 20
24, 30, 21
24, 30, 22
24, 30, 23
24, 30, 24
24, 30, 25
24, 30, 26
24, 30, 27
24, 30, 28
24, 30, 29
24, 30, 30
24, 30, 31
24, 30, 32
24, 30, 33
24, 31, 15
24, 31, 16
24, 31, 17
24, 31, 18
24, 31, 19
24, 31, 20
24, 31, 21
24, 31, 22
24, 31, 23
24, 31, 24
24, 31, 25
24, 31, 26
24, 31, 27
24, 31, 28
24, 31, 29
24, 31, 30
24, 31, 31
24, 31, 32
24, 31, 33
24, 32, 15
24, 32, 16
24, 32, 17
24, 32, 18
24, 32, 19
24, 32, 20
24, 32, 21
24, 32, 22
24, 32, 23
24, 32, 24
24, 32, 25
24, 32, 26
24, 32, 27
24, 32, 28
24, 32, 29
24, 32, 30
24, 32, 31
24, 32, 32
24, 32, 33
24, 33, 15
24, 33, 16
24, 33, 17
24, 33, 18
24, 33, 19
24, 33, 20
24, 33, 21
24, 33, 22
24, 33, 23
24, 33, 24
24, 33, 25
24, 33, 26
24, 33, 27
24, 33, 28
24, 33, 29
24, 33, 30
24, 33, 31
24, 33, 32
24, 33, 33
24, 34, 22
24, 34, 23
24, 34, 24
24, 34, 25
24, 34, 26
24, 34, 27
24, 34, 28
24, 35, 22
24, 35, 23
24, 35, 24
24, 35, 25
24, 35, 26
24, 35, 27
24, 35, 28
24, 36, 22
24, 36, 23
24, 36, 24
24, 36, 25
24, 36, 26
24, 36, 27
24, 36, 28
24, 37, 22
24, 37, 23
24, 37, 24
24, 37, 25
24, 37, 26
24, 37, 27
24, 37, 28
24, 38, 22
24, 38, 23
24, 38, 24
24, 38, 25
24, 38, 26
24, 38, 27
24, 38, 28
24, 39, 22
24, 39, 23
24, 39, 24
24, 39, 25
24, 39, 26
24, 39, 27
24, 39, 28
24, 40, 22
24, 40, 23
24, 40, 24
24, 40, 25
24, 40, 26
24, 40, 27
24, 40, 28
24, 41, 22
24, 41, 23
24, 41, 24
24, 41, 25
24, 41, 26
24, 41, 27
24, 41, 28
25, 5, 30
25, 5, 31
25, 5, 32
25, 6, 30
25, 6, 31
25, 6, 32
25, 7, 30
25, 7, 31
25, 7, 32
25, 8, 30
25, 8, 31
25, 8, 32
25, 9, 22
25, 9, 23
25, 9, 24
25, 9, 25
25, 9, 26
25, 9, 27
25, 9, 28
25, 9, 30
25, 9, 31
25, 9, 32
25, 10, 22
25, 10, 23
25, 10, 24
25, 10, 25
25, 10, 26
25, 10, 27
25, 10, 28
25, 10, 30
25, 10, 31
25, 10, 32
25, 11, 22
25, 11, 23
25, 11, 24
25, 11, 25
25, 11, 26
25, 11, 27
25, 11, 28
25, 11, 30
25, 11, 31
25, 11, 32
25, 12, 22
25, 12, 23
25, 12, 24
25, 12, 25
25, 12, 26
25, 12, 27
25, 12, 28
25, 12, 30
25, 12, 31
25, 12, 32
25, 13, 22
25, 13, 23
25, 13, 24
25, 13, 25
25, 13, 26
25, 13, 27
25, 13, 28
25, 13, 30
25, 13, 31
25, 13, 32
25, 14, 22
25, 14, 23
25, 14, 24
25, 14, 25
25, 14, 26
25, 14, 27
25, 14, 28
25, 14, 30
25, 14, 31
25, 14, 32
25, 15, 22
25, 15, 23
25, 15, 24
25, 15, 25
25, 15, 26
25, 15, 27
25, 15, 28
25, 15, 30
25, 15, 31
25, 15, 32
25, 16, 22
25, 16, 23
25, 16, 24
25, 16, 25
25, 16, 26
25, 16, 27
25, 16, 28
25, 16, 30
25, 16, 31
25, 16, 32
25, 17, 22
25, 17, 23
25, 17, 24
25, 17, 25
25, 17, 26
25, 17, 27
25, 17, 28
25, 17, 30
25, 17, 31
25, 17, 32
25, 18, 22
25, 18, 23
25, 18, 24
25, 18, 25
25, 18, 26
25, 18, 27
25, 18, 28
25, 18, 30
25, 18, 31
25, 18, 32
25, 19, 15
25, 19, 16
25, 19, 17
25, 19, 18
25, 19, 19
25, 19, 20
25, 19, 21
25, 19, 22
25, 19, 23
25, 19, 24
25, 19, 25
25, 19, 26
25, 19, 27
25, 19, 28
25, 19, 29
25, 19, 30
25, 19, 31
25, 19, 32
25, 19, 33
25, 20, 15
25, 20, 16
25, 20, 17
25, 20, 18
25, 20, 19
25, 20, 20
25, 20, 21
25, 20, 22
25, 20, 23
25, 20, 24
25, 20, 25
25, 20, 26
25, 20, 27
25, 20, 28
25, 20, 29
25, 20, 30
25, 20, 31
25, 20, 32
25, 20, 33
25, 21, 15
25, 21, 16
25, 21, 17
25, 21, 18
25, 21, 19
25, 21, 20
25, 21, 21
25, 21, 22
25, 21, 23
25, 21, 24
25, 21, 25
25, 21, 26
25, 21, 27
25, 21, 28
25, 21, 29
25, 21, 30
25, 21, 31
25, 21, 32
25, 21, 33
25, 22, 15
25, 22, 16
25, 22, 17
25, 22, 18
25, 22, 19
25, 22, 20
25, 22, 21
25, 22, 22
25, 22, 23
25, 22, 24
25, 22, 25
25, 22, 26
25, 22, 27
25, 22, 28
25, 22, 29
25, 22, 30
25, 22, 31
25, 22, 32
25, 22, 33
25, 23, 15
25, 23, 16
25, 23, 17
25, 23, 18
25, 23, 19
25, 23, 20
25, 23, 21
25, 23, 22
25, 23, 23
25, 23, 24
25, 23, 25
25, 23, 26
25, 23, 27
25, 23, 28
25, 23, 29
25, 23, 30
25, 23, 31
25, 23, 32
25, 23, 33
25, 24, 15
25, 24, 16
25, 24, 17
25, 24, 18
25, 24, 19
25, 24, 20
25, 24, 21
25, 24, 22
25, 24, 23
25, 24, 24
25, 24, 25
25, 24, 26
25, 24, 27
25, 24, 28
25, 24, 29
25, 24, 30
25, 24, 31
25, 24, 32
25, 24, 33
25, 25, 15
25, 25, 16
25, 25, 17
25, 25, 18
25, 25, 19
25, 25, 20
25, 25, 21
25, 25, 22
25, 25, 23
25, 25, 24
25, 25, 25
25, 25, 26
25, 25, 27
25, 25, 28
25, 25, 29
25, 25, 30
25, 25, 31
25, 25, 32
25, 25, 33
25, 26, 15
25, 26, 16
25, 26, 17
25, 26, 18
25, 26, 19
25, 26, 20
25, 26, 21
25, 26, 22
25, 26, 23
25, 26, 24
25, 26, 25
25, 26, 26
25, 26, 27
25, 26, 28
25, 26, 29
25, 26, 30
25, 26, 31
25, 26, 32
25, 26, 33
25, 27, 15
25, 27, 16
25, 27, 17
25, 27, 18
25, 27, 19
25, 27, 20
25, 27, 21
25, 27, 22
25, 27, 23
25, 27, 24
25, 27, 25
25, 27, 26
25, 27, 27
25, 27, 28
25, 27, 29
25, 27, 30
25, 27, 31
25, 27, 32
25, 27, 33
25, 28, 15
25, 28, 16
25, 28, 17
25, 28, 18
25, 28, 19
25, 28, 20
25, 28, 21
25, 28, 22
25, 28, 23
25, 28, 24
25, 28, 25
25, 28, 26
25, 28, 27
25, 28, 28
25, 28, 29
25, 28, 30
25, 28, 31
25, 28, 32
25, 28, 33
25, 29, 15
25, 29, 16
25, 29, 17
25, 29, 18
25, 29, 19
25, 29, 20
25, 29, 21
25, 29, 22
25, 29, 23
25, 29, 24
25, 29, 25
25, 29, 26
25, 29, 27
25, 29, 28
25, 29, 29
25, 29, 30
25, 29, 31
25, 29, 32
25, 29, 33
25, 30, 15
25, 30, 16
25, 30, 17
25, 30, 18
25, 30, 19
25, 30, 20
25, 30, 21
25, 30, 22
25, 30, 23
25, 30, 24
25, 30, 25
25, 30, 26
25, 30, 27
25, 30, 28
25, 30, 29
25, 30, 30
25, 30, 31
25, 30, 32
25, 30, 33
25, 31, 15
25, 31, 16
25, 31, 17
25, 31, 18
25, 31, 19
25, 31, 20
25, 31, 21
25, 31, 22
25, 31, 23
25, 31, 24
25, 31, 25
25, 31, 26
25, 31, 27
25, 31, 28
25, 31, 29
25, 31, 30
25, 31, 31
25, 31, 32
25, 31, 33
25, 32, 15
25, 32, 16
25, 32, 17
25, 32, 18
25, 32, 19
25, 32, 20
25, 32, 21
25, 32, 22
25, 32, 23
25, 32, 24
25, 32, 25
25, 32, 26
25, 32, 27
25, 32, 28
25, 32, 29
25, 32, 30
25, 32, 31
25, 32, 32
25, 32, 33
25, 33, 15
25, 33, 16
25, 33, 17
25, 33, 18
25, 33, 19
25, 33, 20
25, 33, 21
25, 33, 22
25, 33, 23
25, 33, 24
25, 33, 25
25, 33, 26
25, 33, 27
25, 33, 28
25, 33, 29
25, 33, 30
25, 33, 31
25, 33, 32
25, 33, 33
25, 34, 22
25, 34, 23
25, 34, 24
25, 34, 25
25, 34, 26
25, 34, 27
25, 34, 28
25, 35, 22
25, 35, 23
25, 35, 24
25, 35, 25
25, 35, 26
25, 35, 27
25, 35, 28
25, 36, 22
25, 36, 23
25, 36, 24
25, 36, 25
25, 36, 26
25, 36, 27
25, 36, 28
25, 37, 22
25, 37, 23
25, 37, 24
25, 37, 25
25, 37, 26
25, 37, 27
25, 37, 28
25, 38, 22
25, 38, 23
25, 38, 24
25, 38, 25
25, 38, 26
25, 38, 27
25, 38, 28
25, 39, 22
25, 39, 23
25, 39, 24
25, 39, 25
25, 39, 26
25, 39, 27
25, 39, 28
25, 40, 22
25, 40, 23
25, 40, 24
25, 40, 25
25, 40, 26
25, 40, 27
25, 40, 28
25, 41, 22
25, 41, 23
25, 41, 24
25, 41, 25
25, 41, 26
25, 41, 27
25, 41, 28
26, 5, 30
26, 5, 31
26, 5, 32
26, 6, 30
26, 6, 31
26, 6, 32
26, 7, 30
26, 7, 31
26, 7, 32
26, 8, 30
26, 8, 31
26, 8, 32
26, 9, 22
26, 9, 23
26, 9, 24
26, 9, 25
26, 9, 26
26, 9, 27
26, 9, 28
26, 9, 30
26, 9, 31
26, 9, 32
26, 10, 22
26, 10, 23
26, 10, 24
26, 10, 25
26, 10, 26
26, 10, 27
26, 10, 28
26, 10, 30
26, 10, 31
26, 10, 32
26, 11, 19
26, 11, 20
26, 11, 21
26, 11, 22
26, 11, 23
26, 11, 24
26, 11, 25
26, 11, 26
26, 11, 27
26, 11, 28
26, 11, 29
26, 11, 30
26, 11, 31
26, 11, 32
26, 11, 33
26, 11, 34
26, 11, 35
26, 11, 36
26, 11, 37
26, 12, 19
26, 12, 20
26, 12, 21
26, 12, 22
26, 12, 23
26, 12, 24
26, 12, 25
26, 12, 26
26, 12, 27
26, 12, 28
26, 12, 29
26, 12, 30
26, 12, 31
26, 12, 32
26, 12, 33
26, 12, 34
26, 12, 35
26, 12, 36
26, 12, 37
26, 13, 19
26, 13, 20
26, 13, 21
26, 13, 22
26, 13, 23
26, 13, 24
26, 13, 25
26, 13, 26
26, 13, 27
26, 13, 28
26, 13, 29
26, 13, 30
26, 13, 31
26, 13, 32
26, 13, 33
26, 13, 34
26, 13, 35
26, 13, 36
26, 13, 37
26, 14, 22
26, 14, 23
26, 14, 24
26, 14, 25
26, 14, 26
26, 14, 27
26, 14, 28
26, 14, 30
26, 14, 31
26, 14, 32
26, 15, 22
26, 15, 23
26, 15, 24
26, 15, 25
26, 15, 26
26, 15, 27
26, 15, 28
26, 15, 30
26, 15, 31
26, 15, 32
26, 16, 22
26, 16, 23
26, 16, 24
26, 16, 25
26, 16, 26
26, 16, 27
26, 16, 28
26, 16, 30
26, 16, 31
26, 16, 32
26, 17, 22
26, 17, 23
26, 17, 24
26, 17, 25
26, 17, 26
26, 17, 27
26, 17, 28
26, 17, 30
26, 17, 31
26, 17, 32
26, 18, 22
26, 18, 23
26, 18, 24
26, 18, 25
26, 18, 26
26, 18, 27
26, 18, 28
26, 18, 30
26, 18, 31
26, 18, 32
26, 19, 15
26, 19, 16
26, 19, 17
26, 19, 18
26, 19, 19
26, 19, 20
26, 19, 21
26, 19, 22
26, 19, 23
26, 19, 24
26, 19, 25
26, 19, 26
26, 19, 27
26, 19, 28
26, 19, 29
26, 19, 30
26, 19, 31
26, 19, 32
26, 19, 33
26, 20, 15
26, 20, 16
26, 20, 17
26, 20, 18
26, 20, 19
26, 20, 20
26, 20, 21
26, 20, 22
26, 20, 23
26, 20, 24
26, 20, 25
26, 20, 26
26, 20, 27
26, 20, 28
26, 20, 29
26, 20, 30
26, 20, 31
26, 20, 32
26, 20, 33
26, 21, 15
26, 21, 16
26, 21, 17
26, 21, 18
26, 21, 19
26, 21, 20
26, 21, 21
26, 21, 22
26, 21, 23
26, 21, 24
26, 21, 25
26, 21, 26
26, 21, 27
26, 21, 28
26, 21, 29
26, 21, 30
26, 21, 31
26, 21, 32
26, 21, 33
26, 22, 15
26, 22, 16
26, 22, 17
26, 22, 18
26, 22, 19
26, 22, 20
26, 22, 21
26, 22, 22
26, 22, 23
26, 22, 24
26, 22, 25
26, 22, 26
26, 22, 27
26, 22, 28
26, 22, 29
26, 22, 30
26, 22, 31
26, 22, 32
26, 22, 33
26, 23, 15
26, 23, 16
26, 23, 17
26, 23, 18
26, 23, 19
26, 23, 20
26, 23, 21
26, 23, 22
26, 23, 23
26, 23, 24
26, 23, 25
26, 23, 26
26, 23, 27
26, 23, 28
26, 23, 29
26, 23, 30
26, 23, 31
26, 23, 32
26, 23, 33
26, 24, 15
26, 24, 16
26, 24, 17
26, 24, 18
26, 24, 19
26, 24, 20
26, 24, 21
26, 24, 22
26, 24, 23
26, 24, 24
26, 24, 25
26, 24, 26
26, 24, 27
26, 24, 28
26, 24, 29
26, 24, 30
26, 24, 31
26, 24, 32
26, 24, 33
26, 25, 15
26, 25, 16
26, 25, 17
26, 25, 18
26, 25, 19
26, 25, 20
26, 25, 21
26, 25, 22
26, 25, 23
26, 25, 24
26, 25, 25
26, 25, 26
26, 25, 27
26, 25, 28
26, 25, 29
26, 25, 30
26, 25, 31
26, 25, 32
26, 25, 33
26, 26, 15
26, 26, 16
26, 26, 17
26, 26, 18
26, 26, 19
26, 26, 20
26, 26, 21
26, 26, 22
26, 26, 23
26, 26, 24
26, 26, 25
26, 26, 26
26, 26, 27
26, 26, 28
26, 26, 29
26, 26, 30
26, 26, 31
26, 26, 32
26, 26, 33
26, 27, 15
26, 27, 16
26, 27, 17
26, 27, 18
26, 27, 19
26, 27, 20
26, 27, 21
26, 27, 22
26, 27, 23
26, 27, 24
26, 27, 25
26, 27, 26
26, 27, 27
26, 27, 28
26, 27, 29
26, 27, 30
26, 27, 31
26, 27, 32
26, 27, 33
26, 28, 15
26, 28, 16
26, 28, 17
26, 28, 18
26, 28, 19
26, 28, 20
26, 28, 21
26, 28, 22
26, 28, 23
26, 28, 24
26, 28, 25
26, 28, 26
26, 28, 27
26, 28, 28
26, 28, 29
26, 28, 30
26, 28, 31
26, 28, 32
26, 28, 33
26, 29, 15
26, 29, 16
26, 29, 17
26, 29, 18
26, 29, 19
26, 29, 20
26, 29, 21
26, 29, 22
26, 29, 23
26, 29, 24
26, 29, 25
26, 29, 26
26, 29, 27
26, 29, 28
26, 29, 29
26, 29, 30
26, 29, 31
26, 29, 32
26, 29, 33
26, 30, 15
26, 30, 16
26, 30, 17
26, 30, 18
26, 30, 19
26, 30, 20
26, 30, 21
26, 30, 22
26, 30, 23
26, 30, 24
26, 30, 25
26, 30, 26
26, 30, 27
26, 30, 28
26, 30, 29
26, 30, 30
26, 30, 31
26, 30, 32
26, 30, 33
26, 31, 15
26, 31, 16
26, 31, 17
26, 31, 18
26, 31, 19
26, 31, 20
26, 31, 21
26, 31, 22
26, 31, 23
26, 31, 24
26, 31, 25
26, 31, 26
26, 31, 27
26, 31, 28
26, 31, 29
26, 31, 30
26, 31, 31
26, 31, 32
26, 31, 33
26, 32, 15
26, 32, 16
26, 32, 17
26, 32, 18
26, 32, 19
26, 32, 20
26, 32, 21
26, 32, 22
26, 32, 23
26, 32, 24
26, 32, 25
26, 32, 26
26, 32, 27
26, 32, 28
26, 32, 29
26, 32, 30
26, 32, 31
26, 32, 32
26, 32, 33
26, 33, 15
26, 33, 16
26, 33, 17
26, 33, 18
26, 33, 19
26, 33, 20
26, 33, 21
26, 33, 22
26, 33, 23
26, 33, 24
26, 33, 25
26, 33, 26
26, 33, 27
26, 33, 28
26, 33, 29
26, 33, 30
26, 33, 31
26, 33, 32
26, 33, 33
26, 34, 22
26, 34, 23
26, 34, 24
26, 34, 25
26, 34, 26
26, 34, 27
26, 34, 28
26, 35, 22
26, 35, 23
26, 35, 24
26, 35, 25
26, 35, 26
26, 35, 27
26, 35, 28
26, 36, 22
26, 36, 23
26, 36, 24
26, 36, 25
26, 36, 26
26, 36, 27
26, 36, 28
26, 37, 22
26, 37, 23
26, 37, 24
26, 37, 25
26, 37, 26
26, 37, 27
26, 37, 28
26, 38, 22
26, 38, 23
26, 38, 24
26, 38, 25
26, 38, 26
26, 38, 27
26, 38, 28
26, 39, 22
26, 39, 23
26, 39, 24
26, 39, 25
26, 39, 26
26, 39, 27
26, 39, 28
26, 40, 22
26, 40, 23
26, 40, 24
26, 40, 25
26, 40, 26
26, 40, 27
26, 40, 28
26, 41, 22
26, 41, 23
26, 41, 24
26, 41, 25
26, 41, 26
26, 41, 27
26, 41, 28
27, 5, 30
27, 5, 31
27, 5, 32
27, 6, 30
27, 6, 31
27, 6, 32
27, 7, 30
27, 7, 31
27, 7, 32
27, 8, 30
27, 8, 31
27, 8, 32
27, 9, 22
27, 9, 23
27, 9, 24
27, 9, 25
27, 9, 26
27, 9, 27
27, 9, 28
27, 9, 30
27, 9, 31
27, 9, 32
27, 10, 22
27, 10, 23
27, 10, 24
27, 10, 25
27, 10, 26
27, 10, 27
27, 10, 28
27, 10, 30
27, 10, 31
27, 10, 32
27, 11, 19
27, 11, 20
27, 11, 21
27, 11, 22
27, 11, 23
27, 11, 24
27, 11, 25
27, 11, 26
27, 11, 27
27, 11, 28
27, 11, 29
27, 11, 30
27, 11, 31
27, 11, 32
27, 11, 33
27, 11, 34
27, 11, 35
27, 11, 36
27, 11, 37
27, 12, 19
27, 12, 20
27, 12, 21
27, 12, 22
27, 12, 23
27, 12, 24
27, 12, 25
27, 12, 26
27, 12, 27
27, 12, 28
27, 12, 29
27, 12, 30
27, 12, 31
27, 12, 32
27, 12, 33
27, 12, 34
27, 12, 35
27, 12, 36
27, 12, 37
27, 13, 19
27, 13, 20
27, 13, 21
27, 13, 22
27, 13, 23
27, 13, 24
27, 13, 25
27, 13, 26
27, 13, 27
27, 13, 28
27, 13, 29
27, 13, 30
27, 13, 31
27, 13, 32
27, 13, 33
27, 13, 34
27, 13, 35
27, 13, 36
27, 13, 37
27, 14, 22
27, 14, 23
27, 14, 24
27, 14, 25
27, 14, 26
27, 14, 27
27, 14, 28
27, 14, 30
27, 14, 31
27, 14, 32
27, 15, 22
27, 15, 23
27, 15, 24
27, 15, 25
27, 15, 26
27, 15, 27
27, 15, 28
27, 15, 30
27, 15, 31
27, 15, 32
27, 16, 22
27, 16, 23
27, 16, 24
27, 16, 25
27, 16, 26
27, 16, 27
27, 16, 28
27, 16, 30
27, 16, 31
27, 16, 32
27, 17, 22
27, 17, 23
27, 17, 24
27, 17, 25
27, 17, 26
27, 17, 27
27, 17, 28
27, 17, 30
27, 17, 31
27, 17, 32
27, 18, 22
27, 18, 23
27, 18, 24
27, 18, 25
27, 18, 26
27, 18, 27
27, 18, 28
27, 18, 30
27, 18, 31
27, 18, 32
27, 19, 22
27, 19, 23
27, 19, 24
27, 19, 25
27, 19, 26
27, 19, 27
27, 19, 28
27, 19, 30
27, 19, 31
27, 19, 32
27, 20, 22
27, 20, 23
27, 20, 24
27, 20, 25
27, 20, 26
27, 20, 27
27, 20, 28
27, 20, 29
27, 20, 30
27, 20, 31
27, 21, 22
27, 21, 23
27, 21, 24
27, 21, 25
27, 21, 26
27, 21, 27
27, 21, 28
27, 21, 29
27, 21, 30
27, 21, 31
27, 22, 22
27, 22, 23
27, 22, 24
27, 22, 25
27, 22, 26
27, 22, 27
27, 22, 28
27, 22, 29
27, 22, 30
27, 22, 31
27, 23, 22
27, 23, 23
27, 23, 24
27, 23, 25
27, 23, 26
27, 23, 27
27, 23, 28
27, 23, 29
27, 23, 30
27, 23, 31
27, 24, 22
27, 24, 23
27, 24, 24
27, 24, 25
27, 24, 26
27, 24, 27
27, 24, 28
27, 24, 29
27, 24, 30
27, 24, 31
27, 25, 22
27, 25, 23
27, 25, 24
27, 25, 25
27, 25, 26
27, 25, 27
27, 25, 28
27, 25, 29
27, 25, 30
27, 25, 31
27, 26, 22
27, 26, 23
27, 26, 24
27, 26, 25
27, 26, 26
27, 26, 27
27, 26, 28
27, 26, 29
27, 26, 30
27, 26, 31
27, 27, 22
27, 27, 23
27, 27, 24
27, 27, 25
27, 27, 26
27, 27, 27
27, 27, 28
27, 27, 29
27, 27, 30
27, 27, 31
27, 28, 22
27, 28, 23
27, 28, 24
27, 28, 25
27, 28, 26
27, 28, 27
27, 28, 28
27, 29, 22
27, 29, 23
27, 29, 24
27, 29, 25
27, 29, 26
27, 29, 27
27, 29, 28
27, 30, 22
27, 30, 23
27, 30, 24
27, 30, 25
27, 30, 26
27, 30, 27
27, 30, 28
27, 31, 22
27, 31, 23
27, 31, 24
27, 31, 25
27, 31, 26
27, 31, 27
27, 31, 28
27, 32, 22
27, 32, 23
27, 32, 24
27, 32, 25
27, 32, 26
27, 32, 27
27, 32, 28
27, 33, 22
27, 33, 23
27, 33, 24
27, 33, 25
27, 33, 26
27, 33, 27
27, 33, 28
27, 34, 22
27, 34, 23
27, 34, 24
27, 34, 25
27, 34, 26
27, 34, 27
27, 34, 28
27, 35, 22
27, 35, 23
27, 35, 24
27, 35, 25
27, 35, 26
27, 35, 27
27, 35, 28
27, 36, 22
27, 36, 23
27, 36, 24
27, 36, 25
27, 36, 26
27, 36, 27
27, 36, 28
27, 37, 22
27, 37, 23
27, 37, 24
27, 37, 25
27, 37, 26
27, 37, 27
27, 37, 28
27, 38, 22
27, 38, 23
27, 38, 24
27, 38, 25
27, 38, 26
27, 38, 27
27, 38, 28
27, 39, 22
27, 39, 23
27, 39, 24
27, 39, 25
27, 39, 26
27, 39, 27
27, 39, 28
27, 40, 22
27, 40, 23
27, 40, 24
27, 40, 25
27, 40, 26
27, 40, 27
27, 40, 28
27, 41, 22
27, 41, 23
27, 41, 24
27, 41, 25
27, 41, 26
27, 41, 27
27, 41, 28
28, 5, 30
28, 5, 31
28, 5, 32
28, 6, 30
28, 6, 31
28, 6, 32
28, 7, 30
28, 7, 31
28, 7, 32
28, 8, 30
28, 8, 31
28, 8, 32
28, 9, 22
28, 9, 23
28, 9, 24
28, 9, 25
28, 9, 26
28, 9, 27
28, 9, 28
28, 9, 30
28, 9, 31
28, 9, 32
28, 10, 22
28, 10, 23
28, 10, 24
28, 10, 25
28, 10, 26
28, 10, 27
28, 10, 28
28, 10, 30
28, 10, 31
28, 10, 32
28, 11, 19
28, 11, 20
28, 11, 21
28, 11, 22
28, 11, 23
28, 11, 24
28, 11, 25
28, 11, 26
28, 11, 27
28, 11, 28
28, 11, 29
28, 11, 30
28, 11, 31
28, 11, 32
28, 11, 33
28, 11, 34
28, 11, 35
28, 11, 36
28, 11, 37
28, 12, 19
28, 12, 20
28, 12, 21
28, 12, 22
28, 12, 23
28, 12, 24
28, 12, 25
28, 12, 26
28, 12, 27
28, 12, 28
28, 12, 29
28, 12, 30
28, 12, 31
28, 12, 32
28, 12, 33
28, 12, 34
28, 12, 35
28, 12, 36
28, 12, 37
28, 13, 19
28, 13, 20
28, 13, 21
28, 13, 22
28, 13, 23
28, 13, 24
28, 13, 25
28, 13, 26
28, 13, 27
28, 13, 28
28, 13, 29
28, 13, 30
28, 13, 31
28, 13, 32
28, 13, 33
28, 13, 34
28, 13, 35
28, 13, 36
28, 13, 37
28, 14, 22
28, 14, 23
28, 14, 24
28, 14, 25
28, 14, 26
28, 14, 27
28, 14, 28
28, 14, 30
28, 14, 31
28, 14, 32
28, 15, 22
28, 15, 23
28, 15, 24
28, 15, 25
28, 15, 26
28, 15, 27
28, 15, 28
28, 15, 30
28, 15, 31
28, 15, 32
28, 16, 22
28, 16, 23
28, 16, 24
28, 16, 25
28, 16, 26
28, 16, 27
28, 16, 28
28, 16, 30
28, 16, 31
28, 16, 32
28, 17, 22
28, 17, 23
28, 17, 24
28, 17, 25
28, 17, 26
28, 17, 27
28, 17, 28
28, 17, 30
28, 17, 31
28, 17, 32
28, 18, 22
28, 18, 23
28, 18, 24
28, 18, 25
28, 18, 26
28, 18, 27
28, 18, 28
28, 18, 30
28, 18, 31
28, 18, 32
28, 19, 22
28, 19, 23
28, 19, 24
28, 19, 25
28, 19, 26
28, 19, 27
28, 19, 28
28, 19, 30
28, 19, 31
28, 19, 32
28, 20, 22
28, 20, 23
28, 20, 24
28, 20, 25
28, 20, 26
28, 20, 27
28, 20, 28
28, 20, 29
28, 20, 30
28, 20, 31
28, 21, 22
28, 21, 23
28, 21, 24
28, 21, 25
28, 21, 26
28, 21, 27
28, 21, 28
28, 21, 29
28, 21, 30
28, 21, 31
28, 22, 22
28, 22, 23
28, 22, 24
28, 22, 25
28, 22, 26
28, 22, 27
28, 22, 28
28, 22, 29
28, 22, 30
28, 22, 31
28, 23, 22
28, 23, 23
28, 23, 24
28, 23, 25
28, 23, 26
28, 23, 27
28, 23, 28
28, 23, 29
28, 23, 30
28, 23, 31
28, 24, 22
28, 24, 23
28, 24, 24
28, 24, 25
28, 24, 26
28, 24, 27
28, 24, 28
28, 24, 29
28, 24, 30
28, 24, 31
28, 25, 22
28, 25, 23
28, 25, 24
28, 25, 25
28, 25, 26
28, 25, 27
28, 25, 28
28, 25, 29
28, 25, 30
28, 25, 31
28, 26, 22
28, 26, 23
28, 26, 24
28, 26, 25
28, 26, 26
28, 26, 27
28, 26, 28
28, 26, 29
28, 26, 30
28, 26, 31
28, 27, 22
28, 27, 23
28, 27, 24
28, 27, 25
28, 27, 26
28, 27, 27
28, 27, 28
28, 27, 29
28, 27, 30
28, 27, 31
28, 28, 22
28, 28, 23
28, 28, 24
28, 28, 25
28, 28, 26
28, 28, 27
28, 28, 28
28, 29, 22
28, 29, 23
28, 29, 24
28, 29, 25
28, 29, 26
28, 29, 27
28, 29, 28
28, 30, 22
28, 30, 23
28, 30, 24
28, 30, 25
28, 30, 26
28, 30, 27
28, 30, 28
28, 31, 22
28, 31, 23
28, 31, 24
28, 31, 25
28, 31, 26
28, 31, 27
28, 31, 28
28, 32, 22
28, 32, 23
28, 32, 24
28, 32, 25
28, 32, 26
28, 32, 27
28, 32, 28
28, 33, 22
28, 33, 23
28, 33, 24
28, 33, 25
28, 33, 26
28, 33, 27
28, 33, 28
28, 34, 22
28, 34, 23
28, 34, 24
28, 34, 25
28, 34, 26
28, 34, 27
28, 34, 28
28, 35, 22
28, 35, 23
28, 35, 24
28, 35, 25
28, 35, 26
28, 35, 27
28, 35, 28
28, 36, 22
28, 36, 23
28, 36, 24
28, 36, 25
28, 36, 26
28, 36, 27
28, 36, 28
28, 37, 22
28, 37, 23
28, 37, 24
28, 37, 25
28, 37, 26
28, 37, 27
28, 37, 28
28, 38, 22
28, 38, 23
28, 38, 24
28, 38, 25
28, 38, 26
28, 38, 27
28, 38, 28
28, 39, 22
28, 39, 23
28, 39, 24
28, 39, 25
28, 39, 26
28, 39, 27
28, 39, 28
28, 40, 22
28, 40, 23
28, 40, 24
28, 40, 25
28, 40, 26
28, 40, 27
28, 40, 28
28, 41, 22
28, 41, 23
28, 41, 24
28, 41, 25
28, 41, 26
28, 41, 27
28, 41, 28
29, 5, 30
29, 5, 31
29, 5, 32
29, 6, 30
29, 6, 31
29, 6, 32
29, 7, 30
29, 7, 31
29, 7, 32
29, 8, 30
29, 8, 31
29, 8, 32
29, 9, 22
29, 9, 23
29, 9, 24
29, 9, 25
29, 9, 26
29, 9, 27
29, 9, 28
29, 9, 30
29, 9, 31
29, 9, 32
29, 10, 22
29, 10, 23
29, 10, 24
29, 10, 25
29, 10, 26
29, 10, 27
29, 10, 28
29, 10, 30
29, 10, 31
29, 10, 32
29, 11, 19
29, 11, 20
29, 11, 21
29, 11, 22
29, 11, 23
29, 11, 24
29, 11, 25
29, 11, 26
29, 11, 27
29, 11, 28
29, 11, 29
29, 11, 30
29, 11, 31
29, 11, 32
29, 11, 33
29, 11, 34
29, 11, 35
29, 11, 36
29, 11, 37
29, 12, 19
29, 12, 20
29, 12, 21
29, 12, 22
29, 12, 23
29, 12, 24
29, 12, 25
29, 12, 26
29, 12, 27
29, 12, 28
29, 12, 29
29, 12, 30
29, 12, 31
29, 12, 32
29, 12, 33
29, 12, 34
29, 12, 35
29, 12, 36
29, 12, 37
29, 13, 19
29, 13, 20
29, 13, 21
29, 13, 22
29, 13, 23
29, 13, 24
29, 13, 25
29, 13, 26
29, 13, 27
29, 13, 28
29, 13, 29
29, 13, 30
29, 13, 31
29, 13, 32
29, 13, 33
29, 13, 34
29, 13, 35
29, 13, 36
29, 13, 37
29, 14, 22
29, 14, 23
29, 14, 24
29, 14, 25
29, 14, 26
29, 14, 27
29, 14, 28
29, 14, 30
29, 14, 31
29, 14, 32
29, 15, 22
29, 15, 23
29, 15, 24
29, 15, 25
29, 15, 26
29, 15, 27
29, 15, 28
29, 15, 30
29, 15, 31
29, 15, 32
29, 16, 22
29, 16, 23
29, 16, 24
29, 16, 25
29, 16, 26
29, 16, 27
29, 16, 28
29, 16, 30
29, 16, 31
29, 16, 32
29, 17, 22
29, 17, 23
29, 17, 24
29, 17, 25
29, 17, 26
29, 17, 27
29, 17, 28
29, 17, 30
29, 17, 31
29, 17, 32
29, 18, 22
29, 18, 23
29, 18, 24
29, 18, 25
29, 18, 26
29, 18, 27
29, 18, 28
29, 18, 30
29, 18, 31
29, 18, 32
29, 19, 22
29, 19, 23
29, 19, 24
29, 19, 25
29, 19, 26
29, 19, 27
29, 19, 28
29, 19, 30
29, 19, 31
29, 19, 32
29, 20, 22
29, 20, 23
29, 20, 24
29, 20, 25
29, 20, 26
29, 20, 27
29, 20, 28
29, 21, 22
29, 21, 23
29, 21, 24
29, 21, 25
29, 21, 26
29, 21, 27
29, 21, 28
29, 21, 29
29, 21, 30
29, 21, 31
29, 22, 22
29, 22, 23
29, 22, 24
29, 22, 25
29, 22, 26
29, 22, 27
29, 22, 28
29, 22, 29
29, 22, 30
29, 22, 31
29, 23, 22
29, 23, 23
29, 23, 24
29, 23, 25
29, 23, 26
29, 23, 27
29, 23, 28
29, 23, 29
29, 23, 30
29, 23, 31
29, 24, 22
29, 24, 23
29, 24, 24
29, 24, 25
29, 24, 26
29, 24, 27
29, 24, 28
29, 24, 29
29, 24, 30
29, 24, 31
29, 25, 22
29, 25, 23
29, 25, 24
29, 25, 25
29, 25, 26
29, 25, 27
29, 25, 28
29, 25, 29
29, 25, 30
29, 25, 31
29, 26, 22
29, 26, 23
29, 26, 24
29, 26, 25
29, 26, 26
29, 26, 27
29, 26, 28
29, 26, 29
29, 26, 30
29, 26, 31
29, 27, 22
29, 27, 23
29, 27, 24
29, 27, 25
29, 27, 26
29, 27, 27
29, 27, 28
29, 27, 29
29, 27, 30
29, 27, 31
29, 28, 22
29, 28, 23
29, 28, 24
29, 28, 25
29, 28, 26
29, 28, 27
29, 28, 28
29, 29, 22
29, 29, 23
29, 29, 24
29, 29, 25
29, 29, 26
29, 29, 27
29, 29, 28
29, 30, 22
29, 30, 23
29, 30, 24
29, 30, 25
29, 30, 26
29, 30, 27
29, 30, 28
29, 31, 22
29, 31, 23
29, 31, 24
29, 31, 25
29, 31, 26
29, 31, 27
29, 31, 28
29, 32, 22
29, 32, 23
29, 32, 24
29, 32, 25
29, 32, 26
29, 32, 27
29, 32, 28
29, 33, 22
29, 33, 23
29, 33, 24
29, 33, 25
29, 33, 26
29, 33, 27
29, 33, 28
29, 34, 22
29, 34, 23
29, 34, 24
29, 34, 25
29, 34, 26
29, 34, 27
29, 34, 28
29, 35, 22
29, 35, 23
29, 35, 24
29, 35, 25
29, 35, 26
29, 35, 27
29, 35, 28
29, 36, 22
29, 36, 23
29, 36, 24
29, 36, 25
29, 36, 26
29, 36, 27
29, 36, 28
29, 37, 22
29, 37, 23
29, 37, 24
29, 37, 25
29, 37, 26
29, 37, 27
29, 37, 28
29, 38, 22
29, 38, 23
29, 38, 24
29, 38, 25
29, 38, 26
29, 38, 27
29, 38, 28
29, 39, 22
29, 39, 23
29, 39, 24
29, 39, 25
29, 39, 26
29, 39, 27
29, 39, 28
29, 40, 22
29, 40, 23
29, 40, 24
29, 40, 25
29, 40, 26
29, 40, 27
29, 40, 28
29, 41, 22
29, 41, 23
29, 41, 24
29, 41, 25
29, 41, 26
29, 41, 27
29, 41, 28
30, 5, 30
30, 5, 31
30, 5, 32
30, 6, 30
30, 6, 31
30, 6, 32
30, 7, 30
30, 7, 31
30, 7, 32
30, 8, 30
30, 8, 31
30, 8, 32
30, 9, 30
30, 9, 31
30, 9, 32
30, 10, 30
30, 10, 31
30, 10, 32
30, 11, 19
30, 11, 20
30, 11, 21
30, 11, 22
30, 11, 23
30, 11, 24
30, 11, 25
30, 11, 26
30, 11, 27
30, 11, 28
30, 11, 29
30, 11, 30
30, 11, 31
30, 11, 32
30, 11, 33
30, 11, 34
30, 11, 35
30, 11, 36
30, 11, 37
30, 12, 19
30, 12, 20
30, 12, 21
30, 12, 22
30, 12, 23
30, 12, 24
30, 12, 25
30, 12, 26
30, 12, 27
30, 12, 28
30, 12, 29
30, 12, 30
30, 12, 31
30, 12, 32
30, 12, 33
30, 12, 34
30, 12, 35
30, 12, 36
30, 12, 37
30, 13, 19
30, 13, 20
30, 13, 21
30, 13, 22
30, 13, 23
30, 13, 24
30, 13, 25
30, 13, 26
30, 13, 27
30, 13, 28
30, 13, 29
30, 13, 30
30, 13, 31
30, 13, 32
30, 13, 33
30, 13, 34
30, 13, 35
30, 13, 36
30, 13, 37
30, 14, 30
30, 14, 31
30, 14, 32
30, 15, 30
30, 15, 31
30, 15, 32
30, 16, 30
30, 16, 31
30, 16, 32
30, 17, 30
30, 17, 31
30, 17, 32
30, 18, 30
30, 18, 31
30, 18, 32
30, 19, 30
30, 19, 31
30, 19, 32
30, 21, 25
30, 21, 26
30, 21, 27
30, 21, 28
30, 21, 29
30, 21, 30
30, 21, 31
30, 22, 25
30, 22, 26
30, 22, 27
30, 22, 28
30, 22, 29
30, 22, 30
30, 22, 31
30, 23, 25
30, 23, 26
30, 23, 27
30, 23, 28
30, 23, 29
30, 23, 30
30, 23, 31
30, 24, 25
30, 24, 26
30, 24, 27
30, 24, 28
30, 24, 29
30, 24, 30
30, 24, 31
30, 25, 25
30, 25, 26
30, 25, 27
30, 25, 28
30, 25, 29
30, 25, 30
30, 25, 31
30, 26, 25
30, 26, 26
30, 26, 27
30, 26, 28
30, 26, 29
30, 26, 30
30, 26, 31
30, 27, 25
30, 27, 26
30, 27, 27
30, 27, 28
30, 27, 29
30, 27, 30
30, 27, 31
31, 5, 30
31, 5, 31
31, 5, 32
31, 6, 30
31, 6, 31
31, 6, 32
31, 7, 30
31, 7, 31
31, 7, 32
31, 8, 30
31, 8, 31
31, 8, 32
31, 9, 30
31, 9, 31
31, 9, 32
31, 10, 30
31, 10, 31
31, 10, 32
31, 11, 19
31, 11, 20
31, 11, 21
31, 11, 22
31, 11, 23
31, 11, 24
31, 11, 25
31, 11, 26
31, 11, 27
31, 11, 28
31, 11, 29
31, 11, 30
31, 11, 31
31, 11, 32
31, 11, 33
31, 11, 34
31, 11, 35
31, 11, 36
31, 11, 37
31, 12, 19
31, 12, 20
31, 12, 21
31, 12, 22
31, 12, 23
31, 12, 24
31, 12, 25
31, 12, 26
31, 12, 27
31, 12, 28
31, 12, 29
31, 12, 30
31, 12, 31
31, 12, 32
31, 12, 33
31, 12, 34
31, 12, 35
31, 12, 36
31, 12, 37
31, 13, 19
31, 13, 20
31, 13, 21
31, 13, 22
31, 13, 23
31, 13, 24
31, 13, 25
31, 13, 26
31, 13, 27
31, 13, 28
31, 13, 29
31, 13, 30
31, 13, 31
31, 13, 32
31, 13, 33
31, 13, 34
31, 13, 35
31, 13, 36
31, 13, 37
31, 14, 30
31, 14, 31
31, 14, 32
31, 15, 30
31, 15, 31
31, 15, 32
31, 16, 30
31, 16, 31
31, 16, 32
31, 17, 30
31, 17, 31
31, 17, 32
31, 18, 30
31, 18, 31
31, 18, 32
31, 19, 30
31, 19, 31
31, 19, 32
31, 21, 25
31, 21, 26
31, 21, 27
31, 21, 28
31, 21, 29
31, 21, 30
31, 21, 31
31, 22, 25
31, 22, 26
31, 22, 27
31, 22, 28
31, 22, 29
31, 22, 30
31, 22, 31
31, 23, 25
31, 23, 26
31, 23, 27
31, 23, 28
31, 23, 29
31, 23, 30
31, 23, 31
31, 24, 25
31, 24, 26
31, 24, 27
31, 24, 28
31, 24, 29
31, 24, 30
31, 24, 31
31, 25, 25
31, 25, 26
31, 25, 27
31, 25, 28
31, 25, 29
31, 25, 30
31, 25, 31
31, 26, 25
31, 26, 26
31, 26, 27
31, 26, 28
31, 26, 29
31, 26, 30
31, 26, 31
31, 27, 25
31, 27, 26
31, 27, 27
31, 27, 28
31, 27, 29
31, 27, 30
31, 27, 31
32, 11, 19
32, 11, 20
32, 11, 21
32, 11, 22
32, 11, 23
32, 11, 24
32, 11, 25
32, 11, 26
32, 11, 27
32, 11, 28
32, 11, 29
32, 11, 30
32, 11, 31
32, 11, 32
32, 11, 33
32, 11, 34
32, 11, 35
32, 11, 36
32, 11, 37
32, 12, 19
32, 12, 20
32, 12, 21
32, 12, 22
32, 12, 23
32, 12, 24
32, 12, 25
32, 12, 26
32, 12, 27
32, 12, 28
32, 12, 29
32, 12, 30
32, 12, 31
32, 12, 32
32, 12, 33
32, 12, 34
32, 12, 35
32, 12, 36
32, 12, 37
32, 13, 19
32, 13, 20
32, 13, 21
32, 13, 22
32, 13, 23
32, 13, 24
32, 13, 25
32, 13, 26
32, 13, 27
32, 13, 28
32, 13, 29
32, 13, 30
32, 13, 31
32, 13, 32
32, 13, 33
32, 13, 34
32, 13, 35
32, 13, 36
32, 13, 37
32, 21, 25
32, 21, 26
32, 21, 27
32, 21, 28
32, 21, 29
32, 21, 30
32, 21, 31
32, 22, 25
32, 22, 26
32, 22, 27
32, 22, 28
32, 22, 29
32, 22, 30
32, 22, 31
32, 23, 25
32, 23, 26
32, 23, 27
32, 23, 28
32, 23, 29
32, 23, 30
32, 23, 31
32, 24, 25
32, 24, 26
32, 24, 27
32, 24, 28
32, 24, 29
32, 24, 30
32, 24, 31
32, 25, 25
32, 25, 26
32, 25, 27
32, 25, 28
32, 25, 29
32, 25, 30
32, 25, 31
32, 26, 25
32, 26, 26
32, 26, 27
32, 26, 28
32, 26, 29
32, 26, 30
32, 26, 31
32, 27, 25
32, 27, 26
32, 27, 27
32, 27, 28
32, 27, 29
32, 27, 30
32, 27, 31
33, 21, 25
33, 21, 26
33, 21, 27
33, 21, 28
33, 21, 29
33, 21, 30
33, 21, 31
33, 22, 25
33, 22, 26
33, 22, 27
33, 22, 28
33, 22, 29
33, 22, 30
33, 22, 31
33, 23, 25
33, 23, 26
33, 23, 27
33, 23, 28
33, 23, 29
33, 23, 30
33, 23, 31
33, 24, 25
33, 24, 26
33, 24, 27
33, 24, 28
33, 24, 29
33, 24, 30
33, 24, 31
33, 25, 25
33, 25, 26
33, 25, 27
33, 25, 28
33, 25, 29
33, 25, 30
33, 25, 31
33, 26, 25
33, 26, 26
33, 26, 27
33, 26, 28
33, 26, 29
33, 26, 30
33, 26, 31
33, 27, 25
33, 27, 26
33, 27, 27
33, 27, 28
33, 27, 29
33, 27, 30
33, 27, 31
34, 21, 25
34, 21, 26
34, 21, 27
34, 21, 28
34, 21, 29
34, 21, 30
34, 21, 31
34, 22, 25
34, 22, 26
34, 22, 27
34, 22, 28
34, 22, 29
34, 22, 30
34, 22, 31
34, 23, 25
34, 23, 26
34, 23, 27
34, 23, 28
34, 23, 29
34, 23, 30
34, 23, 31
34, 24, 25
34, 24, 26
34, 24, 27
34, 24, 28
34, 24, 29
34, 24, 30
34, 24, 31
34, 25, 25
34, 25, 26
34, 25, 27
34, 25, 28
34, 25, 29
34, 25, 30
34, 25, 31
34, 26, 25
34, 26, 26
34, 26, 27
34, 26, 28
34, 26, 29
34, 26, 30
34, 26, 31
34, 27, 25
34, 27, 26
34, 27, 27
34, 27, 28
34, 27, 29
34, 27, 30
34, 27, 31
35, 21, 25
35, 21, 26
35, 21, 27
35, 21, 28
35, 21, 29
35, 21, 30
35, 21, 31
35, 22, 25
35, 22, 26
35, 22, 27
35, 22, 28
35, 22, 29
35, 22, 30
35, 22, 31
35, 23, 25
35, 23, 26
35, 23, 27
35, 23, 28
35, 23, 29
35, 23, 30
35, 23, 31
35, 24, 25
35, 24, 26
35, 24, 27
35, 24, 28
35, 24, 29
35, 24, 30
35, 24, 31
35, 25, 25
35, 25, 26
35, 25, 27
35, 25, 28
35, 25, 29
35, 25, 30
35, 25, 31
35, 26, 25
35, 26, 26
35, 26, 27
35, 26, 28
35, 26, 29
35, 26, 30
35, 26, 31
35, 27, 25
35, 27, 26
35, 27, 27
35, 27, 28
35, 27, 29
35, 27, 30
35, 27, 31
