7, 34, 12
7, 34, 13
7, 34, 14
7, 34, 15
7, 34, 16
7, 34, 17
7, 34, 18
7, 34, 19
7, 34, 20
7, 34, 21
7, 34, 22
7, 34, 23
7, 34, 24
7, 34, 25
7, 34, 26
7, 34, 27
7, 34, 28
7, 34, 29
7, 34, 30
7, 34, 31
7, 34, 32
7, 35, 12
7, 35, 13
7, 35, 14
7, 35, 15
7, 35, 16
7, 35, 17
7, 35, 18
7, 35, 19
7, 35, 20
7, 35, 21
7, 35, 22
7, 35, 23
7, 35, 24
7, 35, 25
7, 35, 26
7, 35, 27
7, 35, 28
7, 35, 29
7, 35, 30
7, 35, 31
7, 35, 32
7, 36, 12
7, 36, 13
7, 36, 14
7, 36, 15
7, 36, 16
7, 36, 17
7, 36, 18
7, 36, 19
7, 36, 20
7, 36, 21
7, 36, 22
7, 36, 23
7, 36, 24
7, 36, 25
7, 36, 26
7, 36, 27
7, 36, 28
7, 36, 29
7, 36, 30
7, 36, 31
7, 36, 32
7, 37, 12
7, 37, 13
7, 37, 14
7, 37, 15
7, 37, 16
7, 37, 17
7, 37, 18
7, 37, 19
7, 37, 20
7, 37, 21
7, 37, 22
7, 37, 23
7, 37, 24
7, 37, 25
7, 37, 26
7, 37, 27
7, 37, 28
7, 37, 29
7, 37, 30
7, 37, 31
7, 37, 32
7, 38, 12
7, 38, 13
7, 38, 14
7, 38, 15
7, 38, 16
7, 38, 17
7, 38, 18
7, 38, 19
7, 38, 20
7, 38, 21
7, 38, 22
7, 38, 23
7, 38, 24
7, 38, 25
7, 38, 26
7, 38, 27
7, 38, 28
7, 38, 29
7, 38, 30
7, 38, 31
7, 38, 32
8, 34, 12
8, 34, 13
8, 34, 14
8, 34, 15
8, 34, 16
8, 34, 17
8, 34, 18
8, 34, 19
8, 34, 20
8, 34, 21
8, 34, 22
8, 34, 23
8, 34, 24
8, 34, 25
8, 34, 26
8, 34, 27
8, 34, 28
8, 34, 29
8, 34, 30
8, 34, 31
8, 34, 32
8, 35, 12
8, 35, 13
8, 35, 14
8, 35, 15
8, 35, 16
8, 35, 17
8, 35, 18
8, 35, 19
8, 35, 20
8, 35, 21
8, 35, 22
8, 35, 23
8, 35, 24
8, 35, 25
8, 35, 26
8, 35, 27
8, 35, 28
8, 35, 29
8, 35, 30
8, 35, 31
8, 35, 32
8, 36, 12
8, 36, 13
8, 36, 14
8, 36, 15
8, 36, 16
8, 36, 17
8, 36, 18
8, 36, 19
8, 36, 20
8, 36, 21
8, 36, 22
8, 36, 23
8, 36, 24
8, 36, 25
8, 36, 26
8, 36, 27
8, 36, 28
8, 36, 29
8, 36, 30
8, 36, 31
8, 36, 32
8, 37, 12
8, 37, 13
8, 37, 14
8, 37, 15
8, 37, 16
8, 37, 17
8, 37, 18
8, 37, 19
8, 37, 20
8, 37, 21
8, 37, 22
8, 37, 23
8, 37, 24
8, 37, 25
8, 37, 26
8, 37, 27
8, 37, 28
8, 37, 29
8, 37, 30
8, 37, 31
8, 37, 32
8, 38, 12
8, 38, 13
8, 38, 14
8, 38, 15
8, 38, 16
8, 38, 17
8, 38, 18
8, 38, 19
8, 38, 20
8, 38, 21
8, 38, 22
8, 38, 23
8, 38, 24
8, 38, 25
8, 38, 26
8, 38, 27
8, 38, 28
8, 38, 29
8, 38, 30
8, 38, 31
8, 38, 32
9, 34, 12
9, 34, 13
9, 34, 14
9, 34, 15
9, 34, 16
9, 34, 17
9, 34, 18
9, 34, 19
9, 34, 20
9, 34, 21
9, 34, 22
9, 34, 23
9, 34, 24
9, 34, 25
9, 34, 26
9, 34, 27
9, 34, 28
9, 34, 29
9, 34, 30
9, 34, 31
9, 34, 32
9, 35, 12
9, 35, 13
9, 35, 14
9, 35, 15
9, 35, 16
9, 35, 17
9, 35, 18
9, 35, 19
9, 35, 20
9, 35, 21
9, 35, 22
9, 35, 23
9, 35, 24
9, 35, 25
9, 35, 26
9, 35, 27
9, 35, 28
9, 35, 29
9, 35, 30
9, 35, 31
9, 35, 32
9, 36, 12
9, 36, 13
9, 36, 14
9, 36, 15
9, 36, 16
9, 36, 17
9, 36, 18
9, 36, 19
9, 36, 20
9, 36, 21
9, 36, 22
9, 36, 23
9, 36, 24
9, 36, 25
9, 36, 26
9, 36, 27
9, 36, 28
9, 36, 29
9, 36, 30
9, 36, 31
9, 36, 32
9, 37, 12
9, 37, 13
9, 37, 14
9, 37, 15
9, 37, 16
9, 37, 17
9, 37, 18
9, 37, 19
9, 37, 20
9, 37, 21
9, 37, 22
9, 37, 23
9, 37, 24
9, 37, 25
9, 37, 26
9, 37, 27
9, 37, 28
9, 37, 29
9, 37, 30
9, 37, 31
9, 37, 32
9, 38, 12
9, 38, 13
9, 38, 14
9, 38, 15
9, 38, 16
9, 38, 17
9, 38, 18
9, 38, 19
9, 38, 20
9, 38, 21
9, 38, 22
9, 38, 23
9, 38, 24
9, 38, 25
9, 38, 26
9, 38, 27
9, 38, 28
9, 38, 29
9, 38, 30
9, 38, 31
9, 38, 32
10, 34, 12
10, 34, 13
10, 34, 14
10, 34, 15
10, 34, 16
10, 34, 17
10, 34, 18
10, 34, 19
10, 34, 20
10, 34, 21
10, 34, 22
10, 34, 23
10, 34, 24
10, 34, 25
10, 34, 26
10, 34, 27
10, 34, 28
10, 34, 29
10, 34, 30
10, 34, 31
10, 34, 32
10, 35, 12
10, 35, 13
10, 35, 14
10, 35, 15
10, 35, 16
10, 35, 17
10, 35, 18
10, 35, 19
10, 35, 20
10, 35, 21
10, 35, 22
10, 35, 23
10, 35, 24
10, 35, 25
10, 35, 26
10, 35, 27
10, 35, 28
10, 35, 29
10, 35, 30
10, 35, 31
10, 35, 32
10, 36, 12
10, 36, 13
10, 36, 14
10, 36, 15
10, 36, 16
10, 36, 17
10, 36, 18
10, 36, 19
10, 36, 20
10, 36, 21
10, 36, 22
10, 36, 23
10, 36, 24
10, 36, 25
10, 36, 26
10, 36, 27
10, 36, 28
10, 36, 29
10, 36, 30
10, 36, 31
10, 36, 32
10, 37, 12
10, 37, 13
10, 37, 14
10, 37, 15
10, 37, 16
10, 37, 17
10, 37, 18
10, 37, 19
10, 37, 20
10, 37, 21
10, 37, 22
10, 37, 23
10, 37, 24
10, 37, 25
10, 37, 26
10, 37, 27
10, 37, 28
10, 37, 29
10, 37, 30
10, 37, 31
10, 37, 32
10, 38, 12
10, 38, 13
10, 38, 14
10, 38, 15
10, 38, 16
10, 38, 17
10, 38, 18
10, 38, 19
10, 38, 20
10, 38, 21
10, 38, 22
10, 38, 23
10, 38, 24
10, 38, 25
10, 38, 26
10, 38, 27
10, 38, 28
10, 38, 29
10, 38, 30
10, 38, 31
10, 38, 32
11, 34, 12
11, 34, 13
11, 34, 14
11, 34, 15
11, 34, 16
11, 34, 17
11, 34, 18
11, 34, 19
11, 34, 20
11, 34, 21
11, 34, 22
11, 34, 23
11, 34, 24
11, 34, 25
11, 34, 26
11, 34, 27
11, 34, 28
11, 34, 29
11, 34, 30
11, 34, 31
11, 34, 32
11, 35, 12
11, 35, 13
11, 35, 14
11, 35, 15
11, 35, 16
11, 35, 17
11, 35, 18
11, 35, 19
11, 35, 20
11, 35, 21
11, 35, 22
11, 35, 23
11, 35, 24
11, 35, 25
11, 35, 26
11, 35, 27
11, 35, 28
11, 35, 29
11, 35, 30
11, 35, 31
11, 35, 32
11, 36, 12
11, 36, 13
11, 36, 14
11, 36, 15
11, 36, 16
11, 36, 17
11, 36, 18
11, 36, 19
11, 36, 20
11, 36, 21
11, 36, 22
11, 36, 23
11, 36, 24
11, 36, 25
11, 36, 26
11, 36, 27
11, 36, 28
11, 36, 29
11, 36, 30
11, 36, 31
11, 36, 32
11, 37, 12
11, 37, 13
11, 37, 14
11, 37, 15
11, 37, 16
11, 37, 17
11, 37, 18
11, 37, 19
11, 37, 20
11, 37, 21
11, 37, 22
11, 37, 23
11, 37, 24
11, 37, 25
11, 37, 26
11, 37, 27
11, 37, 28
11, 37, 29
11, 37, 30
11, 37, 31
11, 37, 32
11, 38, 12
11, 38, 13
11, 38, 14
11, 38, 15
11, 38, 16
11, 38, 17
11, 38, 18
11, 38, 19
11, 38, 20
11, 38, 21
11, 38, 22
11, 38, 23
11, 38, 24
11, 38, 25
11, 38, 26
11, 38, 27
11, 38, 28
11, 38, 29
11, 38, 30
11, 38, 31
11, 38, 32
12, 34, 12
12, 34, 13
12, 34, 14
12, 34, 15
12, 34, 16
12, 34, 17
12, 34, 18
12, 34, 19
12, 34, 20
12, 34, 21
12, 34, 22
12, 34, 23
12, 34, 24
12, 34, 25
12, 34, 26
12, 34, 27
12, 34, 28
12, 34, 29
12, 34, 30
12, 34, 31
12, 34, 32
12, 35, 12
12, 35, 13
12, 35, 14
12, 35, 15
12, 35, 16
12, 35, 17
12, 35, 18
12, 35, 19
12, 35, 20
12, 35, 21
12, 35, 22
12, 35, 23
12, 35, 24
12, 35, 25
12, 35, 26
12, 35, 27
12, 35, 28
12, 35, 29
12, 35, 30
12, 35, 31
12, 35, 32
12, 36, 12
12, 36, 13
12, 36, 14
12, 36, 15
12, 36, 16
12, 36, 17
12, 36, 18
12, 36, 19
12, 36, 20
12, 36, 21
12, 36, 22
12, 36, 23
12, 36, 24
12, 36, 25
12, 36, 26
12, 36, 27
12, 36, 28
12, 36, 29
12, 36, 30
12, 36, 31
12, 36, 32
12, 37, 12
12, 37, 13
12, 37, 14
12, 37, 15
12, 37, 16
12, 37, 17
12, 37, 18
12, 37, 19
12, 37, 20
12, 37, 21
12, 37, 22
12, 37, 23
12, 37, 24
12, 37, 25
12, 37, 26
12, 37, 27
12, 37, 28
12, 37, 29
12, 37, 30
12, 37, 31
12, 37, 32
12, 38, 12
12, 38, 13
12, 38, 14
12, 38, 15
12, 38, 16
12, 38, 17
12, 38, 18
12, 38, 19
12, 38, 20
12, 38, 21
12, 38, 22
12, 38, 23
12, 38, 24
12, 38, 25
12, 38, 26
12, 38, 27
12, 38, 28
12, 38, 29
12, 38, 30
12, 38, 31
12, 38, 32
13, 34, 12
13, 34, 13
13, 34, 14
13, 34, 15
13, 34, 16
13, 34, 17
13, 34, 18
13, 34, 19
13, 34, 20
13, 34, 21
13, 34, 22
13, 34, 23
13, 34, 24
13, 34, 25
13, 34, 26
13, 34, 27
13, 34, 28
13, 34, 29
13, 34, 30
13, 34, 31
13, 34, 32
13, 35, 12
13, 35, 13
13, 35, 14
13, 35, 15
13, 35, 16
13, 35, 17
13, 35, 18
13, 35, 19
13, 35, 20
13, 35, 21
13, 35, 22
13, 35, 23
13, 35, 24
13, 35, 25
13, 35, 26
13, 35, 27
13, 35, 28
13, 35, 29
13, 35, 30
13, 35, 31
13, 35, 32
13, 36, 12
13, 36, 13
13, 36, 14
13, 36, 15
13, 36, 16
13, 36, 17
13, 36, 18
13, 36, 19
13, 36, 20
13, 36, 21
13, 36, 22
13, 36, 23
13, 36, 24
13, 36, 25
13, 36, 26
13, 36, 27
13, 36, 28
13, 36, 29
13, 36, 30
13, 36, 31
13, 36, 32
13, 37, 12
13, 37, 13
13, 37, 14
13, 37, 15
13, 37, 16
13, 37, 17
13, 37, 18
13, 37, 19
13, 37, 20
13, 37, 21
13, 37, 22
13, 37, 23
13, 37, 24
13, 37, 25
13, 37, 26
13, 37, 27
13, 37, 28
13, 37, 29
13, 37, 30
13, 37, 31
13, 37, 32
13, 38, 12
13, 38, 13
13, 38, 14
13, 38, 15
13, 38, 16
13, 38, 17
13, 38, 18
13, 38, 19
13, 38, 20
13, 38, 21
13, 38, 22
13, 38, 23
13, 38, 24
13, 38, 25
13, 38, 26
13, 38, 27
13, 38, 28
13, 38, 29
13, 38, 30
13, 38, 31
13, 38, 32
14, 34, 12
14, 34, 13
14, 34, 14
14, 34, 15
14, 34, 16
14, 34, 17
14, 34, 18
14, 34, 19
14, 34, 20
14, 34, 21
14, 34, 22
14, 34, 23
14, 34, 24
14, 34, 25
14, 34, 26
14, 34, 27
14, 34, 28
14, 34, 29
14, 34, 30
14, 34, 31
14, 34, 32
14, 35, 12
14, 35, 13
14, 35, 14
14, 35, 15
14, 35, 16
14, 35, 17
14, 35, 18
14, 35, 19
14, 35, 20
14, 35, 21
14, 35, 22
14, 35, 23
14, 35, 24
14, 35, 25
14, 35, 26
14, 35, 27
14, 35, 28
14, 35, 29
14, 35, 30
14, 35, 31
14, 35, 32
14, 36, 12
14, 36, 13
14, 36, 14
14, 36, 15
14, 36, 16
14, 36, 17
14, 36, 18
14, 36, 19
14, 36, 20
14, 36, 21
14, 36, 22
14, 36, 23
14, 36, 24
14, 36, 25
14, 36, 26
14, 36, 27
14, 36, 28
14, 36, 29
14, 36, 30
14, 36, 31
14, 36, 32
14, 37, 12
14, 37, 13
14, 37, 14
14, 37, 15
14, 37, 16
14, 37, 17
14, 37, 18
14, 37, 19
14, 37, 20
14, 37, 21
14, 37, 22
14, 37, 23
14, 37, 24
14, 37, 25
14, 37, 26
14, 37, 27
14, 37, 28
14, 37, 29
14, 37, 30
14, 37, 31
14, 37, 32
14, 38, 12
14, 38, 13
14, 38, 14
14, 38, 15
14, 38, 16
14, 38, 17
14, 38, 18
14, 38, 19
14, 38, 20
14, 38, 21
14, 38, 22
14, 38, 23
14, 38, 24
14, 38, 25
14, 38, 26
14, 38, 27
14, 38, 28
14, 38, 29
14, 38, 30
14, 38, 31
14, 38, 32
15, 34, 12
15, 34, 13
15, 34, 14
15, 34, 15
15, 34, 16
15, 34, 17
15, 34, 18
15, 34, 19
15, 34, 20
15, 34, 21
15, 34, 22
15, 34, 23
15, 34, 24
15, 34, 25
15, 34, 26
15, 34, 27
15, 34, 28
15, 34, 29
15, 34, 30
15, 34, 31
15, 34, 32
15, 35, 12
15, 35, 13
15, 35, 14
15, 35, 15
15, 35, 16
15, 35, 17
15, 35, 18
15, 35, 19
15, 35, 20
15, 35, 21
15, 35, 22
15, 35, 23
15, 35, 24
15, 35, 25
15, 35, 26
15, 35, 27
15, 35, 28
15, 35, 29
15, 35, 30
15, 35, 31
15, 35, 32
15, 36, 12
15, 36, 13
15, 36, 14
15, 36, 15
15, 36, 16
15, 36, 17
15, 36, 18
15, 36, 19
15, 36, 20
15, 36, 21
15, 36, 22
15, 36, 23
15, 36, 24
15, 36, 25
15, 36, 26
15, 36, 27
15, 36, 28
15, 36, 29
15, 36, 30
15, 36, 31
15, 36, 32
15, 37, 12
15, 37, 13
15, 37, 14
15, 37, 15
15, 37, 16
15, 37, 17
15, 37, 18
15, 37, 19
15, 37, 20
15, 37, 21
15, 37, 22
15, 37, 23
15, 37, 24
15, 37, 25
15, 37, 26
15, 37, 27
15, 37, 28
15, 37, 29
15, 37, 30
15, 37, 31
15, 37, 32
15, 38, 12
15, 38, 13
15, 38, 14
15, 38, 15
15, 38, 16
15, 38, 17
15, 38, 18
15, 38, 19
15, 38, 20
15, 38, 21
15, 38, 22
15, 38, 23
15, 38, 24
15, 38, 25
15, 38, 26
15, 38, 27
15, 38, 28
15, 38, 29
15, 38, 30
15, 38, 31
15, 38, 32
16, 18, 21
16, 18, 22
16, 18, 23
16, 18, 24
16, 18, 25
16, 18, 26
16, 18, 27
16, 18, 28
16, 18, 29
16, 18, 30
16, 18, 31
16, 18, 32
16, 18, 33
16, 19, 21
16, 19, 22
16, 19, 23
16, 19, 24
16, 19, 25
16, 19, 26
16, 19, 27
16, 19, 28
16, 19, 29
16, 19, 30
16, 19, 31
16, 19, 32
16, 19, 33
16, 20, 21
16, 20, 22
16, 20, 23
16, 20, 24
16, 20, 25
16, 20, 26
16, 20, 27
16, 20, 28
16, 20, 29
16, 20, 30
16, 20, 31
16, 20, 32
16, 20, 33
16, 21, 21
16, 21, 22
16, 21, 23
16, 21, 24
16, 21, 25
16, 21, 26
16, 21, 27
16, 21, 28
16, 21, 29
16, 21, 30
16, 21, 31
16, 21, 32
16, 21, 33
16, 22, 21
16, 22, 22
16, 22, 23
16, 22, 24
16, 22, 25
16, 22, 26
16, 22, 27
16, 22, 28
16, 22, 29
16, 22, 30
16, 22, 31
16, 22, 32
16, 22, 33
16, 23, 21
16, 23, 22
16, 23, 23
16, 23, 24
16, 23, 25
16, 23, 26
16, 23, 27
16, 23, 28
16, 23, 29
16, 23, 30
16, 23, 31
16, 23, 32
16, 23, 33
16, 24, 21
16, 24, 22
16, 24, 23
16, 24, 24
16, 24, 25
16, 24, 26
16, 24, 27
16, 24, 28
16, 24, 29
16, 24, 30
16, 24, 31
16, 24, 32
16, 24, 33
16, 25, 21
16, 25, 22
16, 25, 23
16, 25, 24
16, 25, 25
16, 25, 26
16, 25, 27
16, 25, 28
16, 25, 29
16, 25, 30
16, 25, 31
16, 25, 32
16, 25, 33
16, 26, 21
16, 26, 22
16, 26, 23
16, 26, 24
16, 26, 25
16, 26, 26
16, 26, 27
16, 26, 28
16, 26, 29
16, 26, 30
16, 26, 31
16, 26, 32
16, 26, 33
16, 27, 21
16, 27, 22
16, 27, 23
16, 27, 24
16, 27, 25
16, 27, 26
16, 27, 27
16, 27, 28
16, 27, 29
16, 27, 30
16, 27, 31
16, 27, 32
16, 27, 33
16, 28, 21
16, 28, 22
16, 28, 23
16, 28, 24
16, 28, 25
16, 28, 26
16, 28, 27
16, 28, 28
16, 28, 29
16, 28, 30
16, 28, 31
16, 28, 32
16, 28, 33
16, 29, 21
16, 29, 22
16, 29, 23
16, 29, 24
16, 29, 25
16, 29, 26
16, 29, 27
16, 29, 28
16, 29, 29
16, 29, 30
16, 29, 31
16, 29, 32
16, 29, 33
16, 30, 21
16, 30, 22
16, 30, 23
16, 30, 24
16, 30, 25
16, 30, 26
16, 30, 27
16, 30, 28
16, 30, 29
16, 30, 30
16, 30, 31
16, 30, 32
16, 30, 33
16, 31, 21
16, 31, 22
16, 31, 23
16, 31, 24
16, 31, 25
16, 31, 26
16, 31, 27
16, 31, 28
16, 31, 29
16, 31, 30
16, 31, 31
16, 31, 32
16, 31, 33
16, 32, 21
16, 32, 22
16, 32, 23
16, 32, 24
16, 32, 25
16, 32, 26
16, 32, 27
16, 32, 28
16, 32, 29
16, 32, 30
16, 32, 31
16, 32, 32
16, 32, 33
16, 33, 21
16, 33, 22
16, 33, 23
16, 33, 24
16, 33, 25
16, 33, 26
16, 33, 27
16, 33, 28
16, 33, 29
16, 33, 30
16, 33, 31
16, 33, 32
16, 33, 33
16, 34, 12
16, 34, 13
16, 34, 14
16, 34, 15
16, 34, 16
16, 34, 17
16, 34, 18
16, 34, 19
16, 34, 20
16, 34, 21
16, 34, 22
16, 34, 23
16, 34, 24
16, 34, 25
16, 34, 26
16, 34, 27
16, 34, 28
16, 34, 29
16, 34, 30
16, 34, 31
16, 34, 32
16, 34, 33
16, 35, 12
16, 35, 13
16, 35, 14
16, 35, 15
16, 35, 16
16, 35, 17
16, 35, 18
16, 35, 19
16, 35, 20
16, 35, 21
16, 35, 22
16, 35, 23
16, 35, 24
16, 35, 25
16, 35, 26
16, 35, 27
16, 35, 28
16, 35, 29
16, 35, 30
16, 35, 31
16, 35, 32
16, 35, 33
16, 36, 12
16, 36, 13
16, 36, 14
16, 36, 15
16, 36, 16
16, 36, 17
16, 36, 18
16, 36, 19
16, 36, 20
16, 36, 21
16, 36, 22
16, 36, 23
16, 36, 24
16, 36, 25
16, 36, 26
16, 36, 27
16, 36, 28
16, 36, 29
16, 36, 30
16, 36, 31
16, 36, 32
16, 36, 33
16, 37, 12
16, 37, 13
16, 37, 14
16, 37, 15
16, 37, 16
16, 37, 17
16, 37, 18
16, 37, 19
16, 37, 20
16, 37, 21
16, 37, 22
16, 37, 23
16, 37, 24
16, 37, 25
16, 37, 26
16, 37, 27
16, 37, 28
16, 37, 29
16, 37, 30
16, 37, 31
16, 37, 32
16, 38, 12
16, 38, 13
16, 38, 14
16, 38, 15
16, 38, 16
16, 38, 17
16, 38, 18
16, 38, 19
16, 38, 20
16, 38, 21
16, 38, 22
16, 38, 23
16, 38, 24
16, 38, 25
16, 38, 26
16, 38, 27
16, 38, 28
16, 38, 29
16, 38, 30
16, 38, 31
16, 38, 32
17, 18, 21
17, 18, 22
17, 18, 23
17, 18, 24
17, 18, 25
17, 18, 26
17, 18, 27
17, 18, 28
17, 18, 29
17, 18, 30
17, 18, 31
17, 18, 32
17, 18, 33
17, 19, 21
17, 19, 22
17, 19, 23
17, 19, 24
17, 19, 25
17, 19, 26
17, 19, 27
17, 19, 28
17, 19, 29
17, 19, 30
17, 19, 31
17, 19, 32
17, 19, 33
17, 20, 21
17, 20, 22
17, 20, 23
17, 20, 24
17, 20, 25
17, 20, 26
17, 20, 27
17, 20, 28
17, 20, 29
17, 20, 30
17, 20, 31
17, 20, 32
17, 20, 33
17, 21, 21
17, 21, 22
17, 21, 23
17, 21, 24
17, 21, 25
17, 21, 26
17, 21, 27
17, 21, 28
17, 21, 29
17, 21, 30
17, 21, 31
17, 21, 32
17, 21, 33
17, 22, 21
17, 22, 22
17, 22, 23
17, 22, 24
17, 22, 25
17, 22, 26
17, 22, 27
17, 22, 28
17, 22, 29
17, 22, 30
17, 22, 31
17, 22, 32
17, 22, 33
17, 23, 21
17, 23, 22
17, 23, 23
17, 23, 24
17, 23, 25
17, 23, 26
17, 23, 27
17, 23, 28
17, 23, 29
17, 23, 30
17, 23, 31
17, 23, 32
17, 23, 33
17, 24, 21
17, 24, 22
17, 24, 23
17, 24, 24
17, 24, 25
17, 24, 26
17, 24, 27
17, 24, 28
17, 24, 29
17, 24, 30
17, 24, 31
17, 24, 32
17, 24, 33
17, 25, 21
17, 25, 22
17, 25, 23
17, 25, 24
17, 25, 25
17, 25, 26
17, 25, 27
17, 25, 28
17, 25, 29
17, 25, 30
17, 25, 31
17, 25, 32
17, 25, 33
17, 26, 21
17, 26, 22
17, 26, 23
17, 26, 24
17, 26, 25
17, 26, 26
17, 26, 27
17, 26, 28
17, 26, 29
17, 26, 30
17, 26, 31
17, 26, 32
17, 26, 33
17, 27, 21
17, 27, 22
17, 27, 23
17, 27, 24
17, 27, 25
17, 27, 26
17, 27, 27
17, 27, 28
17, 27, 29
17, 27, 30
17, 27, 31
17, 27, 32
17, 27, 33
17, 28, 21
17, 28, 22
17, 28, 23
17, 28, 24
17, 28, 25
17, 28, 26
17, 28, 27
17, 28, 28
17, 28, 29
17, 28, 30
17, 28, 31
17, 28, 32
17, 28, 33
17, 29, 21
17, 29, 22
17, 29, 23
17, 29, 24
17, 29, 25
17, 29, 26
17, 29, 27
17, 29, 28
17, 29, 29
17, 29, 30
17, 29, 31
17, 29, 32
17, 29, 33
17, 30, 21
17, 30, 22
17, 30, 23
17, 30, 24
17, 30, 25
17, 30, 26
17, 30, 27
17, 30, 28
17, 30, 29
17, 30, 30
17, 30, 31
17, 30, 32
17, 30, 33
17, 31, 21
17, 31, 22
17, 31, 23
17, 31, 24
17, 31, 25
17, 31, 26
17, 31, 27
17, 31, 28
17, 31, 29
17, 31, 30
17, 31, 31
17, 31, 32
17, 31, 33
17, 32, 21
17, 32, 22
17, 32, 23
17, 32, 24
17, 32, 25
17, 32, 26
17, 32, 27
17, 32, 28
17, 32, 29
17, 32, 30
17, 32, 31
17, 32, 32
17, 32, 33
17, 33, 21
17, 33, 22
17, 33, 23
17, 33, 24
17, 33, 25
17, 33, 26
17, 33, 27
17, 33, 28
17, 33, 29
17, 33, 30
17, 33, 31
17, 33, 32
17, 33, 33
17, 34, 12
17, 34, 13
17, 34, 14
17, 34, 15
17, 34, 16
17, 34, 17
17, 34, 18
17, 34, 19
17, 34, 20
17, 34, 21
17, 34, 22
17, 34, 23
17, 34, 24
17, 34, 25
17, 34, 26
17, 34, 27
17, 34, 28
17, 34, 29
17, 34, 30
17, 34, 31
17, 34, 32
17, 34, 33
17, 35, 12
17, 35, 13
17, 35, 14
17, 35, 15
17, 35, 16
17, 35, 17
17, 35, 18
17, 35, 19
17, 35, 20
17, 35, 21
17, 35, 22
17, 35, 23
17, 35, 24
17, 35, 25
17, 35, 26
17, 35, 27
17, 35, 28
17, 35, 29
17, 35, 30
17, 35, 31
17, 35, 32
17, 35, 33
17, 36, 12
17, 36, 13
17, 36, 14
17, 36, 15
17, 36, 16
17, 36, 17
17, 36, 18
17, 36, 19
17, 36, 20
17, 36, 21
17, 36, 22
17, 36, 23
17, 36, 24
17, 36, 25
17, 36, 26
17, 36, 27
17, 36, 28
17, 36, 29
17, 36, 30
17, 36, 31
17, 36, 32
17, 36, 33
17, 37, 12
17, 37, 13
17, 37, 14
17, 37, 15
17, 37, 16
17, 37, 17
17, 37, 18
17, 37, 19
17, 37, 20
17, 37, 21
17, 37, 22
17, 37, 23
17, 37, 24
17, 37, 25
17, 37, 26
17, 37, 27
17, 37, 28
17, 37, 29
17, 37, 30
17, 37, 31
17, 37, 32
17, 38, 12
17, 38, 13
17, 38, 14
17, 38, 15
17, 38, 16
17, 38, 17
17, 38, 18
17, 38, 19
17, 38, 20
17, 38, 21
17, 38, 22
17, 38, 23
17, 38, 24
17, 38, 25
17, 38, 26
17, 38, 27
17, 38, 28
17, 38, 29
17, 38, 30
17, 38, 31
17, 38, 32
18, 18, 21
18, 18, 22
18, 18, 23
18, 18, 24
18, 18, 25
18, 18, 26
18, 18, 27
18, 18, 28
18, 18, 29
18, 18, 30
18, 18, 31
18, 18, 32
18, 18, 33
18, 19, 21
18, 19, 22
18, 19, 23
18, 19, 24
18, 19, 25
18, 19, 26
18, 19, 27
18, 19, 28
18, 19, 29
18, 19, 30
18, 19, 31
18, 19, 32
18, 19, 33
18, 20, 21
18, 20, 22
18, 20, 23
18, 20, 24
18, 20, 25
18, 20, 26
18, 20, 27
18, 20, 28
18, 20, 29
18, 20, 30
18, 20, 31
18, 20, 32
18, 20, 33
18, 21, 21
18, 21, 22
18, 21, 23
18, 21, 24
18, 21, 25
18, 21, 26
18, 21, 27
18, 21, 28
18, 21, 29
18, 21, 30
18, 21, 31
18, 21, 32
18, 21, 33
18, 22, 21
18, 22, 22
18, 22, 23
18, 22, 24
18, 22, 25
18, 22, 26
18, 22, 27
18, 22, 28
18, 22, 29
18, 22, 30
18, 22, 31
18, 22, 32
18, 22, 33
18, 23, 21
18, 23, 22
18, 23, 23
18, 23, 24
18, 23, 25
18, 23, 26
18, 23, 27
18, 23, 28
18, 23, 29
18, 23, 30
18, 23, 31
18, 23, 32
18, 23, 33
18, 24, 21
18, 24, 22
18, 24, 23
18, 24, 24
18, 24, 25
18, 24, 26
18, 24, 27
18, 24, 28
18, 24, 29
18, 24, 30
18, 24, 31
18, 24, 32
18, 24, 33
18, 25, 21
18, 25, 22
18, 25, 23
18, 25, 24
18, 25, 25
18, 25, 26
18, 25, 27
18, 25, 28
18, 25, 29
18, 25, 30
18, 25, 31
18, 25, 32
18, 25, 33
18, 26, 21
18, 26, 22
18, 26, 23
18, 26, 24
18, 26, 25
18, 26, 26
18, 26, 27
18, 26, 28
18, 26, 29
18, 26, 30
18, 26, 31
18, 26, 32
18, 26, 33
18, 27, 21
18, 27, 22
18, 27, 23
18, 27, 24
18, 27, 25
18, 27, 26
18, 27, 27
18, 27, 28
18, 27, 29
18, 27, 30
18, 27, 31
18, 27, 32
18, 27, 33
18, 28, 21
18, 28, 22
18, 28, 23
18, 28, 24
18, 28, 25
18, 28, 26
18, 28, 27
18, 28, 28
18, 28, 29
18, 28, 30
18, 28, 31
18, 28, 32
18, 28, 33
18, 29, 21
18, 29, 22
18, 29, 23
18, 29, 24
18, 29, 25
18, 29, 26
18, 29, 27
18, 29, 28
18, 29, 29
18, 29, 30
18, 29, 31
18, 29, 32
18, 29, 33
18, 30, 21
18, 30, 22
18, 30, 23
18, 30, 24
18, 30, 25
18, 30, 26
18, 30, 27
18, 30, 28
18, 30, 29
18, 30, 30
18, 30, 31
18, 30, 32
18, 30, 33
18, 31, 21
18, 31, 22
18, 31, 23
18, 31, 24
18, 31, 25
18, 31, 26
18, 31, 27
18, 31, 28
18, 31, 29
18, 31, 30
18, 31, 31
18, 31, 32
18, 31, 33
18, 32, 21
18, 32, 22
18, 32, 23
18, 32, 24
18, 32, 25
18, 32, 26
18, 32, 27
18, 32, 28
18, 32, 29
18, 32, 30
18, 32, 31
18, 32, 32
18, 32, 33
18, 33, 21
18, 33, 22
18, 33, 23
18, 33, 24
18, 33, 25
18, 33, 26
18, 33, 27
18, 33, 28
18, 33, 29
18, 33, 30
18, 33, 31
18, 33, 32
18, 33, 33
18, 34, 12
18, 34, 13
18, 34, 14
18, 34, 15
18, 34, 16
18, 34, 17
18, 34, 18
18, 34, 19
18, 34, 20
18, 34, 21
18, 34, 22
18, 34, 23
18, 34, 24
18, 34, 25
18, 34, 26
18, 34, 27
18, 34, 28
18, 34, 29
18, 34, 30
18, 34, 31
18, 34, 32
18, 34, 33
18, 35, 12
18, 35, 13
18, 35, 14
18, 35, 15
18, 35, 16
18, 35, 17
18, 35, 18
18, 35, 19
18, 35, 20
18, 35, 21
18, 35, 22
18, 35, 23
18, 35, 24
18, 35, 25
18, 35, 26
18, 35, 27
18, 35, 28
18, 35, 29
18, 35, 30
18, 35, 31
18, 35, 32
18, 35, 33
18, 36, 12
18, 36, 13
18, 36, 14
18, 36, 15
18, 36, 16
18, 36, 17
18, 36, 18
18, 36, 19
18, 36, 20
18, 36, 21
18, 36, 22
18, 36, 23
18, 36, 24
18, 36, 25
18, 36, 26
18, 36, 27
18, 36, 28
18, 36, 29
18, 36, 30
18, 36, 31
18, 36, 32
18, 36, 33
18, 37, 12
18, 37, 13
18, 37, 14
18, 37, 15
18, 37, 16
18, 37, 17
18, 37, 18
18, 37, 19
18, 37, 20
18, 37, 21
18, 37, 22
18, 37, 23
18, 37, 24
18, 37, 25
18, 37, 26
18, 37, 27
18, 37, 28
18, 37, 29
18, 37, 30
18, 37, 31
18, 37, 32
18, 38, 12
18, 38, 13
18, 38, 14
18, 38, 15
18, 38, 16
18, 38, 17
18, 38, 18
18, 38, 19
18, 38, 20
18, 38, 21
18, 38, 22
18, 38, 23
18, 38, 24
18, 38, 25
18, 38, 26
18, 38, 27
18, 38, 28
18, 38, 29
18, 38, 30
18, 38, 31
18, 38, 32
19, 18, 21
19, 18, 22
19, 18, 23
19, 18, 24
19, 18, 25
19, 18, 26
19, 18, 27
19, 18, 28
19, 18, 29
19, 18, 30
19, 18, 31
19, 18, 32
19, 18, 33
19, 19, 21
19, 19, 22
19, 19, 23
19, 19, 24
19, 19, 25
19, 19, 26
19, 19, 27
19, 19, 28
19, 19, 29
19, 19, 30
19, 19, 31
19, 19, 32
19, 19, 33
19, 20, 21
19, 20, 22
19, 20, 23
19, 20, 24
19, 20, 25
19, 20, 26
19, 20, 27
19, 20, 28
19, 20, 29
19, 20, 30
19, 20, 31
19, 20, 32
19, 20, 33
19, 21, 21
19, 21, 22
19, 21, 23
19, 21, 24
19, 21, 25
19, 21, 26
19, 21, 27
19, 21, 28
19, 21, 29
19, 21, 30
19, 21, 31
19, 21, 32
19, 21, 33
19, 22, 21
19, 22, 22
19, 22, 23
19, 22, 24
19, 22, 25
19, 22, 26
19, 22, 27
19, 22, 28
19, 22, 29
19, 22, 30
19, 22, 31
19, 22, 32
19, 22, 33
19, 23, 21
19, 23, 22
19, 23, 23
19, 23, 24
19, 23, 25
19, 23, 26
19, 23, 27
19, 23, 28
19, 23, 29
19, 23, 30
19, 23, 31
19, 23, 32
19, 23, 33
19, 24, 21
19, 24, 22
19, 24, 23
19, 24, 24
19, 24, 25
19, 24, 26
19, 24, 27
19, 24, 28
19, 24, 29
19, 24, 30
19, 24, 31
19, 24, 32
19, 24, 33
19, 25, 21
19, 25, 22
19, 25, 23
19, 25, 24
19, 25, 25
19, 25, 26
19, 25, 27
19, 25, 28
19, 25, 29
19, 25, 30
19, 25, 31
19, 25, 32
19, 25, 33
19, 26, 21
19, 26, 22
19, 26, 23
19, 26, 24
19, 26, 25
19, 26, 26
19, 26, 27
19, 26, 28
19, 26, 29
19, 26, 30
19, 26, 31
19, 26, 32
19, 26, 33
19, 27, 21
19, 27, 22
19, 27, 23
19, 27, 24
19, 27, 25
19, 27, 26
19, 27, 27
19, 27, 28
19, 27, 29
19, 27, 30
19, 27, 31
19, 27, 32
19, 27, 33
19, 28, 21
19, 28, 22
19, 28, 23
19, 28, 24
19, 28, 25
19, 28, 26
19, 28, 27
19, 28, 28
19, 28, 29
19, 28, 30
19, 28, 31
19, 28, 32
19, 28, 33
19, 29, 21
19, 29, 22
19, 29, 23
19, 29, 24
19, 29, 25
19, 29, 26
19, 29, 27
19, 29, 28
19, 29, 29
19, 29, 30
19, 29, 31
19, 29, 32
19, 29, 33
19, 30, 21
19, 30, 22
19, 30, 23
19, 30, 24
19, 30, 25
19, 30, 26
19, 30, 27
19, 30, 28
19, 30, 29
19, 30, 30
19, 30, 31
19, 30, 32
19, 30, 33
19, 31, 21
19, 31, 22
19, 31, 23
19, 31, 24
19, 31, 25
19, 31, 26
19, 31, 27
19, 31, 28
19, 31, 29
19, 31, 30
19, 31, 31
19, 31, 32
19, 31, 33
19, 32, 21
19, 32, 22
19, 32, 23
19, 32, 24
19, 32, 25
19, 32, 26
19, 32, 27
19, 32, 28
19, 32, 29
19, 32, 30
19, 32, 31
19, 32, 32
19, 32, 33
19, 33, 21
19, 33, 22
19, 33, 23
19, 33, 24
19, 33, 25
19, 33, 26
19, 33, 27
19, 33, 28
19, 33, 29
19, 33, 30
19, 33, 31
19, 33, 32
19, 33, 33
19, 34, 12
19, 34, 13
19, 34, 14
19, 34, 15
19, 34, 16
19, 34, 17
19, 34, 18
19, 34, 19
19, 34, 20
19, 34, 21
19, 34, 22
19, 34, 23
19, 34, 24
19, 34, 25
19, 34, 26
19, 34, 27
19, 34, 28
19, 34, 29
19, 34, 30
19, 34, 31
19, 34, 32
19, 34, 33
19, 35, 12
19, 35, 13
19, 35, 14
19, 35, 15
19, 35, 16
19, 35, 17
19, 35, 18
19, 35, 19
19, 35, 20
19, 35, 21
19, 35, 22
19, 35, 23
19, 35, 24
19, 35, 25
19, 35, 26
19, 35, 27
19, 35, 28
19, 35, 29
19, 35, 30
19, 35, 31
19, 35, 32
19, 35, 33
19, 36, 12
19, 36, 13
19, 36, 14
19, 36, 15
19, 36, 16
19, 36, 17
19, 36, 18
19, 36, 19
19, 36, 20
19, 36, 21
19, 36, 22
19, 36, 23
19, 36, 24
19, 36, 25
19, 36, 26
19, 36, 27
19, 36, 28
19, 36, 29
19, 36, 30
19, 36, 31
19, 36, 32
19, 36, 33
19, 37, 12
19, 37, 13
19, 37, 14
19, 37, 15
19, 37, 16
19, 37, 17
19, 37, 18
19, 37, 19
19, 37, 20
19, 37, 21
19, 37, 22
19, 37, 23
19, 37, 24
19, 37, 25
19, 37, 26
19, 37, 27
19, 37, 28
19, 37, 29
19, 37, 30
19, 37, 31
19, 37, 32
19, 38, 12
19, 38, 13
19, 38, 14
19, 38, 15
19, 38, 16
19, 38, 17
19, 38, 18
19, 38, 19
19, 38, 20
19, 38, 21
19, 38, 22
19, 38, 23
19, 38, 24
19, 38, 25
19, 38, 26
19, 38, 27
19, 38, 28
19, 38, 29
19, 38, 30
19, 38, 31
19, 38, 32
20, 18, 21
20, 18, 22
20, 18, 23
20, 18, 24
20, 18, 25
20, 18, 26
20, 18, 27
20, 18, 28
20, 18, 29
20, 18, 30
20, 18, 31
20, 18, 32
20, 18, 33
20, 19, 21
20, 19, 22
20, 19, 23
20, 19, 24
20, 19, 25
20, 19, 26
20, 19, 27
20, 19, 28
20, 19, 29
20, 19, 30
20, 19, 31
20, 19, 32
20, 19, 33
20, 20, 21
20, 20, 22
20, 20, 23
20, 20, 24
20, 20, 25
20, 20, 26
20, 20, 27
20, 20, 28
20, 20, 29
20, 20, 30
20, 20, 31
20, 20, 32
20, 20, 33
20, 21, 21
20, 21, 22
20, 21, 23
20, 21, 24
20, 21, 25
20, 21, 26
20, 21, 27
20, 21, 28
20, 21, 29
20, 21, 30
20, 21, 31
20, 21, 32
20, 21, 33
20, 22, 21
20, 22, 22
20, 22, 23
20, 22, 24
20, 22, 25
20, 22, 26
20, 22, 27
20, 22, 28
20, 22, 29
20, 22, 30
20, 22, 31
20, 22, 32
20, 22, 33
20, 23, 21
20, 23, 22
20, 23, 23
20, 23, 24
20, 23, 25
20, 23, 26
20, 23, 27
20, 23, 28
20, 23, 29
20, 23, 30
20, 23, 31
20, 23, 32
20, 23, 33
20, 24, 21
20, 24, 22
20, 24, 23
20, 24, 24
20, 24, 25
20, 24, 26
20, 24, 27
20, 24, 28
20, 24, 29
20, 24, 30
20, 24, 31
20, 24, 32
20, 24, 33
20, 25, 21
20, 25, 22
20, 25, 23
20, 25, 24
20, 25, 25
20, 25, 26
20, 25, 27
20, 25, 28
20, 25, 29
20, 25, 30
20, 25, 31
20, 25, 32
20, 25, 33
20, 26, 21
20, 26, 22
20, 26, 23
20, 26, 24
20, 26, 25
20, 26, 26
20, 26, 27
20, 26, 28
20, 26, 29
20, 26, 30
20, 26, 31
20, 26, 32
20, 26, 33
20, 27, 21
20, 27, 22
20, 27, 23
20, 27, 24
20, 27, 25
20, 27, 26
20, 27, 27
20, 27, 28
20, 27, 29
20, 27, 30
20, 27, 31
20, 27, 32
20, 27, 33
20, 28, 21
20, 28, 22
20, 28, 23
20, 28, 24
20, 28, 25
20, 28, 26
20, 28, 27
20, 28, 28
20, 28, 29
20, 28, 30
20, 28, 31
20, 28, 32
20, 28, 33
20, 29, 21
20, 29, 22
20, 29, 23
20, 29, 24
20, 29, 25
20, 29, 26
20, 29, 27
20, 29, 28
20, 29, 29
20, 29, 30
20, 29, 31
20, 29, 32
20, 29, 33
20, 30, 21
20, 30, 22
20, 30, 23
20, 30, 24
20, 30, 25
20, 30, 26
20, 30, 27
20, 30, 28
20, 30, 29
20, 30, 30
20, 30, 31
20, 30, 32
20, 30, 33
20, 31, 21
20, 31, 22
20, 31, 23
20, 31, 24
20, 31, 25
20, 31, 26
20, 31, 27
20, 31, 28
20, 31, 29
20, 31, 30
20, 31, 31
20, 31, 32
20, 31, 33
20, 32, 21
20, 32, 22
20, 32, 23
20, 32, 24
20, 32, 25
20, 32, 26
20, 32, 27
20, 32, 28
20, 32, 29
20, 32, 30
20, 32, 31
20, 32, 32
20, 32, 33
20, 33, 21
20, 33, 22
20, 33, 23
20, 33, 24
20, 33, 25
20, 33, 26
20, 33, 27
20, 33, 28
20, 33, 29
20, 33, 30
20, 33, 31
20, 33, 32
20, 33, 33
20, 34, 12
20, 34, 13
20, 34, 14
20, 34, 15
20, 34, 16
20, 34, 17
20, 34, 18
20, 34, 19
20, 34, 20
20, 34, 21
20, 34, 22
20, 34, 23
20, 34, 24
20, 34, 25
20, 34, 26
20, 34, 27
20, 34, 28
20, 34, 29
20, 34, 30
20, 34, 31
20, 34, 32
20, 34, 33
20, 35, 12
20, 35, 13
20, 35, 14
20, 35, 15
20, 35, 16
20, 35, 17
20, 35, 18
20, 35, 19
20, 35, 20
20, 35, 21
20, 35, 22
20, 35, 23
20, 35, 24
20, 35, 25
20, 35, 26
20, 35, 27
20, 35, 28
20, 35, 29
20, 35, 30
20, 35, 31
20, 35, 32
20, 35, 33
20, 36, 12
20, 36, 13
20, 36, 14
20, 36, 15
20, 36, 16
20, 36, 17
20, 36, 18
20, 36, 19
20, 36, 20
20, 36, 21
20, 36, 22
20, 36, 23
20, 36, 24
20, 36, 25
20, 36, 26
20, 36, 27
20, 36, 28
20, 36, 29
20, 36, 30
20, 36, 31
20, 36, 32
20, 36, 33
20, 37, 12
20, 37, 13
20, 37, 14
20, 37, 15
20, 37, 16
20, 37, 17
20, 37, 18
20, 37, 19
20, 37, 20
20, 37, 21
20, 37, 22
20, 37, 23
20, 37, 24
20, 37, 25
20, 37, 26
20, 37, 27
20, 37, 28
20, 37, 29
20, 37, 30
20, 37, 31
20, 37, 32
20, 38, 12
20, 38, 13
20, 38, 14
20, 38, 15
20, 38, 16
20, 38, 17
20, 38, 18
20, 38, 19
20, 38, 20
20, 38, 21
20, 38, 22
20, 38, 23
20, 38, 24
20, 38, 25
20, 38, 26
20, 38, 27
20, 38, 28
20, 38, 29
20, 38, 30
20, 38, 31
20, 38, 32
21, 13, 24
21, 13, 25
21, 13, 26
21, 14, 24
21, 14, 25
21, 14, 26
21, 15, 24
21, 15, 25
21, 15, 26
21, 16, 24
21, 16, 25
21, 16, 26
21, 17, 24
21, 17, 25
21, 17, 26
21, 18, 21
21, 18, 22
21, 18, 23
21, 18, 24
21, 18, 25
21, 18, 26
21, 18, 27
21, 18, 28
21, 18, 29
21, 18, 30
21, 18, 31
21, 18, 32
21, 18, 33
21, 19, 21
21, 19, 22
21, 19, 23
21, 19, 24
21, 19, 25
21, 19, 26
21, 19, 27
21, 19, 28
21, 19, 29
21, 19, 30
21, 19, 31
21, 19, 32
21, 19, 33
21, 20, 21
21, 20, 22
21, 20, 23
21, 20, 24
21, 20, 25
21, 20, 26
21, 20, 27
21, 20, 28
21, 20, 29
21, 20, 30
21, 20, 31
21, 20, 32
21, 20, 33
21, 21, 21
21, 21, 22
21, 21, 23
21, 21, 24
21, 21, 25
21, 21, 26
21, 21, 27
21, 21, 28
21, 21, 29
21, 21, 30
21, 21, 31
21, 21, 32
21, 21, 33
21, 22, 21
21, 22, 22
21, 22, 23
21, 22, 24
21, 22, 25
21, 22, 26
21, 22, 27
21, 22, 28
21, 22, 29
21, 22, 30
21, 22, 31
21, 22, 32
21, 22, 33
21, 23, 21
21, 23, 22
21, 23, 23
21, 23, 24
21, 23, 25
21, 23, 26
21, 23, 27
21, 23, 28
21, 23, 29
21, 23, 30
21, 23, 31
21, 23, 32
21, 23, 33
21, 24, 21
21, 24, 22
21, 24, 23
21, 24, 24
21, 24, 25
21, 24, 26
21, 24, 27
21, 24, 28
21, 24, 29
21, 24, 30
21, 24, 31
21, 24, 32
21, 24, 33
21, 25, 21
21, 25, 22
21, 25, 23
21, 25, 24
21, 25, 25
21, 25, 26
21, 25, 27
21, 25, 28
21, 25, 29
21, 25, 30
21, 25, 31
21, 25, 32
21, 25, 33
21, 26, 17
21, 26, 18
21, 26, 19
21, 26, 20
21, 26, 21
21, 26, 22
21, 26, 23
21, 26, 24
21, 26, 25
21, 26, 26
21, 26, 27
21, 26, 28
21, 26, 29
21, 26, 30
21, 26, 31
21, 26, 32
21, 26, 33
21, 27, 21
21, 27, 22
21, 27, 23
21, 27, 24
21, 27, 25
21, 27, 26
21, 27, 27
21, 27, 28
21, 27, 29
21, 27, 30
21, 27, 31
21, 27, 32
21, 27, 33
21, 28, 21
21, 28, 22
21, 28, 23
21, 28, 24
21, 28, 25
21, 28, 26
21, 28, 27
21, 28, 28
21, 28, 29
21, 28, 30
21, 28, 31
21, 28, 32
21, 28, 33
21, 29, 21
21, 29, 22
21, 29, 23
21, 29, 24
21, 29, 25
21, 29, 26
21, 29, 27
21, 29, 28
21, 29, 29
21, 29, 30
21, 29, 31
21, 29, 32
21, 29, 33
21, 30, 21
21, 30, 22
21, 30, 23
21, 30, 24
21, 30, 25
21, 30, 26
21, 30, 27
21, 30, 28
21, 30, 29
21, 30, 30
21, 30, 31
21, 30, 32
21, 30, 33
21, 31, 21
21, 31, 22
21, 31, 23
21, 31, 24
21, 31, 25
21, 31, 26
21, 31, 27
21, 31, 28
21, 31, 29
21, 31, 30
21, 31, 31
21, 31, 32
21, 31, 33
21, 32, 21
21, 32, 22
21, 32, 23
21, 32, 24
21, 32, 25
21, 32, 26
21, 32, 27
21, 32, 28
21, 32, 29
21, 32, 30
21, 32, 31
21, 32, 32
21, 32, 33
21, 33, 21
21, 33, 22
21, 33, 23
21, 33, 24
21, 33, 25
21, 33, 26
21, 33, 27
21, 33, 28
21, 33, 29
21, 33, 30
21, 33, 31
21, 33, 32
21, 33, 33
21, 34, 12
21, 34, 13
21, 34, 14
21, 34, 15
21, 34, 16
21, 34, 17
21, 34, 18
21, 34, 19
21, 34, 20
21, 34, 21
21, 34, 22
21, 34, 23
21, 34, 24
21, 34, 25
21, 34, 26
21, 34, 27
21, 34, 28
21, 34, 29
21, 34, 30
21, 34, 31
21, 34, 32
21, 34, 33
21, 35, 12
21, 35, 13
21, 35, 14
21, 35, 15
21, 35, 16
21, 35, 17
21, 35, 18
21, 35, 19
21, 35, 20
21, 35, 21
21, 35, 22
21, 35, 23
21, 35, 24
21, 35, 25
21, 35, 26
21, 35, 27
21, 35, 28
21, 35, 29
21, 35, 30
21, 35, 31
21, 35, 32
21, 35, 33
21, 36, 12
21, 36, 13
21, 36, 14
21, 36, 15
21, 36, 16
21, 36, 17
21, 36, 18
21, 36, 19
21, 36, 20
21, 36, 21
21, 36, 22
21, 36, 23
21, 36, 24
21, 36, 25
21, 36, 26
21, 36, 27
21, 36, 28
21, 36, 29
21, 36, 30
21, 36, 31
21, 36, 32
21, 36, 33
21, 37, 12
21, 37, 13
21, 37, 14
21, 37, 15
21, 37, 16
21, 37, 17
21, 37, 18
21, 37, 19
21, 37, 20
21, 37, 21
21, 37, 22
21, 37, 23
21, 37, 24
21, 37, 25
21, 37, 26
21, 37, 27
21, 37, 28
21, 37, 29
21, 37, 30
21, 37, 31
21, 37, 32
21, 38, 12
21, 38, 13
21, 38, 14
21, 38, 15
21, 38, 16
21, 38, 17
21, 38, 18
21, 38, 19
21, 38, 20
21, 38, 21
21, 38, 22
21, 38, 23
21, 38, 24
21, 38, 25
21, 38, 26
21, 38, 27
21, 38, 28
21, 38, 29
21, 38, 30
21, 38, 31
21, 38, 32
22, 13, 24
22, 13, 25
22, 13, 26
22, 14, 24
22, 14, 25
22, 14, 26
22, 15, 24
22, 15, 25
22, 15, 26
22, 16, 24
22, 16, 25
22, 16, 26
22, 17, 24
22, 17, 25
22, 17, 26
22, 18, 21
22, 18, 22
22, 18, 23
22, 18, 24
22, 18, 25
22, 18, 26
22, 18, 27
22, 18, 28
22, 18, 29
22, 18, 30
22, 18, 31
22, 18, 32
22, 18, 33
22, 19, 21
22, 19, 22
22, 19, 23
22, 19, 24
22, 19, 25
22, 19, 26
22, 19, 27
22, 19, 28
22, 19, 29
22, 19, 30
22, 19, 31
22, 19, 32
22, 19, 33
22, 20, 21
22, 20, 22
22, 20, 23
22, 20, 24
22, 20, 25
22, 20, 26
22, 20, 27
22, 20, 28
22, 20, 29
22, 20, 30
22, 20, 31
22, 20, 32
22, 20, 33
22, 21, 21
22, 21, 22
22, 21, 23
22, 21, 24
22, 21, 25
22, 21, 26
22, 21, 27
22, 21, 28
22, 21, 29
22, 21, 30
22, 21, 31
22, 21, 32
22, 21, 33
22, 22, 21
22, 22, 22
22, 22, 23
22, 22, 24
22, 22, 25
22, 22, 26
22, 22, 27
22, 22, 28
22, 22, 29
22, 22, 30
22, 22, 31
22, 22, 32
22, 22, 33
22, 23, 21
22, 23, 22
22, 23, 23
22, 23, 24
22, 23, 25
22, 23, 26
22, 23, 27
22, 23, 28
22, 23, 29
22, 23, 30
22, 23, 31
22, 23, 32
22, 23, 33
22, 24, 21
22, 24, 22
22, 24, 23
22, 24, 24
22, 24, 25
22, 24, 26
22, 24, 27
22, 24, 28
22, 24, 29
22, 24, 30
22, 24, 31
22, 24, 32
22, 24, 33
22, 25, 21
22, 25, 22
22, 25, 23
22, 25, 24
22, 25, 25
22, 25, 26
22, 25, 27
22, 25, 28
22, 25, 29
22, 25, 30
22, 25, 31
22, 25, 32
22, 25, 33
22, 26, 17
22, 26, 18
22, 26, 19
22, 26, 20
22, 26, 21
22, 26, 22
22, 26, 23
22, 26, 24
22, 26, 25
22, 26, 26
22, 26, 27
22, 26, 28
22, 26, 29
22, 26, 30
22, 26, 31
22, 26, 32
22, 26, 33
22, 27, 21
22, 27, 22
22, 27, 23
22, 27, 24
22, 27, 25
22, 27, 26
22, 27, 27
22, 27, 28
22, 27, 29
22, 27, 30
22, 27, 31
22, 27, 32
22, 27, 33
22, 28, 21
22, 28, 22
22, 28, 23
22, 28, 24
22, 28, 25
22, 28, 26
22, 28, 27
22, 28, 28
22, 28, 29
22, 28, 30
22, 28, 31
22, 28, 32
22, 28, 33
22, 29, 21
22, 29, 22
22, 29, 23
22, 29, 24
22, 29, 25
22, 29, 26
22, 29, 27
22, 29, 28
22, 29, 29
22, 29, 30
22, 29, 31
22, 29, 32
22, 29, 33
22, 30, 21
22, 30, 22
22, 30, 23
22, 30, 24
22, 30, 25
22, 30, 26
22, 30, 27
22, 30, 28
22, 30, 29
22, 30, 30
22, 30, 31
22, 30, 32
22, 30, 33
22, 31, 21
22, 31, 22
22, 31, 23
22, 31, 24
22, 31, 25
22, 31, 26
22, 31, 27
22, 31, 28
22, 31, 29
22, 31, 30
22, 31, 31
22, 31, 32
22, 31, 33
22, 32, 21
22, 32, 22
22, 32, 23
22, 32, 24
22, 32, 25
22, 32, 26
22, 32, 27
22, 32, 28
22, 32, 29
22, 32, 30
22, 32, 31
22, 32, 32
22, 32, 33
22, 33, 21
22, 33, 22
22, 33, 23
22, 33, 24
22, 33, 25
22, 33, 26
22, 33, 27
22, 33, 28
22, 33, 29
22, 33, 30
22, 33, 31
22, 33, 32
22, 33, 33
22, 34, 12
22, 34, 13
22, 34, 14
22, 34, 15
22, 34, 16
22, 34, 17
22, 34, 18
22, 34, 19
22, 34, 20
22, 34, 21
22, 34, 22
22, 34, 23
22, 34, 24
22, 34, 25
22, 34, 26
22, 34, 27
22, 34, 28
22, 34, 29
22, 34, 30
22, 34, 31
22, 34, 32
22, 34, 33
22, 35, 12
22, 35, 13
22, 35, 14
22, 35, 15
22, 35, 16
22, 35, 17
22, 35, 18
22, 35, 19
22, 35, 20
22, 35, 21
22, 35, 22
22, 35, 23
22, 35, 24
22, 35, 25
22, 35, 26
22, 35, 27
22, 35, 28
22, 35, 29
22, 35, 30
22, 35, 31
22, 35, 32
22, 35, 33
22, 36, 12
22, 36, 13
22, 36, 14
22, 36, 15
22, 36, 16
22, 36, 17
22, 36, 18
22, 36, 19
22, 36, 20
22, 36, 21
22, 36, 22
22, 36, 23
22, 36, 24
22, 36, 25
22, 36, 26
22, 36, 27
22, 36, 28
22, 36, 29
22, 36, 30
22, 36, 31
22, 36, 32
22, 36, 33
22, 37, 12
22, 37, 13
22, 37, 14
22, 37, 15
22, 37, 16
22, 37, 17
22, 37, 18
22, 37, 19
22, 37, 20
22, 37, 21
22, 37, 22
22, 37, 23
22, 37, 24
22, 37, 25
22, 37, 26
22, 37, 27
22, 37, 28
22, 37, 29
22, 37, 30
22, 37, 31
22, 37, 32
22, 38, 12
22, 38, 13
22, 38, 14
22, 38, 15
22, 38, 16
22, 38, 17
22, 38, 18
22, 38, 19
22, 38, 20
22, 38, 21
22, 38, 22
22, 38, 23
22, 38, 24
22, 38, 25
22, 38, 26
22, 38, 27
22, 38, 28
22, 38, 29
22, 38, 30
22, 38, 31
22, 38, 32
23, 13, 24
23, 13, 25
23, 13, 26
23, 14, 24
23, 14, 25
23, 14, 26
23, 15, 24
23, 15, 25
23, 15, 26
23, 16, 24
23, 16, 25
23, 16, 26
23, 17, 24
23, 17, 25
23, 17, 26
23, 18, 21
23, 18, 22
23, 18, 23
23, 18, 24
23, 18, 25
23, 18, 26
23, 18, 27
23, 18, 28
23, 18, 29
23, 18, 30
23, 18, 31
23, 18, 32
23, 18, 33
23, 19, 21
23, 19, 22
23, 19, 23
23, 19, 24
23, 19, 25
23, 19, 26
23, 19, 27
23, 19, 28
23, 19, 29
23, 19, 30
23, 19, 31
23, 19, 32
23, 19, 33
23, 20, 21
23, 20, 22
23, 20, 23
23, 20, 24
23, 20, 25
23, 20, 26
23, 20, 27
23, 20, 28
23, 20, 29
23, 20, 30
23, 20, 31
23, 20, 32
23, 20, 33
23, 21, 21
23, 21, 22
23, 21, 23
23, 21, 24
23, 21, 25
23, 21, 26
23, 21, 27
23, 21, 28
23, 21, 29
23, 21, 30
23, 21, 31
23, 21, 32
23, 21, 33
23, 22, 21
23, 22, 22
23, 22, 23
23, 22, 24
23, 22, 25
23, 22, 26
23, 22, 27
23, 22, 28
23, 22, 29
23, 22, 30
23, 22, 31
23, 22, 32
23, 22, 33
23, 23, 21
23, 23, 22
23, 23, 23
23, 23, 24
23, 23, 25
23, 23, 26
23, 23, 27
23, 23, 28
23, 23, 29
23, 23, 30
23, 23, 31
23, 23, 32
23, 23, 33
23, 24, 21
23, 24, 22
23, 24, 23
23, 24, 24
23, 24, 25
23, 24, 26
23, 24, 27
23, 24, 28
23, 24, 29
23, 24, 30
23, 24, 31
23, 24, 32
23, 24, 33
23, 25, 21
23, 25, 22
23, 25, 23
23, 25, 24
23, 25, 25
23, 25, 26
23, 25, 27
23, 25, 28
23, 25, 29
23, 25, 30
23, 25, 31
23, 25, 32
23, 25, 33
23, 26, 17
23, 26, 18
23, 26, 19
23, 26, 20
23, 26, 21
23, 26, 22
23, 26, 23
23, 26, 24
23, 26, 25
23, 26, 26
23, 26, 27
23, 26, 28
23, 26, 29
23, 26, 30
23, 26, 31
23, 26, 32
23, 26, 33
23, 27, 21
23, 27, 22
23, 27, 23
23, 27, 24
23, 27, 25
23, 27, 26
23, 27, 27
23, 27, 28
23, 27, 29
23, 27, 30
23, 27, 31
23, 27, 32
23, 27, 33
23, 28, 21
23, 28, 22
23, 28, 23
23, 28, 24
23, 28, 25
23, 28, 26
23, 28, 27
23, 28, 28
23, 28, 29
23, 28, 30
23, 28, 31
23, 28, 32
23, 28, 33
23, 29, 21
23, 29, 22
23, 29, 23
23, 29, 24
23, 29, 25
23, 29, 26
23, 29, 27
23, 29, 28
23, 29, 29
23, 29, 30
23, 29, 31
23, 29, 32
23, 29, 33
23, 30, 21
23, 30, 22
23, 30, 23
23, 30, 24
23, 30, 25
23, 30, 26
23, 30, 27
23, 30, 28
23, 30, 29
23, 30, 30
23, 30, 31
23, 30, 32
23, 30, 33
23, 31, 21
23, 31, 22
23, 31, 23
23, 31, 24
23, 31, 25
23, 31, 26
23, 31, 27
23, 31, 28
23, 31, 29
23, 31, 30
23, 31, 31
23, 31, 32
23, 31, 33
23, 32, 21
23, 32, 22
23, 32, 23
23, 32, 24
23, 32, 25
23, 32, 26
23, 32, 27
23, 32, 28
23, 32, 29
23, 32, 30
23, 32, 31
23, 32, 32
23, 32, 33
23, 33, 21
23, 33, 22
23, 33, 23
23, 33, 24
23, 33, 25
23, 33, 26
23, 33, 27
23, 33, 28
23, 33, 29
23, 33, 30
23, 33, 31
23, 33, 32
23, 33, 33
23, 34, 12
23, 34, 13
23, 34, 14
23, 34, 15
23, 34, 16
23, 34, 17
23, 34, 18
23, 34, 19
23, 34, 20
23, 34, 21
23, 34, 22
23, 34, 23
23, 34, 24
23, 34, 25
23, 34, 26
23, 34, 27
23, 34, 28
23, 34, 29
23, 34, 30
23, 34, 31
23, 34, 32
23, 34, 33
23, 35, 12
23, 35, 13
23, 35, 14
23, 35, 15
23, 35, 16
23, 35, 17
23, 35, 18
23, 35, 19
23, 35, 20
23, 35, 21
23, 35, 22
23, 35, 23
23, 35, 24
23, 35, 25
23, 35, 26
23, 35, 27
23, 35, 28
23, 35, 29
23, 35, 30
23, 35, 31
23, 35, 32
23, 35, 33
23, 36, 12
23, 36, 13
23, 36, 14
23, 36, 15
23, 36, 16
23, 36, 17
23, 36, 18
23, 36, 19
23, 36, 20
23, 36, 21
23, 36, 22
23, 36, 23
23, 36, 24
23, 36, 25
23, 36, 26
23, 36, 27
23, 36, 28
23, 36, 29
23, 36, 30
23, 36, 31
23, 36, 32
23, 36, 33
23, 37, 12
23, 37, 13
23, 37, 14
23, 37, 15
23, 37, 16
23, 37, 17
23, 37, 18
23, 37, 19
23, 37, 20
23, 37, 21
23, 37, 22
23, 37, 23
23, 37, 24
23, 37, 25
23, 37, 26
23, 37, 27
23, 37, 28
23, 37, 29
23, 37, 30
23, 37, 31
23, 37, 32
23, 38, 12
23, 38, 13
23, 38, 14
23, 38, 15
23, 38, 16
23, 38, 17
23, 38, 18
23, 38, 19
23, 38, 20
23, 38, 21
23, 38, 22
23, 38, 23
23, 38, 24
23, 38, 25
23, 38, 26
23, 38, 27
23, 38, 28
23, 38, 29
23, 38, 30
23, 38, 31
23, 38, 32
24, 13, 24
24, 13, 25
24, 13, 26
24, 14, 24
24, 14, 25
24, 14, 26
24, 15, 24
24, 15, 25
24, 15, 26
24, 16, 24
24, 16, 25
24, 16, 26
24, 17, 24
24, 17, 25
24, 17, 26
24, 18, 21
24, 18, 22
24, 18, 23
24, 18, 24
24, 18, 25
24, 18, 26
24, 18, 27
24, 18, 28
24, 18, 29
24, 18, 30
24, 18, 31
24, 18, 32
24, 18, 33
24, 19, 21
24, 19, 22
24, 19, 23
24, 19, 24
24, 19, 25
24, 19, 26
24, 19, 27
24, 19, 28
24, 19, 29
24, 19, 30
24, 19, 31
24, 19, 32
24, 19, 33
24, 20, 21
24, 20, 22
24, 20, 23
24, 20, 24
24, 20, 25
24, 20, 26
24, 20, 27
24, 20, 28
24, 20, 29
24, 20, 30
24, 20, 31
24, 20, 32
24, 20, 33
24, 21, 21
24, 21, 22
24, 21, 23
24, 21, 24
24, 21, 25
24, 21, 26
24, 21, 27
24, 21, 28
24, 21, 29
24, 21, 30
24, 21, 31
24, 21, 32
24, 21, 33
24, 22, 21
24, 22, 22
24, 22, 23
24, 22, 24
24, 22, 25
24, 22, 26
24, 22, 27
24, 22, 28
24, 22, 29
24, 22, 30
24, 22, 31
24, 22, 32
24, 22, 33
24, 23, 21
24, 23, 22
24, 23, 23
24, 23, 24
24, 23, 25
24, 23, 26
24, 23, 27
24, 23, 28
24, 23, 29
24, 23, 30
24, 23, 31
24, 23, 32
24, 23, 33
24, 24, 21
24, 24, 22
24, 24, 23
24, 24, 24
24, 24, 25
24, 24, 26
24, 24, 27
24, 24, 28
24, 24, 29
24, 24, 30
24, 24, 31
24, 24, 32
24, 24, 33
24, 25, 21
24, 25, 22
24, 25, 23
24, 25, 24
24, 25, 25
24, 25, 26
24, 25, 27
24, 25, 28
24, 25, 29
24, 25, 30
24, 25, 31
24, 25, 32
24, 25, 33
24, 26, 17
24, 26, 18
24, 26, 19
24, 26, 20
24, 26, 21
24, 26, 22
24, 26, 23
24, 26, 24
24, 26, 25
24, 26, 26
24, 26, 27
24, 26, 28
24, 26, 29
24, 26, 30
24, 26, 31
24, 26, 32
24, 26, 33
24, 27, 21
24, 27, 22
24, 27, 23
24, 27, 24
24, 27, 25
24, 27, 26
24, 27, 27
24, 27, 28
24, 27, 29
24, 27, 30
24, 27, 31
24, 27, 32
24, 27, 33
24, 28, 21
24, 28, 22
24, 28, 23
24, 28, 24
24, 28, 25
24, 28, 26
24, 28, 27
24, 28, 28
24, 28, 29
24, 28, 30
24, 28, 31
24, 28, 32
24, 28, 33
24, 29, 21
24, 29, 22
24, 29, 23
24, 29, 24
24, 29, 25
24, 29, 26
24, 29, 27
24, 29, 28
24, 29, 29
24, 29, 30
24, 29, 31
24, 29, 32
24, 29, 33
24, 30, 21
24, 30, 22
24, 30, 23
24, 30, 24
24, 30, 25
24, 30, 26
24, 30, 27
24, 30, 28
24, 30, 29
24, 30, 30
24, 30, 31
24, 30, 32
24, 30, 33
24, 31, 21
24, 31, 22
24, 31, 23
24, 31, 24
24, 31, 25
24, 31, 26
24, 31, 27
24, 31, 28
24, 31, 29
24, 31, 30
24, 31, 31
24, 31, 32
24, 31, 33
24, 32, 21
24, 32, 22
24, 32, 23
24, 32, 24
24, 32, 25
24, 32, 26
24, 32, 27
24, 32, 28
24, 32, 29
24, 32, 30
24, 32, 31
24, 32, 32
24, 32, 33
24, 33, 21
24, 33, 22
24, 33, 23
24, 33, 24
24, 33, 25
24, 33, 26
24, 33, 27
24, 33, 28
24, 33, 29
24, 33, 30
24, 33, 31
24, 33, 32
24, 33, 33
24, 34, 12
24, 34, 13
24, 34, 14
24, 34, 15
24, 34, 16
24, 34, 17
24, 34, 18
24, 34, 19
24, 34, 20
24, 34, 21
24, 34, 22
24, 34, 23
24, 34, 24
24, 34, 25
24, 34, 26
24, 34, 27
24, 34, 28
24, 34, 29
24, 34, 30
24, 34, 31
24, 34, 32
24, 34, 33
24, 35, 12
24, 35, 13
24, 35, 14
24, 35, 15
24, 35, 16
24, 35, 17
24, 35, 18
24, 35, 19
24, 35, 20
24, 35, 21
24, 35, 22
24, 35, 23
24, 35, 24
24, 35, 25
24, 35, 26
24, 35, 27
24, 35, 28
24, 35, 29
24, 35, 30
24, 35, 31
24, 35, 32
24, 35, 33
24, 36, 12
24, 36, 13
24, 36, 14
24, 36, 15
24, 36, 16
24, 36, 17
24, 36, 18
24, 36, 19
24, 36, 20
24, 36, 21
24, 36, 22
24, 36, 23
24, 36, 24
24, 36, 25
24, 36, 26
24, 36, 27
24, 36, 28
24, 36, 29
24, 36, 30
24, 36, 31
24, 36, 32
24, 36, 33
24, 37, 12
24, 37, 13
24, 37, 14
24, 37, 15
24, 37, 16
24, 37, 17
24, 37, 18
24, 37, 19
24, 37, 20
24, 37, 21
24, 37, 22
24, 37, 23
24, 37, 24
24, 37, 25
24, 37, 26
24, 37, 27
24, 37, 28
24, 37, 29
24, 37, 30
24, 37, 31
24, 37, 32
24, 38, 12
24, 38, 13
24, 38, 14
24, 38, 15
24, 38, 16
24, 38, 17
24, 38, 18
24, 38, 19
24, 38, 20
24, 38, 21
24, 38, 22
24, 38, 23
24, 38, 24
24, 38, 25
24, 38, 26
24, 38, 27
24, 38, 28
24, 38, 29
24, 38, 30
24, 38, 31
24, 38, 32
25, 13, 24
25, 13, 25
25, 13, 26
25, 14, 24
25, 14, 25
25, 14, 26
25, 15, 24
25, 15, 25
25, 15, 26
25, 16, 24
25, 16, 25
25, 16, 26
25, 17, 24
25, 17, 25
25, 17, 26
25, 18, 21
25, 18, 22
25, 18, 23
25, 18, 24
25, 18, 25
25, 18, 26
25, 18, 27
25, 18, 28
25, 18, 29
25, 18, 30
25, 18, 31
25, 18, 32
25, 18, 33
25, 19, 21
25, 19, 22
25, 19, 23
25, 19, 24
25, 19, 25
25, 19, 26
25, 19, 27
25, 19, 28
25, 19, 29
25, 19, 30
25, 19, 31
25, 19, 32
25, 19, 33
25, 20, 21
25, 20, 22
25, 20, 23
25, 20, 24
25, 20, 25
25, 20, 26
25, 20, 27
25, 20, 28
25, 20, 29
25, 20, 30
25, 20, 31
25, 20, 32
25, 20, 33
25, 21, 21
25, 21, 22
25, 21, 23
25, 21, 24
25, 21, 25
25, 21, 26
25, 21, 27
25, 21, 28
25, 21, 29
25, 21, 30
25, 21, 31
25, 21, 32
25, 21, 33
25, 22, 21
25, 22, 22
25, 22, 23
25, 22, 24
25, 22, 25
25, 22, 26
25, 22, 27
25, 22, 28
25, 22, 29
25, 22, 30
25, 22, 31
25, 22, 32
25, 22, 33
25, 23, 21
25, 23, 22
25, 23, 23
25, 23, 24
25, 23, 25
25, 23, 26
25, 23, 27
25, 23, 28
25, 23, 29
25, 23, 30
25, 23, 31
25, 23, 32
25, 23, 33
25, 24, 21
25, 24, 22
25, 24, 23
25, 24, 24
25, 24, 25
25, 24, 26
25, 24, 27
25, 24, 28
25, 24, 29
25, 24, 30
25, 24, 31
25, 24, 32
25, 24, 33
25, 25, 21
25, 25, 22
25, 25, 23
25, 25, 24
25, 25, 25
25, 25, 26
25, 25, 27
25, 25, 28
25, 25, 29
25, 25, 30
25, 25, 31
25, 25, 32
25, 25, 33
25, 26, 17
25, 26, 18
25, 26, 19
25, 26, 20
25, 26, 21
25, 26, 22
25, 26, 23
25, 26, 24
25, 26, 25
25, 26, 26
25, 26, 27
25, 26, 28
25, 26, 29
25, 26, 30
25, 26, 31
25, 26, 32
25, 26, 33
25, 27, 21
25, 27, 22
25, 27, 23
25, 27, 24
25, 27, 25
25, 27, 26
25, 27, 27
25, 27, 28
25, 27, 29
25, 27, 30
25, 27, 31
25, 27, 32
25, 27, 33
25, 28, 21
25, 28, 22
25, 28, 23
25, 28, 24
25, 28, 25
25, 28, 26
25, 28, 27
25, 28, 28
25, 28, 29
25, 28, 30
25, 28, 31
25, 28, 32
25, 28, 33
25, 29, 21
25, 29, 22
25, 29, 23
25, 29, 24
25, 29, 25
25, 29, 26
25, 29, 27
25, 29, 28
25, 29, 29
25, 29, 30
25, 29, 31
25, 29, 32
25, 29, 33
25, 30, 21
25, 30, 22
25, 30, 23
25, 30, 24
25, 30, 25
25, 30, 26
25, 30, 27
25, 30, 28
25, 30, 29
25, 30, 30
25, 30, 31
25, 30, 32
25, 30, 33
25, 31, 21
25, 31, 22
25, 31, 23
25, 31, 24
25, 31, 25
25, 31, 26
25, 31, 27
25, 31, 28
25, 31, 29
25, 31, 30
25, 31, 31
25, 31, 32
25, 31, 33
25, 32, 21
25, 32, 22
25, 32, 23
25, 32, 24
25, 32, 25
25, 32, 26
25, 32, 27
25, 32, 28
25, 32, 29
25, 32, 30
25, 32, 31
25, 32, 32
25, 32, 33
25, 33, 21
25, 33, 22
25, 33, 23
25, 33, 24
25, 33, 25
25, 33, 26
25, 33, 27
25, 33, 28
25, 33, 29
25, 33, 30
25, 33, 31
25, 33, 32
25, 33, 33
25, 34, 12
25, 34, 13
25, 34, 14
25, 34, 15
25, 34, 16
25, 34, 17
25, 34, 18
25, 34, 19
25, 34, 20
25, 34, 21
25, 34, 22
25, 34, 23
25, 34, 24
25, 34, 25
25, 34, 26
25, 34, 27
25, 34, 28
25, 34, 29
25, 34, 30
25, 34, 31
25, 34, 32
25, 34, 33
25, 35, 12
25, 35, 13
25, 35, 14
25, 35, 15
25, 35, 16
25, 35, 17
25, 35, 18
25, 35, 19
25, 35, 20
25, 35, 21
25, 35, 22
25, 35, 23
25, 35, 24
25, 35, 25
25, 35, 26
25, 35, 27
25, 35, 28
25, 35, 29
25, 35, 30
25, 35, 31
25, 35, 32
25, 35, 33
25, 36, 12
25, 36, 13
25, 36, 14
25, 36, 15
25, 36, 16
25, 36, 17
25, 36, 18
25, 36, 19
25, 36, 20
25, 36, 21
25, 36, 22
25, 36, 23
25, 36, 24
25, 36, 25
25, 36, 26
25, 36, 27
25, 36, 28
25, 36, 29
25, 36, 30
25, 36, 31
25, 36, 32
25, 36, 33
25, 37, 12
25, 37, 13
25, 37, 14
25, 37, 15
25, 37, 16
25, 37, 17
25, 37, 18
25, 37, 19
25, 37, 20
25, 37, 21
25, 37, 22
25, 37, 23
25, 37, 24
25, 37, 25
25, 37, 26
25, 37, 27
25, 37, 28
25, 37, 29
25, 37, 30
25, 37, 31
25, 37, 32
25, 38, 12
25, 38, 13
25, 38, 14
25, 38, 15
25, 38, 16
25, 38, 17
25, 38, 18
25, 38, 19
25, 38, 20
25, 38, 21
25, 38, 22
25, 38, 23
25, 38, 24
25, 38, 25
25, 38, 26
25, 38, 27
25, 38, 28
25, 38, 29
25, 38, 30
25, 38, 31
25, 38, 32
26, 13, 24
26, 13, 25
26, 13, 26
26, 14, 24
26, 14, 25
26, 14, 26
26, 15, 24
26, 15, 25
26, 15, 26
26, 16, 24
26, 16, 25
26, 16, 26
26, 17, 24
26, 17, 25
26, 17, 26
26, 18, 21
26, 18, 22
26, 18, 23
26, 18, 24
26, 18, 25
26, 18, 26
26, 18, 27
26, 18, 28
26, 18, 29
26, 18, 30
26, 18, 31
26, 18, 32
26, 18, 33
26, 19, 21
26, 19, 22
26, 19, 23
26, 19, 24
26, 19, 25
26, 19, 26
26, 19, 27
26, 19, 28
26, 19, 29
26, 19, 30
26, 19, 31
26, 19, 32
26, 19, 33
26, 20, 20
26, 20, 21
26, 20, 22
26, 20, 23
26, 20, 24
26, 20, 25
26, 20, 26
26, 20, 27
26, 20, 28
26, 20, 29
26, 20, 30
26, 20, 31
26, 20, 32
26, 20, 33
26, 20, 34
26, 20, 35
26, 20, 36
26, 21, 20
26, 21, 21
26, 21, 22
26, 21, 23
26, 21, 24
26, 21, 25
26, 21, 26
26, 21, 27
26, 21, 28
26, 21, 29
26, 21, 30
26, 21, 31
26, 21, 32
26, 21, 33
26, 21, 34
26, 21, 35
26, 21, 36
26, 22, 20
26, 22, 21
26, 22, 22
26, 22, 23
26, 22, 24
26, 22, 25
26, 22, 26
26, 22, 27
26, 22, 28
26, 22, 29
26, 22, 30
26, 22, 31
26, 22, 32
26, 22, 33
26, 22, 34
26, 22, 35
26, 22, 36
26, 23, 20
26, 23, 21
26, 23, 22
26, 23, 23
26, 23, 24
26, 23, 25
26, 23, 26
26, 23, 27
26, 23, 28
26, 23, 29
26, 23, 30
26, 23, 31
26, 23, 32
26, 23, 33
26, 23, 34
26, 23, 35
26, 23, 36
26, 24, 20
26, 24, 21
26, 24, 22
26, 24, 23
26, 24, 24
26, 24, 25
26, 24, 26
26, 24, 27
26, 24, 28
26, 24, 29
26, 24, 30
26, 24, 31
26, 24, 32
26, 24, 33
26, 24, 34
26, 24, 35
26, 24, 36
26, 25, 20
26, 25, 21
26, 25, 22
26, 25, 23
26, 25, 24
26, 25, 25
26, 25, 26
26, 25, 27
26, 25, 28
26, 25, 29
26, 25, 30
26, 25, 31
26, 25, 32
26, 25, 33
26, 25, 34
26, 25, 35
26, 25, 36
26, 26, 17
26, 26, 18
26, 26, 19
26, 26, 20
26, 26, 21
26, 26, 22
26, 26, 23
26, 26, 24
26, 26, 25
26, 26, 26
26, 26, 27
26, 26, 28
26, 26, 29
26, 26, 30
26, 26, 31
26, 26, 32
26, 26, 33
26, 26, 34
26, 26, 35
26, 26, 36
26, 27, 20
26, 27, 21
26, 27, 22
26, 27, 23
26, 27, 24
26, 27, 25
26, 27, 26
26, 27, 27
26, 27, 28
26, 27, 29
26, 27, 30
26, 27, 31
26, 27, 32
26, 27, 33
26, 27, 34
26, 27, 35
26, 27, 36
26, 28, 20
26, 28, 21
26, 28, 22
26, 28, 23
26, 28, 24
26, 28, 25
26, 28, 26
26, 28, 27
26, 28, 28
26, 28, 29
26, 28, 30
26, 28, 31
26, 28, 32
26, 28, 33
26, 28, 34
26, 28, 35
26, 28, 36
26, 29, 20
26, 29, 21
26, 29, 22
26, 29, 23
26, 29, 24
26, 29, 25
26, 29, 26
26, 29, 27
26, 29, 28
26, 29, 29
26, 29, 30
26, 29, 31
26, 29, 32
26, 29, 33
26, 29, 34
26, 29, 35
26, 29, 36
26, 30, 20
26, 30, 21
26, 30, 22
26, 30, 23
26, 30, 24
26, 30, 25
26, 30, 26
26, 30, 27
26, 30, 28
26, 30, 29
26, 30, 30
26, 30, 31
26, 30, 32
26, 30, 33
26, 30, 34
26, 30, 35
26, 30, 36
26, 31, 20
26, 31, 21
26, 31, 22
26, 31, 23
26, 31, 24
26, 31, 25
26, 31, 26
26, 31, 27
26, 31, 28
26, 31, 29
26, 31, 30
26, 31, 31
26, 31, 32
26, 31, 33
26, 31, 34
26, 31, 35
26, 31, 36
26, 32, 20
26, 32, 21
26, 32, 22
26, 32, 23
26, 32, 24
26, 32, 25
26, 32, 26
26, 32, 27
26, 32, 28
26, 32, 29
26, 32, 30
26, 32, 31
26, 32, 32
26, 32, 33
26, 32, 34
26, 32, 35
26, 32, 36
26, 33, 20
26, 33, 21
26, 33, 22
26, 33, 23
26, 33, 24
26, 33, 25
26, 33, 26
26, 33, 27
26, 33, 28
26, 33, 29
26, 33, 30
26, 33, 31
26, 33, 32
26, 33, 33
26, 33, 34
26, 33, 35
26, 33, 36
26, 34, 20
26, 34, 21
26, 34, 22
26, 34, 23
26, 34, 24
26, 34, 25
26, 34, 26
26, 34, 27
26, 34, 28
26, 34, 29
26, 34, 30
26, 34, 31
26, 34, 32
26, 34, 33
26, 34, 34
26, 34, 35
26, 34, 36
26, 35, 21
26, 35, 22
26, 35, 23
26, 35, 24
26, 35, 25
26, 35, 26
26, 35, 27
26, 35, 28
26, 35, 29
26, 35, 30
26, 35, 31
26, 35, 32
26, 35, 33
26, 36, 21
26, 36, 22
26, 36, 23
26, 36, 24
26, 36, 25
26, 36, 26
26, 36, 27
26, 36, 28
26, 36, 29
26, 36, 30
26, 36, 31
26, 36, 32
26, 36, 33
27, 13, 24
27, 13, 25
27, 13, 26
27, 14, 24
27, 14, 25
27, 14, 26
27, 15, 24
27, 15, 25
27, 15, 26
27, 16, 24
27, 16, 25
27, 16, 26
27, 17, 24
27, 17, 25
27, 17, 26
27, 18, 21
27, 18, 22
27, 18, 23
27, 18, 24
27, 18, 25
27, 18, 26
27, 18, 27
27, 18, 28
27, 18, 29
27, 18, 30
27, 18, 31
27, 18, 32
27, 18, 33
27, 19, 21
27, 19, 22
27, 19, 23
27, 19, 24
27, 19, 25
27, 19, 26
27, 19, 27
27, 19, 28
27, 19, 29
27, 19, 30
27, 19, 31
27, 19, 32
27, 19, 33
27, 20, 20
27, 20, 21
27, 20, 22
27, 20, 23
27, 20, 24
27, 20, 25
27, 20, 26
27, 20, 27
27, 20, 28
27, 20, 29
27, 20, 30
27, 20, 31
27, 20, 32
27, 20, 33
27, 20, 34
27, 20, 35
27, 20, 36
27, 21, 20
27, 21, 21
27, 21, 22
27, 21, 23
27, 21, 24
27, 21, 25
27, 21, 26
27, 21, 27
27, 21, 28
27, 21, 29
27, 21, 30
27, 21, 31
27, 21, 32
27, 21, 33
27, 21, 34
27, 21, 35
27, 21, 36
27, 22, 20
27, 22, 21
27, 22, 22
27, 22, 23
27, 22, 24
27, 22, 25
27, 22, 26
27, 22, 27
27, 22, 28
27, 22, 29
27, 22, 30
27, 22, 31
27, 22, 32
27, 22, 33
27, 22, 34
27, 22, 35
27, 22, 36
27, 23, 20
27, 23, 21
27, 23, 22
27, 23, 23
27, 23, 24
27, 23, 25
27, 23, 26
27, 23, 27
27, 23, 28
27, 23, 29
27, 23, 30
27, 23, 31
27, 23, 32
27, 23, 33
27, 23, 34
27, 23, 35
27, 23, 36
27, 24, 20
27, 24, 21
27, 24, 22
27, 24, 23
27, 24, 24
27, 24, 25
27, 24, 26
27, 24, 27
27, 24, 28
27, 24, 29
27, 24, 30
27, 24, 31
27, 24, 32
27, 24, 33
27, 24, 34
27, 24, 35
27, 24, 36
27, 25, 20
27, 25, 21
27, 25, 22
27, 25, 23
27, 25, 24
27, 25, 25
27, 25, 26
27, 25, 27
27, 25, 28
27, 25, 29
27, 25, 30
27, 25, 31
27, 25, 32
27, 25, 33
27, 25, 34
27, 25, 35
27, 25, 36
27, 26, 17
27, 26, 18
27, 26, 19
27, 26, 20
27, 26, 21
27, 26, 22
27, 26, 23
27, 26, 24
27, 26, 25
27, 26, 26
27, 26, 27
27, 26, 28
27, 26, 29
27, 26, 30
27, 26, 31
27, 26, 32
27, 26, 33
27, 26, 34
27, 26, 35
27, 26, 36
27, 27, 20
27, 27, 21
27, 27, 22
27, 27, 23
27, 27, 24
27, 27, 25
27, 27, 26
27, 27, 27
27, 27, 28
27, 27, 29
27, 27, 30
27, 27, 31
27, 27, 32
27, 27, 33
27, 27, 34
27, 27, 35
27, 27, 36
27, 28, 20
27, 28, 21
27, 28, 22
27, 28, 23
27, 28, 24
27, 28, 25
27, 28, 26
27, 28, 27
27, 28, 28
27, 28, 29
27, 28, 30
27, 28, 31
27, 28, 32
27, 28, 33
27, 28, 34
27, 28, 35
27, 28, 36
27, 29, 20
27, 29, 21
27, 29, 22
27, 29, 23
27, 29, 24
27, 29, 25
27, 29, 26
27, 29, 27
27, 29, 28
27, 29, 29
27, 29, 30
27, 29, 31
27, 29, 32
27, 29, 33
27, 29, 34
27, 29, 35
27, 29, 36
27, 30, 20
27, 30, 21
27, 30, 22
27, 30, 23
27, 30, 24
27, 30, 25
27, 30, 26
27, 30, 27
27, 30, 28
27, 30, 29
27, 30, 30
27, 30, 31
27, 30, 32
27, 30, 33
27, 30, 34
27, 30, 35
27, 30, 36
27, 31, 20
27, 31, 21
27, 31, 22
27, 31, 23
27, 31, 24
27, 31, 25
27, 31, 26
27, 31, 27
27, 31, 28
27, 31, 29
27, 31, 30
27, 31, 31
27, 31, 32
27, 31, 33
27, 31, 34
27, 31, 35
27, 31, 36
27, 32, 20
27, 32, 21
27, 32, 22
27, 32, 23
27, 32, 24
27, 32, 25
27, 32, 26
27, 32, 27
27, 32, 28
27, 32, 29
27, 32, 30
27, 32, 31
27, 32, 32
27, 32, 33
27, 32, 34
27, 32, 35
27, 32, 36
27, 33, 20
27, 33, 21
27, 33, 22
27, 33, 23
27, 33, 24
27, 33, 25
27, 33, 26
27, 33, 27
27, 33, 28
27, 33, 29
27, 33, 30
27, 33, 31
27, 33, 32
27, 33, 33
27, 33, 34
27, 33, 35
27, 33, 36
27, 34, 20
27, 34, 21
27, 34, 22
27, 34, 23
27, 34, 24
27, 34, 25
27, 34, 26
27, 34, 27
27, 34, 28
27, 34, 29
27, 34, 30
27, 34, 31
27, 34, 32
27, 34, 33
27, 34, 34
27, 34, 35
27, 34, 36
27, 35, 21
27, 35, 22
27, 35, 23
27, 35, 24
27, 35, 25
27, 35, 26
27, 35, 27
27, 35, 28
27, 35, 29
27, 35, 30
27, 35, 31
27, 35, 32
27, 35, 33
27, 36, 21
27, 36, 22
27, 36, 23
27, 36, 24
27, 36, 25
27, 36, 26
27, 36, 27
27, 36, 28
27, 36, 29
27, 36, 30
27, 36, 31
27, 36, 32
27, 36, 33
28, 13, 24
28, 13, 25
28, 13, 26
28, 14, 24
28, 14, 25
28, 14, 26
28, 15, 24
28, 15, 25
28, 15, 26
28, 16, 24
28, 16, 25
28, 16, 26
28, 17, 24
28, 17, 25
28, 17, 26
28, 18, 21
28, 18, 22
28, 18, 23
28, 18, 24
28, 18, 25
28, 18, 26
28, 18, 27
28, 18, 28
28, 18, 29
28, 18, 30
28, 18, 31
28, 18, 32
28, 18, 33
28, 19, 21
28, 19, 22
28, 19, 23
28, 19, 24
28, 19, 25
28, 19, 26
28, 19, 27
28, 19, 28
28, 19, 29
28, 19, 30
28, 19, 31
28, 19, 32
28, 19, 33
28, 20, 20
28, 20, 21
28, 20, 22
28, 20, 23
28, 20, 24
28, 20, 25
28, 20, 26
28, 20, 27
28, 20, 28
28, 20, 29
28, 20, 30
28, 20, 31
28, 20, 32
28, 20, 33
28, 20, 34
28, 20, 35
28, 20, 36
28, 21, 20
28, 21, 21
28, 21, 22
28, 21, 23
28, 21, 24
28, 21, 25
28, 21, 26
28, 21, 27
28, 21, 28
28, 21, 29
28, 21, 30
28, 21, 31
28, 21, 32
28, 21, 33
28, 21, 34
28, 21, 35
28, 21, 36
28, 22, 20
28, 22, 21
28, 22, 22
28, 22, 23
28, 22, 24
28, 22, 25
28, 22, 26
28, 22, 27
28, 22, 28
28, 22, 29
28, 22, 30
28, 22, 31
28, 22, 32
28, 22, 33
28, 22, 34
28, 22, 35
28, 22, 36
28, 23, 20
28, 23, 21
28, 23, 22
28, 23, 23
28, 23, 24
28, 23, 25
28, 23, 26
28, 23, 27
28, 23, 28
28, 23, 29
28, 23, 30
28, 23, 31
28, 23, 32
28, 23, 33
28, 23, 34
28, 23, 35
28, 23, 36
28, 24, 20
28, 24, 21
28, 24, 22
28, 24, 23
28, 24, 24
28, 24, 25
28, 24, 26
28, 24, 27
28, 24, 28
28, 24, 29
28, 24, 30
28, 24, 31
28, 24, 32
28, 24, 33
28, 24, 34
28, 24, 35
28, 24, 36
28, 25, 20
28, 25, 21
28, 25, 22
28, 25, 23
28, 25, 24
28, 25, 25
28, 25, 26
28, 25, 27
28, 25, 28
28, 25, 29
28, 25, 30
28, 25, 31
28, 25, 32
28, 25, 33
28, 25, 34
28, 25, 35
28, 25, 36
28, 26, 17
28, 26, 18
28, 26, 19
28, 26, 20
28, 26, 21
28, 26, 22
28, 26, 23
28, 26, 24
28, 26, 25
28, 26, 26
28, 26, 27
28, 26, 28
28, 26, 29
28, 26, 30
28, 26, 31
28, 26, 32
28, 26, 33
28, 26, 34
28, 26, 35
28, 26, 36
28, 27, 20
28, 27, 21
28, 27, 22
28, 27, 23
28, 27, 24
28, 27, 25
28, 27, 26
28, 27, 27
28, 27, 28
28, 27, 29
28, 27, 30
28, 27, 31
28, 27, 32
28, 27, 33
28, 27, 34
28, 27, 35
28, 27, 36
28, 28, 20
28, 28, 21
28, 28, 22
28, 28, 23
28, 28, 24
28, 28, 25
28, 28, 26
28, 28, 27
28, 28, 28
28, 28, 29
28, 28, 30
28, 28, 31
28, 28, 32
28, 28, 33
28, 28, 34
28, 28, 35
28, 28, 36
28, 29, 20
28, 29, 21
28, 29, 22
28, 29, 23
28, 29, 24
28, 29, 25
28, 29, 26
28, 29, 27
28, 29, 28
28, 29, 29
28, 29, 30
28, 29, 31
28, 29, 32
28, 29, 33
28, 29, 34
28, 29, 35
28, 29, 36
28, 30, 20
28, 30, 21
28, 30, 22
28, 30, 23
28, 30, 24
28, 30, 25
28, 30, 26
28, 30, 27
28, 30, 28
28, 30, 29
28, 30, 30
28, 30, 31
28, 30, 32
28, 30, 33
28, 30, 34
28, 30, 35
28, 30, 36
28, 31, 20
28, 31, 21
28, 31, 22
28, 31, 23
28, 31, 24
28, 31, 25
28, 31, 26
28, 31, 27
28, 31, 28
28, 31, 29
28, 31, 30
28, 31, 31
28, 31, 32
28, 31, 33
28, 31, 34
28, 31, 35
28, 31, 36
28, 32, 20
28, 32, 21
28, 32, 22
28, 32, 23
28, 32, 24
28, 32, 25
28, 32, 26
28, 32, 27
28, 32, 28
28, 32, 29
28, 32, 30
28, 32, 31
28, 32, 32
28, 32, 33
28, 32, 34
28, 32, 35
28, 32, 36
28, 33, 20
28, 33, 21
28, 33, 22
28, 33, 23
28, 33, 24
28, 33, 25
28, 33, 26
28, 33, 27
28, 33, 28
28, 33, 29
28, 33, 30
28, 33, 31
28, 33, 32
28, 33, 33
28, 33, 34
28, 33, 35
28, 33, 36
28, 34, 20
28, 34, 21
28, 34, 22
28, 34, 23
28, 34, 24
28, 34, 25
28, 34, 26
28, 34, 27
28, 34, 28
28, 34, 29
28, 34, 30
28, 34, 31
28, 34, 32
28, 34, 33
28, 34, 34
28, 34, 35
28, 34, 36
28, 35, 21
28, 35, 22
28, 35, 23
28, 35, 24
28, 35, 25
28, 35, 26
28, 35, 27
28, 35, 28
28, 35, 29
28, 35, 30
28, 35, 31
28, 35, 32
28, 35, 33
28, 36, 21
28, 36, 22
28, 36, 23
28, 36, 24
28, 36, 25
28, 36, 26
28, 36, 27
28, 36, 28
28, 36, 29
28, 36, 30
28, 36, 31
28, 36, 32
28, 36, 33
29, 13, 24
29, 13, 25
29, 13, 26
29, 14, 24
29, 14, 25
29, 14, 26
29, 15, 24
29, 15, 25
29, 15, 26
29, 16, 24
29, 16, 25
29, 16, 26
29, 17, 24
29, 17, 25
29, 17, 26
29, 18, 21
29, 18, 22
29, 18, 23
29, 18, 24
29, 18, 25
29, 18, 26
29, 18, 27
29, 18, 28
29, 18, 29
29, 18, 30
29, 18, 31
29, 18, 32
29, 18, 33
29, 19, 21
29, 19, 22
29, 19, 23
29, 19, 24
29, 19, 25
29, 19, 26
29, 19, 27
29, 19, 28
29, 19, 29
29, 19, 30
29, 19, 31
29, 19, 32
29, 19, 33
29, 20, 21
29, 20, 22
29, 20, 23
29, 20, 24
29, 20, 25
29, 20, 26
29, 20, 27
29, 20, 28
29, 20, 29
29, 20, 30
29, 20, 31
29, 20, 32
29, 20, 33
29, 21, 21
29, 21, 22
29, 21, 23
29, 21, 24
29, 21, 25
29, 21, 26
29, 21, 27
29, 21, 28
29, 21, 29
29, 21, 30
29, 21, 31
29, 21, 32
29, 21, 33
29, 22, 21
29, 22, 22
29, 22, 23
29, 22, 24
29, 22, 25
29, 22, 26
29, 22, 27
29, 22, 28
29, 22, 29
29, 22, 30
29, 22, 31
29, 22, 32
29, 22, 33
29, 23, 21
29, 23, 22
29, 23, 23
29, 23, 24
29, 23, 25
29, 23, 26
29, 23, 27
29, 23, 28
29, 23, 29
29, 23, 30
29, 23, 31
29, 23, 32
29, 23, 33
29, 24, 21
29, 24, 22
29, 24, 23
29, 24, 24
29, 24, 25
29, 24, 26
29, 24, 27
29, 24, 28
29, 24, 29
29, 24, 30
29, 24, 31
29, 24, 32
29, 24, 33
29, 25, 21
29, 25, 22
29, 25, 23
29, 25, 24
29, 25, 25
29, 25, 26
29, 25, 27
29, 25, 28
29, 25, 29
29, 25, 30
29, 25, 31
29, 25, 32
29, 25, 33
29, 26, 17
29, 26, 18
29, 26, 19
29, 26, 20
29, 26, 21
29, 26, 22
29, 26, 23
29, 26, 24
29, 26, 25
29, 26, 26
29, 26, 27
29, 26, 28
29, 26, 29
29, 26, 30
29, 26, 31
29, 26, 32
29, 26, 33
29, 27, 21
29, 27, 22
29, 27, 23
29, 27, 24
29, 27, 25
29, 27, 26
29, 27, 27
29, 27, 28
29, 27, 29
29, 27, 30
29, 27, 31
29, 27, 32
29, 27, 33
29, 28, 21
29, 28, 22
29, 28, 23
29, 28, 24
29, 28, 25
29, 28, 26
29, 28, 27
29, 28, 28
29, 28, 29
29, 28, 30
29, 28, 31
29, 28, 32
29, 28, 33
29, 29, 21
29, 29, 22
29, 29, 23
29, 29, 24
29, 29, 25
29, 29, 26
29, 29, 27
29, 29, 28
29, 29, 29
29, 29, 30
29, 29, 31
29, 29, 32
29, 29, 33
29, 30, 21
29, 30, 22
29, 30, 23
29, 30, 24
29, 30, 25
29, 30, 26
29, 30, 27
29, 30, 28
29, 30, 29
29, 30, 30
29, 30, 31
29, 30, 32
29, 30, 33
29, 31, 21
29, 31, 22
29, 31, 23
29, 31, 24
29, 31, 25
29, 31, 26
29, 31, 27
29, 31, 28
29, 31, 29
29, 31, 30
29, 31, 31
29, 31, 32
29, 31, 33
29, 32, 21
29, 32, 22
29, 32, 23
29, 32, 24
29, 32, 25
29, 32, 26
29, 32, 27
29, 32, 28
29, 32, 29
29, 32, 30
29, 32, 31
29, 32, 32
29, 32, 33
29, 33, 21
29, 33, 22
29, 33, 23
29, 33, 24
29, 33, 25
29, 33, 26
29, 33, 27
29, 33, 28
29, 33, 29
29, 33, 30
29, 33, 31
29, 33, 32
29, 33, 33
29, 34, 21
29, 34, 22
29, 34, 23
29, 34, 24
29, 34, 25
29, 34, 26
29, 34, 27
29, 34, 28
29, 34, 29
29, 34, 30
29, 34, 31
29, 34, 32
29, 34, 33
29, 35, 21
29, 35, 22
29, 35, 23
29, 35, 24
29, 35, 25
29, 35, 26
29, 35, 27
29, 35, 28
29, 35, 29
29, 35, 30
29, 35, 31
29, 35, 32
29, 35, 33
29, 36, 21
29, 36, 22
29, 36, 23
29, 36, 24
29, 36, 25
29, 36, 26
29, 36, 27
29, 36, 28
29, 36, 29
29, 36, 30
29, 36, 31
29, 36, 32
29, 36, 33
30, 13, 24
30, 13, 25
30, 13, 26
30, 14, 24
30, 14, 25
30, 14, 26
30, 15, 24
30, 15, 25
30, 15, 26
30, 16, 24
30, 16, 25
30, 16, 26
30, 17, 24
30, 17, 25
30, 17, 26
30, 18, 21
30, 18, 22
30, 18, 23
30, 18, 24
30, 18, 25
30, 18, 26
30, 18, 27
30, 18, 28
30, 18, 29
30, 18, 30
30, 18, 31
30, 18, 32
30, 18, 33
30, 19, 21
30, 19, 22
30, 19, 23
30, 19, 24
30, 19, 25
30, 19, 26
30, 19, 27
30, 19, 28
30, 19, 29
30, 19, 30
30, 19, 31
30, 19, 32
30, 19, 33
30, 20, 21
30, 20, 22
30, 20, 23
30, 20, 24
30, 20, 25
30, 20, 26
30, 20, 27
30, 20, 28
30, 20, 29
30, 20, 30
30, 20, 31
30, 20, 32
30, 20, 33
30, 21, 21
30, 21, 22
30, 21, 23
30, 21, 24
30, 21, 25
30, 21, 26
30, 21, 27
30, 21, 28
30, 21, 29
30, 21, 30
30, 21, 31
30, 21, 32
30, 21, 33
30, 22, 21
30, 22, 22
30, 22, 23
30, 22, 24
30, 22, 25
30, 22, 26
30, 22, 27
30, 22, 28
30, 22, 29
30, 22, 30
30, 22, 31
30, 22, 32
30, 22, 33
30, 23, 21
30, 23, 22
30, 23, 23
30, 23, 24
30, 23, 25
30, 23, 26
30, 23, 27
30, 23, 28
30, 23, 29
30, 23, 30
30, 23, 31
30, 23, 32
30, 23, 33
30, 24, 21
30, 24, 22
30, 24, 23
30, 24, 24
30, 24, 25
30, 24, 26
30, 24, 27
30, 24, 28
30, 24, 29
30, 24, 30
30, 24, 31
30, 24, 32
30, 24, 33
30, 25, 21
30, 25, 22
30, 25, 23
30, 25, 24
30, 25, 25
30, 25, 26
30, 25, 27
30, 25, 28
30, 25, 29
30, 25, 30
30, 25, 31
30, 25, 32
30, 25, 33
30, 26, 17
30, 26, 18
30, 26, 19
30, 26, 20
30, 26, 21
30, 26, 22
30, 26, 23
30, 26, 24
30, 26, 25
30, 26, 26
30, 26, 27
30, 26, 28
30, 26, 29
30, 26, 30
30, 26, 31
30, 26, 32
30, 26, 33
30, 27, 21
30, 27, 22
30, 27, 23
30, 27, 24
30, 27, 25
30, 27, 26
30, 27, 27
30, 27, 28
30, 27, 29
30, 27, 30
30, 27, 31
30, 27, 32
30, 27, 33
30, 28, 21
30, 28, 22
30, 28, 23
30, 28, 24
30, 28, 25
30, 28, 26
30, 28, 27
30, 28, 28
30, 28, 29
30, 28, 30
30, 28, 31
30, 28, 32
30, 28, 33
30, 29, 21
30, 29, 22
30, 29, 23
30, 29, 24
30, 29, 25
30, 29, 26
30, 29, 27
30, 29, 28
30, 29, 29
30, 29, 30
30, 29, 31
30, 29, 32
30, 29, 33
30, 30, 21
30, 30, 22
30, 30, 23
30, 30, 24
30, 30, 25
30, 30, 26
30, 30, 27
30, 30, 28
30, 30, 29
30, 30, 30
30, 30, 31
30, 30, 32
30, 30, 33
30, 31, 21
30, 31, 22
30, 31, 23
30, 31, 24
30, 31, 25
30, 31, 26
30, 31, 27
30, 31, 28
30, 31, 29
30, 31, 30
30, 31, 31
30, 31, 32
30, 31, 33
30, 32, 21
30, 32, 22
30, 32, 23
30, 32, 24
30, 32, 25
30, 32, 26
30, 32, 27
30, 32, 28
30, 32, 29
30, 32, 30
30, 32, 31
30, 32, 32
30, 32, 33
30, 33, 21
30, 33, 22
30, 33, 23
30, 33, 24
30, 33, 25
30, 33, 26
30, 33, 27
30, 33, 28
30, 33, 29
30, 33, 30
30, 33, 31
30, 33, 32
30, 33, 33
30, 34, 21
30, 34, 22
30, 34, 23
30, 34, 24
30, 34, 25
30, 34, 26
30, 34, 27
30, 34, 28
30, 34, 29
30, 34, 30
30, 34, 31
30, 34, 32
30, 34, 33
30, 35, 21
30, 35, 22
30, 35, 23
30, 35, 24
30, 35, 25
30, 35, 26
30, 35, 27
30, 35, 28
30, 35, 29
30, 35, 30
30, 35, 31
30, 35, 32
30, 35, 33
30, 36, 21
30, 36, 22
30, 36, 23
30, 36, 24
30, 36, 25
30, 36, 26
30, 36, 27
30, 36, 28
30, 36, 29
30, 36, 30
30, 36, 31
30, 36, 32
30, 36, 33
31, 13, 24
31, 13, 25
31, 13, 26
31, 14, 24
31, 14, 25
31, 14, 26
31, 15, 24
31, 15, 25
31, 15, 26
31, 16, 24
31, 16, 25
31, 16, 26
31, 17, 24
31, 17, 25
31, 17, 26
31, 18, 21
31, 18, 22
31, 18, 23
31, 18, 24
31, 18, 25
31, 18, 26
31, 18, 27
31, 18, 28
31, 18, 29
31, 18, 30
31, 18, 31
31, 18, 32
31, 18, 33
31, 19, 21
31, 19, 22
31, 19, 23
31, 19, 24
31, 19, 25
31, 19, 26
31, 19, 27
31, 19, 28
31, 19, 29
31, 19, 30
31, 19, 31
31, 19, 32
31, 19, 33
31, 20, 21
31, 20, 22
31, 20, 23
31, 20, 24
31, 20, 25
31, 20, 26
31, 20, 27
31, 20, 28
31, 20, 29
31, 20, 30
31, 20, 31
31, 20, 32
31, 20, 33
31, 21, 21
31, 21, 22
31, 21, 23
31, 21, 24
31, 21, 25
31, 21, 26
31, 21, 27
31, 21, 28
31, 21, 29
31, 21, 30
31, 21, 31
31, 21, 32
31, 21, 33
31, 22, 21
31, 22, 22
31, 22, 23
31, 22, 24
31, 22, 25
31, 22, 26
31, 22, 27
31, 22, 28
31, 22, 29
31, 22, 30
31, 22, 31
31, 22, 32
31, 22, 33
31, 23, 21
31, 23, 22
31, 23, 23
31, 23, 24
31, 23, 25
31, 23, 26
31, 23, 27
31, 23, 28
31, 23, 29
31, 23, 30
31, 23, 31
31, 23, 32
31, 23, 33
31, 24, 21
31, 24, 22
31, 24, 23
31, 24, 24
31, 24, 25
31, 24, 26
31, 24, 27
31, 24, 28
31, 24, 29
31, 24, 30
31, 24, 31
31, 24, 32
31, 24, 33
31, 25, 21
31, 25, 22
31, 25, 23
31, 25, 24
31, 25, 25
31, 25, 26
31, 25, 27
31, 25, 28
31, 25, 29
31, 25, 30
31, 25, 31
31, 25, 32
31, 25, 33
31, 26, 17
31, 26, 18
31, 26, 19
31, 26, 20
31, 26, 21
31, 26, 22
31, 26, 23
31, 26, 24
31, 26, 25
31, 26, 26
31, 26, 27
31, 26, 28
31, 26, 29
31, 26, 30
31, 26, 31
31, 26, 32
31, 26, 33
31, 27, 21
31, 27, 22
31, 27, 23
31, 27, 24
31, 27, 25
31, 27, 26
31, 27, 27
31, 27, 28
31, 27, 29
31, 27, 30
31, 27, 31
31, 27, 32
31, 27, 33
31, 28, 21
31, 28, 22
31, 28, 23
31, 28, 24
31, 28, 25
31, 28, 26
31, 28, 27
31, 28, 28
31, 28, 29
31, 28, 30
31, 28, 31
31, 28, 32
31, 28, 33
31, 29, 21
31, 29, 22
31, 29, 23
31, 29, 24
31, 29, 25
31, 29, 26
31, 29, 27
31, 29, 28
31, 29, 29
31, 29, 30
31, 29, 31
31, 29, 32
31, 29, 33
31, 30, 21
31, 30, 22
31, 30, 23
31, 30, 24
31, 30, 25
31, 30, 26
31, 30, 27
31, 30, 28
31, 30, 29
31, 30, 30
31, 30, 31
31, 30, 32
31, 30, 33
31, 31, 21
31, 31, 22
31, 31, 23
31, 31, 24
31, 31, 25
31, 31, 26
31, 31, 27
31, 31, 28
31, 31, 29
31, 31, 30
31, 31, 31
31, 31, 32
31, 31, 33
31, 32, 21
31, 32, 22
31, 32, 23
31, 32, 24
31, 32, 25
31, 32, 26
31, 32, 27
31, 32, 28
31, 32, 29
31, 32, 30
31, 32, 31
31, 32, 32
31, 32, 33
31, 33, 21
31, 33, 22
31, 33, 23
31, 33, 24
31, 33, 25
31, 33, 26
31, 33, 27
31, 33, 28
31, 33, 29
31, 33, 30
31, 33, 31
31, 33, 32
31, 33, 33
31, 34, 21
31, 34, 22
31, 34, 23
31, 34, 24
31, 34, 25
31, 34, 26
31, 34, 27
31, 34, 28
31, 34, 29
31, 34, 30
31, 34, 31
31, 34, 32
31, 34, 33
31, 35, 21
31, 35, 22
31, 35, 23
31, 35, 24
31, 35, 25
31, 35, 26
31, 35, 27
31, 35, 28
31, 35, 29
31, 35, 30
31, 35, 31
31, 35, 32
31, 35, 33
31, 36, 21
31, 36, 22
31, 36, 23
31, 36, 24
31, 36, 25
31, 36, 26
31, 36, 27
31, 36, 28
31, 36, 29
31, 36, 30
31, 36, 31
31, 36, 32
31, 36, 33
32, 13, 24
32, 13, 25
32, 13, 26
32, 14, 24
32, 14, 25
32, 14, 26
32, 15, 24
32, 15, 25
32, 15, 26
32, 16, 24
32, 16, 25
32, 16, 26
32, 17, 24
32, 17, 25
32, 17, 26
32, 18, 21
32, 18, 22
32, 18, 23
32, 18, 24
32, 18, 25
32, 18, 26
32, 18, 27
32, 18, 28
32, 18, 29
32, 18, 30
32, 18, 31
32, 18, 32
32, 18, 33
32, 19, 21
32, 19, 22
32, 19, 23
32, 19, 24
32, 19, 25
32, 19, 26
32, 19, 27
32, 19, 28
32, 19, 29
32, 19, 30
32, 19, 31
32, 19, 32
32, 19, 33
32, 20, 21
32, 20, 22
32, 20, 23
32, 20, 24
32, 20, 25
32, 20, 26
32, 20, 27
32, 20, 28
32, 20, 29
32, 20, 30
32, 20, 31
32, 20, 32
32, 20, 33
32, 21, 21
32, 21, 22
32, 21, 23
32, 21, 24
32, 21, 25
32, 21, 26
32, 21, 27
32, 21, 28
32, 21, 29
32, 21, 30
32, 21, 31
32, 21, 32
32, 21, 33
32, 22, 21
32, 22, 22
32, 22, 23
32, 22, 24
32, 22, 25
32, 22, 26
32, 22, 27
32, 22, 28
32, 22, 29
32, 22, 30
32, 22, 31
32, 22, 32
32, 22, 33
32, 23, 21
32, 23, 22
32, 23, 23
32, 23, 24
32, 23, 25
32, 23, 26
32, 23, 27
32, 23, 28
32, 23, 29
32, 23, 30
32, 23, 31
32, 23, 32
32, 23, 33
32, 24, 21
32, 24, 22
32, 24, 23
32, 24, 24
32, 24, 25
32, 24, 26
32, 24, 27
32, 24, 28
32, 24, 29
32, 24, 30
32, 24, 31
32, 24, 32
32, 24, 33
32, 25, 21
32, 25, 22
32, 25, 23
32, 25, 24
32, 25, 25
32, 25, 26
32, 25, 27
32, 25, 28
32, 25, 29
32, 25, 30
32, 25, 31
32, 25, 32
32, 25, 33
32, 26, 17
32, 26, 18
32, 26, 19
32, 26, 20
32, 26, 21
32, 26, 22
32, 26, 23
32, 26, 24
32, 26, 25
32, 26, 26
32, 26, 27
32, 26, 28
32, 26, 29
32, 26, 30
32, 26, 31
32, 26, 32
32, 26, 33
32, 27, 21
32, 27, 22
32, 27, 23
32, 27, 24
32, 27, 25
32, 27, 26
32, 27, 27
32, 27, 28
32, 27, 29
32, 27, 30
32, 27, 31
32, 27, 32
32, 27, 33
32, 28, 21
32, 28, 22
32, 28, 23
32, 28, 24
32, 28, 25
32, 28, 26
32, 28, 27
32, 28, 28
32, 28, 29
32, 28, 30
32, 28, 31
32, 28, 32
32, 28, 33
32, 29, 21
32, 29, 22
32, 29, 23
32, 29, 24
32, 29, 25
32, 29, 26
32, 29, 27
32, 29, 28
32, 29, 29
32, 29, 30
32, 29, 31
32, 29, 32
32, 29, 33
32, 30, 21
32, 30, 22
32, 30, 23
32, 30, 24
32, 30, 25
32, 30, 26
32, 30, 27
32, 30, 28
32, 30, 29
32, 30, 30
32, 30, 31
32, 30, 32
32, 30, 33
32, 31, 21
32, 31, 22
32, 31, 23
32, 31, 24
32, 31, 25
32, 31, 26
32, 31, 27
32, 31, 28
32, 31, 29
32, 31, 30
32, 31, 31
32, 31, 32
32, 31, 33
32, 32, 21
32, 32, 22
32, 32, 23
32, 32, 24
32, 32, 25
32, 32, 26
32, 32, 27
32, 32, 28
32, 32, 29
32, 32, 30
32, 32, 31
32, 32, 32
32, 32, 33
32, 33, 21
32, 33, 22
32, 33, 23
32, 33, 24
32, 33, 25
32, 33, 26
32, 33, 27
32, 33, 28
32, 33, 29
32, 33, 30
32, 33, 31
32, 33, 32
32, 33, 33
32, 34, 21
32, 34, 22
32, 34, 23
32, 34, 24
32, 34, 25
32, 34, 26
32, 34, 27
32, 34, 28
32, 34, 29
32, 34, 30
32, 34, 31
32, 34, 32
32, 34, 33
32, 35, 21
32, 35, 22
32, 35, 23
32, 35, 24
32, 35, 25
32, 35, 26
32, 35, 27
32, 35, 28
32, 35, 29
32, 35, 30
32, 35, 31
32, 35, 32
32, 35, 33
32, 36, 21
32, 36, 22
32, 36, 23
32, 36, 24
32, 36, 25
32, 36, 26
32, 36, 27
32, 36, 28
32, 36, 29
32, 36, 30
32, 36, 31
32, 36, 32
32, 36, 33
33, 13, 24
33, 13, 25
33, 13, 26
33, 14, 24
33, 14, 25
33, 14, 26
33, 15, 24
33, 15, 25
33, 15, 26
33, 16, 24
33, 16, 25
33, 16, 26
33, 17, 24
33, 17, 25
33, 17, 26
33, 18, 24
33, 18, 25
33, 18, 26
33, 19, 24
33, 19, 25
33, 19, 26
33, 20, 24
33, 20, 25
33, 20, 26
33, 21, 24
33, 21, 25
33, 21, 26
33, 22, 24
33, 22, 25
33, 22, 26
33, 23, 24
33, 23, 25
33, 23, 26
33, 24, 24
33, 24, 25
33, 24, 26
33, 25, 24
33, 25, 25
33, 25, 26
33, 26, 17
33, 26, 18
33, 26, 19
33, 26, 20
33, 26, 21
33, 26, 22
33, 26, 23
33, 26, 24
33, 26, 25
33, 26, 26
33, 26, 27
33, 26, 28
33, 26, 29
33, 26, 30
33, 26, 31
33, 27, 24
33, 27, 25
33, 27, 26
33, 28, 24
33, 28, 25
33, 28, 26
33, 29, 24
33, 29, 25
33, 29, 26
34, 13, 24
34, 13, 25
34, 13, 26
34, 14, 24
34, 14, 25
34, 14, 26
34, 15, 24
34, 15, 25
34, 15, 26
34, 16, 24
34, 16, 25
34, 16, 26
34, 17, 24
34, 17, 25
34, 17, 26
34, 18, 24
34, 18, 25
34, 18, 26
34, 19, 24
34, 19, 25
34, 19, 26
34, 20, 24
34, 20, 25
34, 20, 26
34, 21, 24
34, 21, 25
34, 21, 26
34, 22, 24
34, 22, 25
34, 22, 26
34, 23, 24
34, 23, 25
34, 23, 26
34, 24, 24
34, 24, 25
34, 24, 26
34, 25, 24
34, 25, 25
34, 25, 26
34, 26, 17
34, 26, 18
34, 26, 19
34, 26, 20
34, 26, 21
34, 26, 22
34, 26, 23
34, 26, 24
34, 26, 25
34, 26, 26
34, 26, 27
34, 26, 28
34, 26, 29
34, 26, 30
34, 26, 31
34, 27, 24
34, 27, 25
34, 27, 26
34, 28, 24
34, 28, 25
34, 28, 26
34, 29, 24
34, 29, 25
34, 29, 26
35, 13, 24
35, 13, 25
35, 13, 26
35, 14, 24
35, 14, 25
35, 14, 26
35, 15, 24
35, 15, 25
35, 15, 26
35, 16, 24
35, 16, 25
35, 16, 26
35, 17, 24
35, 17, 25
35, 17, 26
35, 18, 24
35, 18, 25
35, 18, 26
35, 19, 24
35, 19, 25
35, 19, 26
35, 20, 24
35, 20, 25
35, 20, 26
35, 21, 24
35, 21, 25
35, 21, 26
35, 22, 24
35, 22, 25
35, 22, 26
35, 23, 24
35, 23, 25
35, 23, 26
35, 24, 24
35, 24, 25
35, 24, 26
35, 25, 24
35, 25, 25
35, 25, 26
35, 26, 17
35, 26, 18
35, 26, 19
35, 26, 20
35, 26, 21
35, 26, 22
35, 26, 23
35, 26, 24
35, 26, 25
35, 26, 26
35, 26, 27
35, 26, 28
35, 26, 29
35, 26, 30
35, 26, 31
35, 27, 24
35, 27, 25
35, 27, 26
35, 28, 24
35, 28, 25
35, 28, 26
35, 29, 24
35, 29, 25
35, 29, 26
