56.0793401977232
-3.1208385316053677e-15
7.3222359115488
-6.745663329867868
8.318816426524055
7.850738029515509e-15
-7.32223591154879
-6.745663329867853
2.6056214343276407
0.12036013264567172
2.789753415067476
0.32316216066996256
-1.1955920104414763
1.832864048463848e-15
-2.7897534150674894
0.3231621606699617
2.6056214343276456
-0.1203601326456834
3.6463462483791362
-1.6767345123378659
-0.30271719319446466
-0.2884877651218342
-1.2180325254975974
2.0264592268557666
1.7083422716378645
-3.227914842650646e-15
1.218032525497607
2.026459226855768
-0.30271719319446655
0.2884877651218233
-3.646346248379139
-1.6767345123378792
-0.8298090198854873
-1.55411893618924
-0.42416973508498146
-0.6460856219852433
-1.2241662083238685
0.2773516863873787
-0.4184316456618587
-0.7847779112094652
-1.957425204168418
-8.839881724524786e-16
0.41843164566186486
-0.7847779112094637
-1.2241662083238707
-0.2773516863873795
0.42416973508498
-0.6460856219852374
-0.829809019885473
1.5541189361892302
1.1113716340162383
0.9011227033653922
0.6792997938386647
-1.086326317151218
-0.40760438586945735
0.5965031552833867
-0.1459921387878652
0.10554533455305824
-1.0803443714990875
0.43421501954324315
-1.439275545431586
-2.8290981811418814e-15
1.0803443714990886
0.43421501954324415
-0.1459921387878692
-0.1055453345530615
0.40760438586945624
0.5965031552833923
0.6792997938386621
1.0863263171512205
-1.1113716340162325
0.9011227033653911
-0.2589986828480768
1.1419108692222988
0.4505812529775265
-0.0038164225023697047
-0.03328305527632425
-0.3228168351265337
0.33887815539507166
0.19554747965079008
-0.30757837045651304
0.17843123359002444
-1.365899424054712
0.501582241850187
0.10207071614467433
2.220446049250313e-16
1.3658994240547124
0.5015822418501886
-0.30757837045651204
-0.17843123359002547
-0.3388781553950708
0.19554747965079095
-0.03328305527632486
0.3228168351265343
-0.45058125297752816
-0.0038164225023650244
-0.25899868284807237
-1.1419108692223023
-0.7773559737038089
0.8259321870349026
0.11841513590336714
0.6810566460064511
0.22226935899353045
0.1753417344827904
0.09382749572397156
-0.19867932158324986
-0.2724749546176057
0.17381323135370663
-0.2819258909057404
0.4626113964170698
0.24563373178462383
-0.4383476757838609
-0.17535050863112034
-3.3306690738754696e-16
-0.24563373178462355
-0.4383476757838599
-0.2819258909057413
-0.46261139641706867
0.2724749546176046
0.1738132313537057
0.09382749572397125
0.19867932158324866
-0.22226935899353029
0.17534173448278853
0.11841513590336425
-0.6810566460064535
0.7773559737038039
0.8259321870349007
-0.4132548023882453
0.5061795806288909
-0.29647422710549387
0.2691777686844975
-0.025330272056154568
0.4159070291777224
-0.12359709503901684
0.2829784925432307
-0.060640852957169464
-0.1441440270494601
-0.1757707734236663
0.20136536214179626
0.46460047992585474
-0.1544003418880363
0.5111212013959706
0.2206524726749528
-0.2411887870414862
-2.0816681711721685e-16
-0.5111212013959694
0.22065247267495375
0.46460047992585496
0.15440034188803742
0.17577077342366706
0.2013653621417941
-0.06064085295717167
0.14414402704946064
0.1235970950390177
0.2829784925432315
-0.02533027205615479
-0.41590702917772226
0.2964742271054913
0.26917776868449733
-0.41325480238824663
-0.506179580628892
-0.08225775807419333
0.23956716916686088
-0.2835852757274977
0.054829967460560736
0.10791609086999882
-0.05738009911753977
0.08685536857825621
0.08958159150586298
-0.027154546845602506
0.09898258608062926
-0.2948625167621039
0.12232192390494095
0.20012466155387132
-0.26696315336889925
0.5516689330041473
-0.5307243573472511
0.11301956537880598
0.11295244907852951
0.28579840167104886
-4.440892098500626e-16
-0.11301956537880564
0.11295244907852936
0.5516689330041477
0.5307243573472501
-0.20012466155386932
-0.26696315336889925
-0.2948625167621001
-0.12232192390494159
0.02715454684560148
0.09898258608062888
0.08685536857825515
-0.08958159150586062
-0.10791609086999604
-0.057380099117538205
-0.28358527572749714
-0.0548299674605604
0.08225775807419472
0.23956716916686033
0.07701618254328035
0.3948773154141016
0.10034747965507165
0.026481551051895258
-0.09591427654896464
0.23535548826988043
0.12664432858194763
-0.062247519008368016
0.03629695793659361
-0.013811244802240052
0.2696151894775784
0.18307082332041374
-0.08547383364713455
-0.025758648313582988
0.0261119164705092
-0.09422764086340962
0.031214946515310982
-0.16747156963016716
0.23380727280317082
-0.297916068191111
0.224389174788211
2.7755575615628914e-16
-0.2338072728031706
-0.2979160681911104
0.03121494651530965
0.16747156963016696
-0.026111916470508895
-0.09422764086340873
-0.08547383364713468
0.025758648313584653
-0.2696151894775776
0.18307082332041527
0.03629695793659282
0.01381124480224094
-0.1266443285819477
-0.06224751900836789
-0.0959142765489644
-0.23535548826988065
-0.10034747965507249
0.02648155105189559
0.07701618254328024
-0.3948773154141009
0.11370887365268767
0.38521587576183247
0.1593104836440921
0.06520957361046731
-0.17213255269211683
0.26727588747872805
0.09135246719669562
0.5099820885080752
0.09518706703424795
-0.283508005493715
-0.028622524837410845
0.06527358547183904
0.096008628204794
0.07062165748880339
-0.02435053930958546
0.1011731426805485
-0.03554038319091701
0.012977610613209067
-0.07853654785509961
0.032716908089929386
0.07303895927977949
-0.07926732638585504
-0.3729331028265892
-5.273559366969494e-16
-0.07303895927978171
-0.07926732638585304
-0.07853654785509828
-0.032716908089930746
0.03554038319091585
0.012977610613208367
-0.02435053930958586
-0.10117314268054875
-0.09600862820479486
0.07062165748880245
-0.028622524837413676
-0.06527358547183802
-0.09518706703424779
-0.28350800549371447
0.09135246719669421
-0.5099820885080758
0.17213255269211686
0.26727588747872777
0.15931048364409026
-0.06520957361046739
-0.11370887365268756
0.3852158757618325
-0.4803217820319394
-0.27617371907544364
-0.12851509862771932
0.19849651097688983
-0.08938944421190509
-0.1387104741550177
-0.15920233639094172
0.3013625515186145
0.07593329846064917
0.1216216892048465
-0.061317206879320435
-0.15527704595193068
-0.008245692398384824
-0.07264643048642636
0.016885105576642655
-0.22371003369055284
0.11957401240614263
0.12149260468533796
0.08850155125239242
-0.17972209196812378
0.05432040426038903
0.04628377078051383
-0.17278317293310863
-0.11669081554651589
0.009073073073689597
-4.163336342344337e-16
0.17278317293310935
-0.11669081554651607
0.054320404260388935
-0.046283770780515404
-0.08850155125239056
-0.17972209196812333
0.11957401240614463
-0.12149260468533832
-0.01688510557663936
-0.2237100336905522
-0.008245692398383353
0.07264643048642651
0.061317206879321906
-0.1552770459519296
0.07593329846064945
-0.12162168920484676
0.15920233639094197
0.3013625515186128
-0.0893894442119069
0.13871047415501647
0.1285150986277176
0.19849651097688842
-0.48032178203194353
0.2761737190754445
0.010630552417104505
-0.14954352244724733
-0.08488862844321918
-0.02995840477210096
-0.09130906245209502
0.023663444849734608
-0.17251002049977593
-0.0963238758845229
-0.1149523347226033
0.06537459397573
0.060029532961692215
0.04369177138436897
-0.05786121846259755
-0.05380001695436604
-0.26973799229454715
-0.09352602760141764
0.02621367695455811
0.006784145025390098
0.12703043674003017
-0.13361509282230075
0.03602866892117651
0.055093164703807485
-0.17938101253997774
0.20960657719445502
0.0106579672455549
0.020806436557449237
0.2885350460853664
5.551115123125783e-16
-0.010657967245554456
0.02080643655744841
-0.1793810125399773
-0.20960657719445364
-0.03602866892117684
0.055093164703808484
0.12703043674002978
0.13361509282230188
-0.026213676954559152
0.00678414502538946
-0.2697379922945484
0.0935260276014193
0.05786121846259859
-0.053800016954366425
0.060029532961693055
-0.04369177138436817
0.11495233472260369
0.06537459397573037
-0.1725100204997746
0.0963238758845224
0.09130906245209597
0.023663444849734316
-0.08488862844321883
0.02995840477209963
-0.010630552417105199
-0.1495435224472474
-0.016523167050516818
-0.2857266125900044
0.042201106550038364
-0.2140879155977125
-0.10806118223110228
-0.14199530102599778
-0.1036424114713733
0.03542356928346649
-0.003703186923988744
-0.20167813845152124
-0.09241241845773956
-0.11060333976854855
0.12243665802713993
0.08747563873733166
0.045983914994176894
-0.133396058306474
-0.11721775260424556
0.031674940511860664
0.007423832154960758
0.05881021538008971
-0.03911883573977892
0.006942280362674302
-0.07828063141021874
0.18638701811170916
-0.1466604033791776
0.10658241975041224
0.22531096969685843
0.2534495665287563
-0.07027834413289624
6.106226635438361e-16
-0.22531096969686004
0.2534495665287563
-0.1466604033791777
-0.1065824197504125
0.07828063141021901
0.18638701811170852
-0.039118835739779576
-0.00694228036267347
-0.00742383215496123
0.058810215380090444
-0.1172177526042466
-0.03167494051186129
-0.0459839149941777
-0.13339605830647372
0.12243665802713916
-0.08747563873733141
0.09241241845773962
-0.11060333976854801
-0.003703186923988827
0.201678138451522
0.10364241147137282
0.03542356928346674
-0.10806118223110339
0.1419953010259995
-0.04220110655003828
-0.21408791559771023
-0.016523167050517484
0.285726612590006
-0.050379887608474186
-0.11317271560535325
0.08839873522096715
0.029846528997835298
0.093777211452442
-0.10205468495256736
0.04136568328746146
0.033589404198587025
-0.039753460770109855
0.04525162184514836
-0.11781751797831358
-0.1293316532618712
-0.09158697425622353
0.061445621763675407
0.0646589442047349
-0.0553841030935604
-0.02495898106393596
-0.08184682543944187
-0.0504883336275978
0.0056635219648346335
-0.02343115012128022
-0.02511451163590242
-0.08138255007469743
0.15715700534808286
-0.1473852225646552
0.0736058713971296
0.03357621616872902
-0.07953262164915577
0.010572103291533907
0.03771532842732343
-0.021236062561782204
7.771561172376096e-16
-0.010572103291532742
0.03771532842732454
0.03357621616873044
0.07953262164915662
0.14738522256465578
0.07360587139712979
-0.08138255007469672
-0.15715700534808336
0.023431150121279054
-0.02511451163590095
-0.050488333627598025
-0.005663521964836958
0.024958981063936014
-0.08184682543944133
0.06465894420473448
0.055384103093558484
0.09158697425622342
0.06144562176367652
-0.11781751797831397
0.12933165326187232
0.039753460770108856
0.045251621845148304
0.04136568328746132
-0.03358940419858758
-0.09377721145244397
-0.10205468495256943
0.08839873522096593
-0.029846528997835464
0.05037988760847256
-0.11317271560535258
-0.3107628929895689
-0.21746046325479687
-0.059701846755595006
0.126152772284854
-0.007679781806187891
-0.029678545833395548
-0.11079701001162556
-0.21083846182337404
-0.08655456842602813
0.0694343017288035
-0.0025489785409288646
0.002731910554417849
-0.08537606378773678
-0.061665431059019366
-0.08804847578949516
0.03104258947711422
0.05594057776672402
-0.004822479303886074
-0.03374057574429547
0.004530469428787098
-0.08158978731895314
-0.006524750636162813
-0.0033405056749118978
0.04975252177102185
-0.05927349241111447
-0.012012850300431421
-0.037379510512832614
-0.03437154465409881
-0.11048427539502027
0.00012783081384187822
-0.17806502924902332
-0.10982909094820875
0.05759799448664149
-2.498001805406602e-16
0.1780650292490242
-0.1098290909482092
-0.11048427539501929
-0.00012783081384404316
0.03737951051283386
-0.034371544654098696
-0.05927349241111429
0.012012850300430422
0.003340505674911745
0.049752521771021324
-0.08158978731895272
0.006524750636163937
0.03374057574429684
0.0045304694287855996
0.05594057776672269
0.004822479303885768
0.08804847578949562
0.031042589477114246
-0.0853760637877366
0.061665431059019477
0.0025489785409283927
0.0027319105544175437
-0.08655456842603015
-0.06943430172880527
0.11079701001162717
-0.21083846182337515
-0.007679781806187891
0.029678545833395686
0.059701846755594215
0.126152772284853
-0.31076289298957005
0.21746046325479634
-0.02270572389040526
-0.02764375742558095
-0.1547233034700841
-0.07402889846081379
0.005487828111442078
0.0766890476834437
0.06018546339595193
-0.08229197502398213
-0.0206907356912574
-0.23195038305144938
-0.11553497652327566
-0.0294146490433152
0.020050690904207955
-0.022304402565177767
-0.03846751064155901
-0.11394829711877796
-0.060662860803431515
0.004792337853463224
0.11612110051971722
0.11353255252398808
0.004094585051144739
-0.06703128035743111
0.10165618114370606
0.03129697473265741
0.060703741203181186
-0.05077061059238541
0.057948001385177195
-0.016552126568732894
0.038577674606494305
-0.0002984418176994741
-0.02621137026418735
-0.029691307407004153
0.0341299826139428
-0.020293710335518328
-0.03755899664624268
8.326672684688674e-16
-0.034129982613942705
-0.020293710335518023
-0.026211370264187295
0.029691307407003986
-0.038577674606494375
-0.00029844181769844713
0.057948001385176306
0.01655212656873184
-0.06070374120318078
-0.05077061059238458
0.10165618114370606
-0.03129697473265894
-0.0040945850511449194
-0.06703128035743128
0.11612110051971869
-0.11353255252398797
0.060662860803430994
0.004792337853461837
-0.03846751064155833
0.11394829711877741
-0.020050690904208024
-0.022304402565177628
-0.11553497652327374
0.02941464904331592
0.020690735691258594
-0.23195038305144872
0.06018546339595279
0.0822919750239805
-0.0054878281114436045
0.07668904768344287
-0.15472330347008273
0.07402889846081208
0.022705723890404927
-0.027643757425581506
0.04411132087329461
-0.19467395377471486
-0.011366472651721332
-0.13697531408591124
-0.1837966795501772
-0.18091694197992342
-0.0415814228431976
0.04450853087715828
0.1310958908381488
0.016303901370841076
-0.047642352954666345
-0.1575779891039666
-0.0043955634633261464
-0.024811002272466604
0.07456772386841265
-0.056378098390631404
-0.025566148268445
-0.060168682846208174
-0.03732168067944974
0.16441572915625266
0.04832420730447228
0.03258723826522575
-0.037143840921255306
0.09672250880015791
0.1049852225073441
0.11626115981914971
-0.0873148942423809
-0.16888483222233414
0.045128359229549914
0.048936745570822573
0.2248010891059089
-0.11386781677957128
0.21836388697971892
-0.036792619240550606
-0.15116114774891784
0.030480566697965714
-0.03692309156221241
-8.326672684688674e-16
0.15116114774891765
0.03048056669796448
0.2183638869797188
0.03679261924054961
-0.22480108910591
-0.11386781677957161
0.04512835922955
-0.04893674557082245
0.08731489424237959
-0.1688848322223354
0.10498522250734299
-0.11626115981914967
0.037143840921255056
0.09672250880015779
0.04832420730447207
-0.032587238265225665
0.03732168067945013
0.1644157291562537
-0.0255661482684455
0.06016868284620738
-0.07456772386841296
-0.056378098390630765
-0.0043955634633275065
0.024811002272468186
0.04764235295466723
-0.15757798910396625
0.13109589083814865
-0.016303901370839147
0.0415814228431981
0.04450853087715878
-0.18379667955017726
0.1809169419799232
0.011366472651723358
-0.1369753140859121
0.044111320873294946
0.19467395377471558
