57.742865678531786
2.309321800933145e-15
-2.0590415276725267
2.14381503849791
-1.944347443593811
3.0175808417239043e-15
2.059041527672526
2.1438150384979013
7.145928287890624
0.202803094502949
0.12871114799604344
0.3307627202478313
5.972862359320844
-3.312760497228314e-15
-0.1287111479960449
0.33076272024782877
7.145928287890628
-0.20280309450295536
-0.9187347508461866
0.372647008524017
-0.2461445509393458
-0.5790263935719913
0.38482754680889597
0.11803310554222698
-0.5300824571374362
-1.1863963918112116e-15
-0.3848275468089131
0.11803310554222685
-0.24614455093934795
0.57902639357199
0.9187347508461731
0.37264700852402366
-0.7075550545342183
-0.20521003468554927
-0.4254851310160494
-0.2582350088947735
1.4205041335107003
0.3710175656595513
-0.06912731779774217
-0.31673652425323534
-3.608491630341178
1.7483879798456207e-15
0.06912731779773751
-0.3167365242532352
1.4205041335107018
-0.371017565659548
0.4254851310160476
-0.25823500889477835
-0.7075550545342248
0.20521003468555296
-0.529865684716808
-0.14503655943235477
0.20459965757688126
0.2895013054834573
0.20665292259846338
-0.01917144618643568
-0.26693442382866134
-0.02793880824457102
0.620121330152407
-0.1867432394456879
0.2079699825824523
-3.637784661382806e-16
-0.6201213301524025
-0.18674323944568824
-0.2669344238286612
0.027938808244571213
-0.20665292259846324
-0.01917144618643507
0.20459965757687956
-0.28950130548345576
0.5298656847168004
-0.14503655943236055
-1.4053372334558012
-0.00398306935877113
0.10416450267298452
-0.36130160174113024
-0.6010265453369116
-0.20613001548071752
-0.0770973105626752
-0.07297642077117804
-0.9228876167834026
-0.09657159953093519
-0.14409983833674783
-0.1596370173832748
-1.2091443847708274
-3.7470027081099033e-16
0.14409983833674728
-0.15963701738327357
-0.9228876167834019
0.0965715995309335
0.07709731056267463
-0.0729764207711785
-0.601026545336913
0.20613001548071772
-0.10416450267298386
-0.3613016017411283
-1.4053372334557979
0.003983069358773135
0.22736840765080174
-0.43720433210520593
-0.23149257096751685
-0.18055763111662926
-0.3721246316589166
0.12542220348522778
0.09741948561842739
0.07559453327881699
0.05824488816018225
-0.18955566919085173
-0.07959057401414579
0.14861796373429448
-0.223078752387849
-0.29440819639085675
0.1332042814361522
4.440892098500626e-16
0.22307875238784888
-0.2944081963908558
-0.07959057401414588
-0.14861796373429365
-0.05824488816018192
-0.18955566919085243
0.09741948561842709
-0.07559453327881654
0.37212463165891513
0.12542220348522842
-0.23149257096751702
0.18055763111662648
-0.22736840765080163
-0.4372043321052077
-0.6916039173158225
0.27633972752838104
0.2559280354759003
0.08361985483086391
-0.5384305508956504
0.02906383286558828
0.10981932393690697
-0.20155921391514475
-0.36377781923706937
0.0735101398641414
0.23952657813143016
0.002845592805735736
-0.9037743561556097
-0.0396334725248203
0.005969054022356257
0.19878357450158832
0.43352918464673285
-2.7755575615628914e-17
-0.005969054022356979
0.19878357450158796
-0.9037743561556115
0.03963347252482015
-0.2395265781314311
0.00284559280573371
-0.36377781923706975
-0.07351013986413935
-0.10981932393690753
-0.20155921391514567
-0.538430550895651
-0.029063832865589653
-0.2559280354758995
0.08361985483086382
-0.691603917315823
-0.2763397275283817
0.28789930893505056
-0.07090821056492724
0.11002628137482331
-0.038928703528412975
0.06545943049520486
-0.3380360113509163
-0.08194192825529348
-0.09114492291370324
-0.06425719155931128
-0.07268284148456333
0.05078250160688843
-0.10584618679925462
-0.012203437132554201
-0.09452204264036013
0.2165966629924412
-0.08484839523691863
-0.2640535853914579
-0.05291837943945958
0.11139502472174045
-3.885780586188048e-16
0.2640535853914579
-0.05291837943945965
0.21659666299243988
0.08484839523691869
0.012203437132553216
-0.09452204264036052
0.05078250160688881
0.10584618679925295
0.06425719155931112
-0.07268284148456308
-0.08194192825529265
0.09114492291370417
-0.06545943049520353
-0.3380360113509159
0.11002628137482351
0.03892870352841313
-0.2878993089350498
-0.07090821056492724
0.09504636502836072
0.01886540209726295
-0.10619249137783693
-0.0320017229179152
-0.4344310456329693
0.3170396092808489
0.08452602833975469
0.11561449699656084
-0.17891721417258488
0.054225711679954935
0.0833908509158964
0.09488504631240358
-0.10484765359516626
0.06282342648023122
-0.03895170028345277
0.013317780793962689
0.17719364673117793
0.05541309336637534
0.13674771436437624
0.09200592841400138
0.1539195906546934
3.5388358909926865e-16
-0.1367477143643758
0.09200592841400138
0.17719364673117838
-0.05541309336637615
0.038951700283452864
0.013317780793963507
-0.10484765359516543
-0.0628234264802309
-0.0833908509158963
0.09488504631240349
-0.178917214172584
-0.05422571167995649
-0.08452602833975502
0.11561449699656198
-0.4344310456329705
-0.3170396092808514
0.10619249137783743
-0.032001722917915476
0.09504636502836183
-0.01886540209726295
0.14116792556594288
0.2110168629797084
0.11385539908284853
-0.009705829940055755
0.203756228987327
-0.03742514033341671
0.11586382903480236
-0.13094307147356565
-0.09065953381621235
-0.054231197780292784
0.13096175693685375
0.028377795299109027
4.548776458841719e-05
-0.044245383725469906
0.08847873607766296
-0.057325730360130334
-0.09049754365830642
0.1744782138637353
0.07715507309433314
-0.017926789243951247
0.04099475172680937
0.1070173297712631
-0.04399141720761646
-1.942890293094024e-16
-0.04099475172680875
0.10701732977126344
0.07715507309433345
0.01792678924395133
0.09049754365830723
0.17447821386373624
0.08847873607766209
0.057325730360131444
-4.5487764588070245e-05
-0.04424538372547056
0.1309617569368537
-0.028377795299109776
0.09065953381621195
-0.05423119778029306
0.11586382903480152
0.13094307147356513
-0.20375622898732573
-0.037425140333416956
0.11385539908284786
0.009705829940054755
-0.14116792556594462
0.2110168629797084
0.24322136771570638
-0.05085812469042212
0.08075964046669859
0.05284167055902894
0.07683236163954288
-0.00926057345266984
-0.09346656357933661
-0.005535849833566753
-0.12935474505758823
0.095220443709979
0.03162146270496011
0.05935159619911967
0.10375110037580026
-0.03812162498806044
0.07186433939659723
0.0756962167717353
0.1206643009956958
0.05477806944877123
-0.013417321373244917
-0.007858356940890406
0.35165433320622685
-0.00892828424258732
0.07895925764073958
0.011046442303092596
-0.05088658982248079
2.914335439641036e-16
-0.07895925764073913
0.011046442303093339
0.35165433320622735
0.00892828424258671
0.013417321373245333
-0.00785835694089023
0.12066430099569633
-0.054778069448770006
-0.07186433939659748
0.07569621677173502
0.10375110037580007
0.0381216249880606
-0.031621462704960024
0.05935159619911934
-0.1293547450575882
-0.09522044370997802
0.0934665635793368
-0.005535849833565865
0.07683236163954255
0.009260573452670673
-0.08075964046669958
0.052841670559028886
0.24322136771570624
0.05085812469042199
-0.14179225940901655
0.11881296054347745
-0.06437400342926079
0.12741099121035926
0.14567603445638275
0.1810032491596767
0.07836733956394185
-0.03590294944006017
0.07735718150593728
0.03804291172575941
0.07374293616436972
-0.024853270222988638
-0.08717697683988923
0.03880391428947627
0.09153778305335747
0.02859327368984202
0.023051791321465787
0.10362115221562765
0.015507795526049774
-0.05830718494126381
-0.05705651122940861
0.09427880381649845
-0.005367072752079288
0.020578198682662086
0.173240670783545
0.08400040293576189
-0.016670706324685036
-4.163336342344337e-17
-0.1732406707835446
0.08400040293576178
-0.005367072752079399
-0.020578198682661697
0.05705651122940886
0.09427880381649828
0.015507795526050076
0.058307184941263114
-0.023051791321465953
0.10362115221562784
0.0915377830533586
-0.02859327368984174
0.0871769768398897
0.0388039142894758
0.07374293616437025
0.02485327022298839
-0.07735718150593779
0.038042911725759465
0.0783673395639422
0.035902949440059916
-0.1456760344563828
0.18100324915967672
-0.0643740034292615
-0.12741099121035848
0.14179225940901746
0.11881296054347812
0.23145275628150927
-0.19677278540803655
-0.029511809805620084
-0.09776321452486947
0.10932747158024075
-0.008049079170597134
-0.004724640411152808
0.04525458505940365
0.05491160052688733
0.028223210612785148
-0.04380112895303184
0.019883363406828475
0.0834823210035487
-0.037095084580396356
0.008002928965549994
0.07484280326034243
0.11110502133969508
0.028254214311637986
-0.05262459871355124
-0.008898500361699452
0.12200391081789988
0.0023387469524228377
0.02317416494254443
-0.004180605382198957
0.041103087192216226
-0.006604582942716042
-0.1690149984020184
-0.12131727068565165
0.0893886045008665
-1.1102230246251565e-16
0.1690149984020195
-0.12131727068565182
0.041103087192216475
0.0066045829427159725
-0.023174164942543825
-0.0041806053821987765
0.12200391081789991
-0.002338746952423476
0.05262459871355109
-0.00889850036169907
0.11110502133969466
-0.028254214311639242
-0.008002928965550327
0.07484280326034198
0.08348232100354859
0.03709508458039579
0.04380112895303204
0.019883363406829224
0.05491160052688738
-0.0282232106127855
0.004724640411151899
0.04525458505940437
0.10932747158023995
0.00804907917059755
0.029511809805620112
-0.09776321452486908
0.2314527562815096
0.1967727854080364
-0.1748058652802275
0.07156220402655594
0.00472076885136502
0.03319963937457904
-0.09942291176031606
0.10587011708412818
0.002852229797627868
0.06946273502953917
0.10483459473037157
0.10859672369103096
0.06267541570296001
-0.01052460884767041
-0.00705437182768287
0.07198690268849263
0.08170235119828077
0.03195422420530908
-0.01572170550680066
0.11446976678729665
0.018531154402768535
-0.008266883839151438
-0.023234497946814994
0.10235390933237765
0.020767770668662533
0.12404719534643
0.08154374850750681
0.033812432906137294
-0.15101229844407055
0.049808252385342144
-0.034955707040677034
0.0885483390494778
-0.01823065264666729
1.942890293094024e-16
0.0349557070406776
0.08854833904947812
-0.15101229844407046
-0.04980825238534182
-0.08154374850750634
0.03381243290613739
0.02076777066866209
-0.1240471953464301
0.02323449794681428
0.10235390933237684
0.01853115440276843
0.008266883839151126
0.015721705506800063
0.11446976678729691
0.08170235119828083
-0.031954224205308364
0.007054371827682537
0.07198690268849246
0.06267541570295986
0.01052460884766987
-0.1048345947303709
0.10859672369103139
0.0028522297976281696
-0.0694627350295402
0.09942291176031595
0.10587011708412811
0.004720768851365936
-0.03319963937457948
0.17480586528022724
0.07156220402655689
-0.02664242443437459
-0.15366982853062772
0.007616274068053812
0.10147976887237291
0.26230500215857594
-0.13186337587351812
-0.0028100294723023
-0.08677399189253343
0.09558903623873569
-0.05344316114852575
-0.021314382088873665
-0.0322790021672022
0.053469686009899806
-0.06959285453920011
-0.015760152235366198
-0.011049385789792476
0.08143230647740596
-0.11847317791613454
0.002631681577271533
-0.10208582024280835
0.019439699037489662
-0.0700524610337824
0.008193067793399483
-0.05333061803666744
-0.039091505128278914
-0.10615135753189649
2.77226231900074e-05
-0.057056151764949575
-0.03800580280738257
-0.05640171447856467
0.00019604630187677885
-0.003456947634983859
0.08842247396942654
3.469446951953614e-16
-0.00019604630187627925
-0.0034569476349841505
-0.03800580280738311
0.05640171447856426
-2.7722623190673534e-05
-0.057056151764949214
-0.03909150512827897
0.10615135753189664
-0.00819306779339972
-0.05333061803666725
0.01943969903748921
0.07005246103378313
-0.0026316815772706725
-0.10208582024280852
0.08143230647740629
0.1184731779161351
0.015760152235365976
-0.011049385789793632
0.05346968600990036
0.06959285453920126
0.021314382088873596
-0.03227900216720314
0.09558903623873635
0.0534431611485261
0.002810029472302522
-0.0867739918925337
0.2623050021585761
0.1318633758735185
-0.007616274068053666
0.10147976887237345
-0.026642424434375256
0.1536698285306277
0.0034101492251780857
-0.11345600916218071
-0.06462627532087639
-0.025591353554546087
-0.14386432685107614
0.0019295820287039966
-0.09634483304267222
-0.003448708157093333
-0.07257817165036455
0.08027629610459669
-0.07364788534977634
0.06091203133348051
-0.009600110996900946
0.07032717773111431
-0.05249507704072057
0.0857760927400293
-0.08921793672424586
0.02061915931148397
-0.06284525210469755
0.06833872137360458
0.05973265846663267
-0.018574350270988485
-0.11662187789584699
0.057811787642597846
-0.10139724307365577
-0.1389119319027622
-0.06864275604902516
-0.002473082005306923
0.08020553031589042
-0.10977618458660537
-0.0452193097931064
-0.017327697885930554
-0.19175179104168216
-0.14833390053380585
-0.03571294817349971
2.0816681711721685e-17
0.19175179104168164
-0.1483339005338058
-0.04521930979310654
0.0173276978859305
-0.08020553031589003
-0.10977618458660554
-0.06864275604902498
0.0024730820053073393
0.10139724307365508
-0.1389119319027622
-0.11662187789584649
-0.05781178764259765
-0.05973265846663234
-0.018574350270988624
-0.06284525210469845
-0.06833872137360524
0.08921793672424619
0.02061915931148444
-0.052495077040720095
-0.0857760927400294
0.009600110996900724
0.0703271777311141
-0.07364788534977741
-0.06091203133348089
0.07257817165036473
0.0802762961045963
-0.09634483304267316
0.003448708157093222
0.143864326851076
0.0019295820287039689
-0.06462627532087575
0.025591353554546226
-0.0034101492251776555
-0.11345600916218154
-0.08095393074112352
0.015371665446960225
-0.060722944159897874
-0.0995363553802043
-0.09605921110841895
-0.0246286293182873
-0.012562347115470496
0.08867036135863686
0.19112762676357564
-0.05770950929490999
0.02839383577139673
-0.03905294153248556
0.0712553587987212
-0.023031216793318876
0.028500925131296456
-0.004622923207319524
0.02456115531734876
-0.052695597110264406
0.09530169614468101
-0.006890864869625785
0.002182869236608223
0.027191185729925793
0.01728350299867576
0.012669872522107543
-0.08304942929242212
-0.06134947984866966
0.08377327152878558
0.04480518771177658
-0.06332901029764021
0.0768880878781993
-0.09231013807859856
0.005544099467192587
-0.11636917061685556
0.003549922311730208
0.15088662143293263
0.03261924806437143
-0.09572516709961382
3.885780586188048e-16
-0.15088662143293213
0.03261924806437122
-0.11636917061685531
-0.0035499223117294865
0.09231013807859892
0.005544099467192587
-0.06332901029764035
-0.07688808787820006
-0.08377327152878541
0.04480518771177627
-0.08304942929242182
0.061349479848668724
-0.017283502998676092
0.012669872522107939
0.002182869236608438
-0.027191185729925627
-0.09530169614468088
-0.006890864869625424
0.024561155317348204
0.05269559711026439
-0.028500925131296123
-0.004622923207318885
0.0712553587987205
0.023031216793318703
-0.02839383577139601
-0.03905294153248495
0.19112762676357475
0.05770950929490981
0.012562347115471023
0.08867036135863832
-0.09605921110841867
0.02462862931828766
0.06072294415989696
-0.09953635538020426
-0.08095393074112323
-0.015371665446959948
