59.640283236376966
-7.386281911492897e-15
0.4281119162158671
6.991571562461616
12.049809986123346
4.285974959861166e-15
-0.42811191621588396
6.991571562461629
-1.4836183049464253
0.7246378668910056
-0.2512264436991798
1.6863635118433167
-5.488056116713535
-1.0618412299528191e-15
0.2512264436991898
1.6863635118433211
-1.4836183049464315
-0.7246378668910054
-0.778302139270881
-0.9267234415984501
0.007690973553509561
-0.45168561243193095
0.013208522904892828
-1.3648671838128732
1.3504403541661334
-2.5670983700223817e-15
-0.01320852290489194
-1.3648671838128714
0.00769097355351489
0.45168561243192135
0.7783021392708888
-0.926723441598448
-1.1399147544001926
-0.6347872015656298
0.46828712915120163
-0.2297004805006298
0.33219565693139896
0.24008322367752927
0.12751840699524897
-0.3848497835841129
-2.228157847805541
6.033275079553332e-17
-0.12751840699526418
-0.38484978358411115
0.33219565693139974
-0.2400832236775235
-0.4682871291512049
-0.22970048050063074
-1.1399147544002075
0.6347872015656317
0.38388778416618274
-1.7577345387577448
-0.14559525223745862
0.3127305143795727
-0.466445382935404
-0.583875059723576
0.7888240162324658
0.038128057975086276
-0.2595678339792019
-1.0039238746075596
-3.0414867619303516
7.485409337774118e-16
0.25956783397920385
-1.0039238746075572
0.7888240162324693
-0.038128057975085845
0.4664453829353989
-0.5838750597235766
-0.14559525223745912
-0.3127305143795748
-0.3838877841661783
-1.7577345387577377
0.6771526035152565
0.14723530609098132
-0.07264618206066464
-0.23882766229836694
0.20766045653659831
-0.5389567290892023
0.15656437740924467
0.066205351617381
0.6964659634723793
-0.44293951806188103
0.13280719170769142
-0.5123529332550858
1.4055892900276188
-8.604228440844963e-16
-0.13280719170769054
-0.5123529332550862
0.6964659634723795
0.4429395180618808
-0.1565643774092444
0.06620535161738125
0.20766045653659881
0.538956729089201
0.07264618206066609
-0.23882766229836508
0.6771526035152531
-0.14723530609098268
-0.004475765613771415
-0.24649931419617468
-0.02094406808284799
0.10911617839892136
0.43884826771574204
-0.10701450815488539
-0.3021427364436937
0.30271504487343515
0.4078943694265464
0.1328996085371239
-0.14033829093430045
0.33952949300157736
0.13434981863085604
0.30789667454790914
0.6745126739406624
2.248201624865942e-15
-0.13434981863085385
0.30789667454790876
-0.1403382909343
-0.33952949300157614
-0.407894369426548
0.13289960853712562
-0.3021427364436928
-0.3027150448734359
-0.4388482677157435
-0.10701450815488824
-0.02094406808284846
-0.10911617839892085
0.004475765613771138
-0.24649931419617443
-0.3909074518898981
0.033590724530821736
-0.17319785173868035
-0.11139255795882633
-0.05218524973277945
0.25560012498770596
-0.30004117567409916
-0.3614012993987476
0.017750357453666432
0.22341051931427663
-0.41035968222969876
-0.24316522459564013
-0.13257043519851688
0.03829600044613392
-0.20053682749865878
0.16353424190372728
-0.2553705617272887
-2.0261570199409107e-15
0.20053682749865728
0.16353424190372845
-0.13257043519851383
-0.03829600044613218
0.41035968222970126
-0.24316522459564371
0.017750357453668486
-0.2234105193142759
0.30004117567410027
-0.3614012993987473
-0.052185249732776856
-0.2556001249877037
0.17319785173868252
-0.11139255795882613
-0.3909074518898986
-0.03359072453082175
0.0021233034260739747
0.8042345847729326
-0.15738517727396972
-0.10204017014202665
-0.08499434230200151
-0.09614990514991736
-0.09379763610646685
-0.18145502110955658
-0.02446603509166792
0.08001367150171546
0.07491065370566785
-0.279774402981223
0.14810383474854133
0.07556553064540308
-0.5119311246741498
-0.23888212348209542
0.11449449169751592
0.2737513106730088
0.5089531950073756
7.216449660063518e-16
-0.11449449169751513
0.27375131067300806
-0.5119311246741504
0.2388821234820933
-0.14810383474854164
0.07556553064540349
0.07491065370566768
0.2797744029812237
0.024466035091668392
0.08001367150171645
-0.09379763610646626
0.18145502110955603
0.08499434230200037
-0.09614990514991725
-0.15738517727396836
0.10204017014202654
-0.0021233034260740163
0.804234584772936
-0.6242633605793587
0.05952268893426546
-0.03296963039931389
0.037658614191866266
-0.08614273240758741
-0.011128860826689346
0.0433892011772688
-0.16508819063004937
-0.1553750701469172
0.07508338458244543
0.04499750837879507
0.030046359953544766
-0.04606321708351534
0.24626287103915726
0.08168235153417394
-0.14013996586484093
-0.5274166591581915
0.29053272848513484
0.030577944144895314
-0.16106226161231657
-0.08945186323927212
-9.575673587391975e-16
-0.030577944144894814
-0.16106226161231538
-0.5274166591581899
-0.2905327284851327
-0.08168235153417365
-0.1401399658648391
-0.04606321708351521
-0.24626287103915798
-0.044997508378797166
0.030046359953544433
-0.15537507014691637
-0.0750833845824459
-0.043389201177269666
-0.16508819063005137
-0.08614273240758902
0.01112886082669079
0.032969630399313776
0.037658614191866474
-0.6242633605793582
-0.059522688934265225
-0.08102484643246663
0.22310734109522531
-0.0472434637868
-0.1582592112225794
0.009219098074138565
0.34340425493236704
-0.23299498505185443
-0.013190936969257133
-0.08353941339014673
0.011657598121238844
-0.12920141642525246
-0.14192327458012619
-0.18353465602448357
0.11461223549386995
0.06687061492607149
-0.12627654597119659
-0.3112782638070803
-0.011920028599203242
0.21506880534584227
-0.10579656226976009
-0.16038971839529606
-0.05498137449078472
-0.3809988077855878
4.718447854656915e-16
0.16038971839529706
-0.05498137449078502
0.21506880534584175
0.10579656226975925
0.3112782638070807
-0.0119200285992027
0.0668706149260695
0.12627654597119697
0.18353465602448404
0.11461223549387053
-0.12920141642525224
0.14192327458012685
0.08353941339014709
0.011657598121238733
-0.2329949850518544
0.013190936969258021
-0.009219098074137233
0.34340425493236754
-0.04724346378680011
0.1582592112225789
0.08102484643246671
0.22310734109522426
0.4428845606474979
-0.06252326453096112
0.2131679906663662
0.03360951601984495
-0.2636078014316947
0.04168110435399325
-0.02781005151540275
0.07511249499227735
0.006069466235748833
-0.05550145391508671
0.1946312195717919
0.017867861875635938
-0.19373248706254936
-0.027504076937209826
0.22623826319949664
0.159323927369053
-0.17691376893091537
-0.15471896538575047
0.24505350891398384
0.3073670485039393
-0.08918954846180405
-0.16176562043168205
0.12326754286511582
0.2763286173532937
-0.23800245536321218
-2.220446049250313e-16
-0.1232675428651163
0.27632861735329395
-0.0891895484618023
0.16176562043168002
-0.2450535089139823
0.30736704850393926
-0.1769137689309132
0.15471896538574992
-0.22623826319949564
0.15932392736905232
-0.1937324870625489
0.027504076937208938
-0.19463121957179125
0.01786786187563566
0.006069466235748916
0.05550145391508787
0.027810051515402487
0.07511249499227837
-0.26360780143169504
-0.04168110435399347
-0.21316799066636594
0.03360951601984466
0.44288456064749715
0.06252326453096074
0.010273778100567982
-0.24038292842704628
0.14246548726023078
0.19423111281431568
-0.05136134585747125
0.03012041904235359
0.004306780714403727
-0.12122045708186516
0.05602637940962596
0.14216706988722397
-0.026719240270912006
0.12212017744365708
-0.08667273355305807
-0.016033280761285976
0.055420670984281675
0.16853581885057697
-0.055143750604679465
-0.05465024990964573
-0.057616936746750724
0.22552680172273637
-0.0031910804976433005
-0.07197462619741665
0.06515714792887262
0.21253731181614766
-0.0022335192025528527
-0.3219775340840192
0.01574078130177861
-6.245004513516506e-16
0.0022335192025527695
-0.3219775340840201
0.06515714792887145
-0.21253731181614774
0.003191080497642204
-0.07197462619741657
-0.057616936746752
-0.22552680172273573
0.05514375060467956
-0.05465024990964615
0.05542067098428133
-0.1685358188505764
0.08667273355305716
-0.016033280761286184
-0.026719240270912936
-0.12212017744365741
-0.056026379409626265
0.1421670698872237
0.004306780714403543
0.12122045708186396
0.05136134585747176
0.030120419042353602
0.14246548726023128
-0.19423111281431515
-0.010273778100568398
-0.24038292842704578
0.37050067875946113
-0.04363655137023956
-0.12130370195710648
0.08062465029554426
0.2599268699380695
-0.023242548695368882
0.18629834792046118
0.21417060357818715
-0.12857418894733114
0.09523663214614109
-0.027375649167216534
0.07307907176777151
-0.11793780927488078
-0.1001444471428448
-0.0422557055599521
0.1801908001442547
0.08599109036962371
-0.1690487336304705
-0.066319412021111
0.11520219106212354
0.04186551251532
-0.1594724799087555
-0.14483172530569074
0.11896858258694627
0.5549973683004089
-0.1343051393680716
-0.0811054939742654
0.13511683722767884
0.2454571930880497
-1.1102230246251565e-16
0.08110549397426546
0.13511683722767928
0.5549973683004095
0.13430513936807156
0.1448317253056922
0.11896858258694615
0.04186551251532161
0.1594724799087559
0.0663194120211115
0.11520219106212379
0.08599109036962393
0.16904873363046963
0.04225570555995142
0.18019080014425504
-0.11793780927487973
0.10014444714284423
0.027375649167217353
0.07307907176777106
-0.1285741889473314
-0.09523663214614021
-0.18629834792046104
0.21417060357818718
0.259926869938069
0.023242548695367765
0.12130370195710644
0.0806246502955452
0.37050067875946235
0.04363655137023925
0.08146392662104285
-0.09140470737976292
-0.04689084304724485
-0.03459180016941626
-0.039706602457025786
-0.0490909778208089
0.18328255231414944
0.18219185509610586
-0.14650303696635703
-0.06256329651386339
0.09150418459597925
0.02849969717575497
0.033027884221480064
-0.10318125186464208
0.10842389755749382
0.06905486353179308
0.15313073617185474
0.07040113093919786
0.01179547992842385
0.1526202016619182
0.19127572796222886
-0.045821506638629356
-0.1150877566522533
0.06918792690364031
0.2492469611025462
0.16555452091185055
-0.12089330890303074
-0.004134251972846864
0.1315468339889849
0.4976555293447056
-0.12274707032859677
-1.3877787807814457e-15
-0.1315468339889848
0.49765552934470486
-0.12089330890303007
0.004134251972848141
-0.24924696110254774
0.1655545209118505
-0.11508775665225318
-0.06918792690364156
-0.1912757279622287
-0.04582150663862877
0.011795479928424321
-0.15262020166191775
-0.15313073617185513
0.07040113093919767
0.10842389755749429
-0.06905486353179238
-0.03302788422148073
-0.10318125186464241
0.09150418459597875
-0.028499697175753583
0.1465030369663572
-0.06256329651386386
0.1832825523141483
-0.18219185509610628
0.03970660245702606
-0.0490909778208086
-0.046890843047244044
0.03459180016941536
-0.08146392662104389
-0.09140470737976392
-0.19770557611686138
0.05640421125468302
-0.016637650537976494
-0.05392675997669377
0.07006995031033142
-0.0745099204019698
-0.08653550899671728
0.014053990678361383
0.10246735767738183
-0.12748202606309952
-0.0011248977176348818
0.25371163378198397
0.0719193965734356
-0.03848492777901047
-0.04543004946108896
0.08601509508406777
0.05411931368246718
0.02671424829387442
-0.21398170835491878
0.0054783844024878375
0.29710171849418304
0.006452580233653832
-0.219014480519705
-0.07282008251111108
0.33449619619249693
0.12491972233777376
-0.1679216784846025
-0.23201232827078982
-0.05014457024961162
0.17816451791180413
-0.0736574858420799
-0.4442714947477453
0.24667466420721307
9.853229343548264e-16
0.0736574858420798
-0.44427149474774513
-0.05014457024961211
-0.17816451791180477
0.1679216784846023
-0.23201232827079005
0.3344961961924968
-0.12491972233777364
0.21901448051970498
-0.07282008251111283
0.2971017184941823
-0.006452580233654082
0.21398170835491803
0.005478384402487088
0.0541193136824672
-0.026714248293874393
0.045430049461089445
0.0860150950840673
0.07191939657343566
0.03848492777900933
0.0011248977176347222
0.2537116337819838
0.10246735767738147
0.12748202606310097
0.08653550899671836
0.014053990678360856
0.07006995031033117
0.07450992040196952
0.016637650537977465
-0.05392675997669269
-0.1977055761168604
-0.05640421125468309
-0.00035500755262091177
0.08755619614464755
-0.04611350949355503
-0.03318112247999637
0.07505299804123403
-0.20064161189508684
0.08302613660611197
0.00582447717818263
0.05249838878618984
-0.02270558046295279
-0.000551152761908924
0.03491647431707978
0.03547597766248958
0.008181144241851068
-0.00022281803778362308
0.045984929746443484
0.02829963511652206
-0.0955864409556138
-0.04602848736534079
-0.08463394520479196
0.15498861998721472
0.1180508429076309
-0.07023322991576612
-0.10576777711873911
0.11767692560010916
0.21074599869922256
-0.07304948063360517
-0.15124452037533306
-0.0012478595106062418
0.10326911194873609
0.1010125365740796
-0.16625812932417486
-0.019143111495593113
0.198089600156313
0.1534245174871678
-4.163336342344337e-17
0.019143111495593713
0.19808960015631305
0.10101253657408057
0.1662581293241748
0.0012478595106062695
0.10326911194873624
-0.07304948063360575
0.15124452037533384
-0.11767692560010973
0.21074599869922367
-0.07023322991576597
0.10576777711873889
-0.1549886199872134
0.1180508429076304
-0.0460284873653411
0.08463394520479219
-0.028299635116521157
-0.09558644095561417
-0.0002228180377840394
-0.0459849297464438
-0.035475977662489055
0.00818114424185265
-0.0005511527619080914
-0.034916474317079296
-0.05249838878618984
-0.022705580462952353
0.0830261366061124
-0.00582447717818102
-0.07505299804123458
-0.20064161189508734
-0.046113509493556526
0.03318112247999701
0.0003550075526209673
0.08755619614464819
-0.19765121165788263
0.08469410552168499
-0.005550922056380886
-0.06937555623024919
0.035922456011471426
0.014166924357042074
-0.04722769011360162
0.012255461644630844
0.0012905460820078346
-0.05185657809853422
-0.022515607108859248
-0.11715877118783245
0.1324170906252347
-0.03718729104883106
-0.06549027212462782
0.004019740121466442
0.1701534535205837
-0.03674678600393916
-0.03959237371149463
-0.0017904857589559342
0.2028823703995073
0.08515310106615742
-0.11051271016117686
-0.17161292026997044
-0.03478347949100133
0.12921010868592714
-0.10759235168288081
-0.2831927509125314
0.06319351346351859
0.10558151142567315
0.007882718428680156
-0.3038876667582135
-0.35825658077245065
0.08267674303118694
0.031483729626335374
-0.22495258777811697
-0.336815243698507
-5.967448757360216e-16
-0.0314837296263356
-0.2249525877781177
-0.3582565807724506
-0.08267674303118822
-0.007882718428679727
-0.303887666758215
0.06319351346351912
-0.10558151142567396
0.10759235168288124
-0.28319275091253165
-0.0347834794910014
-0.12921010868592686
0.110512710161177
-0.17161292026996977
0.2028823703995076
-0.08515310106615728
0.03959237371149449
-0.001790485758956295
0.17015345352058434
0.03674678600393974
0.06549027212462712
0.004019740121466386
0.13241709062523427
0.037187291048831395
0.022515607108859137
-0.11715877118783297
0.0012905460820080983
0.05185657809853328
0.04722769011360092
0.012255461644630844
0.03592245601147115
-0.014166924357041755
0.005550922056381413
-0.06937555623024924
-0.1976512116578838
-0.08469410552168624
