52.86720800841695
-1.0344291310689029e-15
2.190372429313319
3.8865198416941387
1.0953593807886182
-7.17891856107337e-16
-2.190372429313296
3.886519841694137
-0.535212303696114
1.0914901633438054
3.864780599103869
1.3132500995965386
6.344086665578434
-1.3747628839284884e-16
-3.864780599103879
1.3132500995965364
-0.5352123036961134
-1.0914901633438054
0.1026739888030459
-0.5203902560213022
-0.8734174864479585
1.5641428441611236
-1.1402223284655415
0.7696328792258532
-0.011164327954135134
-6.582681226693522e-16
1.140222328465541
0.7696328792258603
-0.8734174864479628
-1.5641428441611285
-0.10267398880304932
-0.5203902560213026
-1.8121478712964156
0.03983059339439873
0.49008548788334466
0.3769632362361168
0.4883468552986517
0.7445141719263092
0.6731161429670378
0.22277714141136132
-4.237302953620672
-3.3328183664496517e-15
-0.6731161429670443
0.22277714141135813
0.4883468552986603
-0.7445141719263099
-0.4900854878833433
0.3769632362361184
-1.8121478712964174
-0.03983059339440453
-0.324249517313128
-0.4017688852721275
-0.1753129440427026
0.11799650863670104
-0.7380623787808603
-0.028303980460032466
-1.0034536890886527
0.5143569260321766
-0.849970871111959
-0.7230547593543961
-0.06172786568236255
2.2212801687440834e-16
0.8499708711119468
-0.7230547593543964
-1.0034536890886516
-0.5143569260321785
0.7380623787808599
-0.028303980460036987
-0.17531294404269906
-0.11799650863669864
0.3242495173131329
-0.401768885272129
0.44489058925440383
-0.2673720440533193
-0.08777513466048392
-0.0008607618983467111
-0.8927488310155207
-0.22385410666950756
-0.276694605382412
-0.08246126773823437
0.38292823581828683
0.13612255572232201
0.07681802361978263
-0.10022004465245644
-1.5987961354685483
-1.3322676295501878e-15
-0.07681802361978088
-0.10022004465245887
0.38292823581828395
-0.13612255572232113
0.27669460538241175
-0.0824612677382334
-0.8927488310155209
0.22385410666950656
0.08777513466048438
-0.000860761898346607
0.44489058925440494
0.2673720440533197
0.16342796981295699
0.23672665794202902
0.32775679120530116
-0.2065049822632079
0.13189394274616376
-0.24838717092746598
-0.21878954227207958
-0.2571323177749122
-0.017807158272892587
0.19357563839204572
-0.038412971957884436
0.1719822847304069
-0.4675445941375844
-0.06790421373717748
-0.08799669628632742
1.3877787807814457e-17
0.467544594137581
-0.06790421373717664
-0.03841297195788615
-0.1719822847304088
0.017807158272893253
0.19357563839204467
-0.2187895422720796
0.2571323177749129
-0.1318939427461644
-0.24838717092746593
0.32775679120530177
0.20650498226320735
-0.16342796981295532
0.23672665794202835
0.30295098259456565
-0.06270985000134877
-0.2575865293114972
-0.110926107456117
0.06407845445828436
0.042009019532171926
-0.020652584161169052
-0.028333012948088723
-0.26421971406060596
0.050825358150959954
-0.2655391214181925
0.15447334023069442
0.15100399683568533
0.04601598174814517
-0.011419942875583677
0.002458907381718417
0.16575054041702164
-4.718447854656915e-16
0.011419942875584566
0.0024589073817170015
0.15100399683568463
-0.046015981748145696
0.2655391214181907
0.15447334023069453
-0.26421971406060657
-0.05082535815095934
0.02065258416116858
-0.028333012948089237
0.06407845445828511
-0.04200901953217165
0.2575865293114972
-0.11092610745611765
0.3029509825945647
0.06270985000134711
0.3149694853046104
-0.14436734617273092
0.2324076149020096
-0.3287625677139595
0.22587598709023474
0.10098216311033342
0.29409235142636825
0.010218829291675308
0.17721622372994977
0.09486705797291034
0.015457519105139372
-0.016458785617737365
-0.09132466335920571
0.17565549537784642
-0.1657157915715456
-0.0080420177255636
0.3801375836423319
0.4112063094860937
0.4361989932687982
3.2612801348363973e-16
-0.3801375836423317
0.4112063094860943
-0.1657157915715458
0.008042017725564996
0.091324663359205
0.17565549537784672
0.01545751910513965
0.016458785617736976
-0.17721622372995052
0.0948670579729105
0.29409235142636925
-0.010218829291674739
-0.22587598709023454
0.10098216311033213
0.23240761490200995
0.3287625677139582
-0.31496948530461133
-0.14436734617273078
-0.14284130249444166
0.06550377566357574
0.0775643157933695
-0.09799894217794497
0.08727068156851248
0.039461635984063895
-0.24771438971166448
0.1399883203326448
-0.08885728898456682
0.17362671760480597
-0.06162642536640246
0.1474819637489915
-0.030812520852260716
0.026263898072948322
-0.4293591672191733
0.019163460138435395
-0.14320055191969402
0.26273257821561835
0.04501912840109884
0.14444607452074926
0.289692031521107
5.551115123125783e-17
-0.04501912840109795
0.14444607452074934
-0.14320055191969377
-0.2627325782156199
0.42935916721917433
0.019163460138435562
-0.030812520852260383
-0.026263898072947038
0.06162642536640234
0.1474819637489902
-0.08885728898456718
-0.17362671760480672
0.24771438971166554
0.13998832033264652
0.08727068156851217
-0.039461635984064006
-0.07756431579336985
-0.09799894217794462
-0.14284130249444155
-0.06550377566357451
-0.13631865419602812
-0.2327837033970625
-0.057314287036925315
0.007007670575856467
0.212613795601569
-0.02496861882359458
0.1311823741454468
-0.1111732845731738
-0.08089181020521391
0.01891203937519836
0.031233685832469188
0.0581864644263444
0.17410343867227013
0.05279159666251591
0.06908521780590071
-0.1665316678981531
-0.06513918936217375
0.038273415442613146
0.13234671753430266
0.020232388873611673
0.18642958385677233
-0.04453091486062501
-0.02679169298530426
8.673617379884035e-16
-0.1864295838567727
-0.044530914860623966
0.13234671753430163
-0.020232388873612173
0.06513918936217455
0.038273415442613284
0.06908521780590177
0.16653166789815355
-0.17410343867226946
0.05279159666251593
0.031233685832468633
-0.05818646442634587
0.08089181020521413
0.018912039375198125
0.1311823741454463
0.11117328457317466
-0.21261379560156912
-0.02496861882359447
-0.05731428703692615
-0.007007670575856412
0.13631865419602873
-0.23278370339706173
-0.06932832591107072
-0.15756951759075843
0.003959381147750407
-0.0710622645844692
-0.1036886919897913
0.0856075764622361
0.041637885150771575
0.02227332692197559
-0.0017797031005452046
-0.08389800482712709
-0.18909251435302835
0.0510299884220945
-0.16978015012704803
0.18433245277411942
-0.06946718345589051
0.12785053182036238
-0.1179181849840284
0.01138434064361446
-0.13232994511475826
0.14374392410428144
-0.031717758255293056
-0.01651444624132635
-0.07646673007329063
0.11607423689671559
-0.10812061687070762
-9.159339953157541e-16
0.07646673007329041
0.1160742368967152
-0.031717758255292605
0.016514446241325184
0.1323299451147576
0.1437439241042816
-0.11791818498402845
-0.01138434064361471
0.06946718345589109
0.12785053182036443
-0.16978015012704772
-0.1843324527741185
0.18909251435302815
0.051029988422094774
-0.0017797031005453712
0.08389800482712817
-0.041637885150771686
0.022273326921975645
-0.1036886919897923
-0.08560757646223649
-0.003959381147749963
-0.07106226458446896
-0.0693283259110712
0.1575695175907569
-0.21174713702747375
0.11606381057682871
-0.18987167608667233
0.046958174385455465
-0.2485790223919373
-0.10651575416412665
-0.12887580283285865
0.1142279224018502
0.12150572592803777
-0.08714361933979144
0.03884356086985821
-0.13138367240481952
-0.11375278656290518
-0.020920862745342588
-0.08782538571400261
0.10487948271813607
0.08909147288429388
-0.05706496855010573
0.21937257675118646
-0.03711563515849059
-0.060228056022706145
-0.16054216437020846
-0.2798615269554694
0.021578458520603028
0.021600296782719186
-0.06615368421183491
0.2290678621180574
-8.326672684688674e-17
-0.021600296782719852
-0.06615368421183557
-0.2798615269554685
-0.021578458520601695
0.06022805602270559
-0.16054216437020855
0.21937257675118682
0.03711563515849117
-0.08909147288429395
-0.05706496855010576
-0.08782538571400114
-0.10487948271813585
0.11375278656290494
-0.020920862745345048
0.03884356086985806
0.1313836724048188
-0.12150572592803721
-0.08714361933979131
-0.12887580283285865
-0.1142279224018507
0.2485790223919368
-0.10651575416412629
-0.18987167608667235
-0.04695817438545549
0.21174713702747278
0.1160638105768275
-0.05935262104465411
-0.04391209763579283
-0.05426594326767613
-0.040017740173581264
0.002469948888894624
-0.23323577875336043
-0.039361702467301474
-0.11057867236325834
-0.04837882173798697
0.023851460211176845
0.03731912615126999
-0.06760741659215234
-0.07588393557823467
-0.045572842614673814
-0.12605516524555813
0.05114939848457582
-0.0444381520847682
0.06760100991465112
0.034325429663399465
0.013985017962909047
-0.14104441995566064
-0.10254395669189531
-0.03498334039255255
-0.07050118310533426
0.040909440539597886
0.07471534686224279
0.05511255096249626
-0.08226150448479133
-0.20537700389244162
-4.996003610813204e-16
-0.05511255096249633
-0.08226150448479108
0.04090944053959811
-0.07471534686224257
0.03498334039255235
-0.07050118310533447
-0.14104441995566064
0.10254395669189506
-0.034325429663398244
0.013985017962908394
-0.044438152084768257
-0.06760100991465032
0.1260551652455581
0.05114939848457564
-0.07588393557823411
0.0455728426146744
-0.03731912615127039
-0.06760741659215272
-0.04837882173798684
-0.023851460211177282
0.039361702467301196
-0.110578672363258
0.0024699488888950127
0.23323577875336057
0.054265943267675615
-0.04001774017358186
-0.05935262104465463
0.04391209763579246
-0.043608687620352596
0.10777253330006681
-0.11758137303763758
-0.004747430284494848
-0.12992373445316327
0.06233157580338419
-0.1461252666457063
-0.020387184663238717
-0.1732666321108179
-0.06151324049108958
-0.0367070332938737
0.03974082815743397
0.049401044108850156
-0.058049026628389316
0.0011645703760273102
0.024171397004942113
-0.13068444278619107
-0.023567194923518164
-0.15517599631223605
0.09667008753894747
-0.0997349094052159
-0.09521724903636908
-0.02719140783201296
-0.01547031559241488
0.031311026209475706
0.006970133701856285
-0.03591745915853181
0.08075770566313446
-0.28198647229312634
-0.031023194460293058
-0.3541297228497713
2.0816681711721685e-16
0.2819864722931279
-0.03102319446029214
-0.035917459158531714
-0.08075770566313398
-0.03131102620947529
0.006970133701856118
-0.027191407832012737
0.015470315592414963
0.09973490940521612
-0.09521724903636804
-0.15517599631223694
-0.09667008753894715
0.13068444278619135
-0.02356719492351783
0.0011645703760277681
-0.024171397004942224
-0.04940104410885032
-0.058049026628389705
-0.03670703329387415
-0.03974082815743364
0.1732666321108181
-0.06151324049109
-0.14612526664570713
0.020387184663239258
0.12992373445316255
0.0623315758033835
-0.11758137303763858
0.004747430284495691
0.04360868762035179
0.10777253330006675
-0.05315890160463943
0.16300088426850845
-0.08094093636804547
-0.009330682322789413
0.012358174760525309
-0.045864148629813035
0.034449583696934766
-0.08846631331362576
-0.045053932150632
-0.19034428912688353
-0.014340573224634598
-0.0664045244603364
0.015219010662476551
-0.00037676355238450143
0.005895347525430611
-0.0348707941507416
-0.06050853729106909
-0.10279843549980866
-0.050076612667785264
-0.08089250324060222
0.09081453072092643
-0.02489241165308409
0.06776674121581115
-0.14738615136364477
-0.061687028687881784
-0.07478911223293892
0.0022721013667359596
-0.08350473797738169
0.06429757539324875
-0.05531180775210762
-0.08312589062143892
-0.14555494172193048
0.06342114883847355
2.706168622523819e-16
0.08312589062143891
-0.14555494172193062
0.0642975753932497
0.05531180775210748
-0.0022721013667357376
-0.08350473797738238
-0.061687028687882034
0.07478911223293837
-0.06776674121581107
-0.14738615136364516
0.09081453072092716
0.024892411653084257
0.050076612667784556
-0.08089250324060118
-0.06050853729106904
0.1027984354998082
-0.0058953475254302935
-0.034870794150743
0.015219010662476828
0.0003767635523844737
0.014340573224634612
-0.0664045244603366
-0.04505393215063247
0.19034428912688467
-0.03444958369693471
-0.08846631331362556
0.012358174760525448
0.04586414862981325
0.0809409363680449
-0.009330682322788525
-0.05315890160463968
-0.16300088426850876
0.05260555755158289
-0.0629196854704159
0.03625675931010797
-0.05920428427733959
0.025778102207233533
0.05077898743682796
-0.00809170127852038
0.002853894209406238
-0.11723953181732066
0.04361238750805341
-0.1542551694026357
-0.014224788553350368
-0.09053061089451642
0.040877237077199285
-0.07159504983496758
0.07122859080656752
-0.08017053199978705
0.025329069947060696
-0.08344644524751954
-0.01013940984211533
-0.08107230144703904
0.11346894575602771
-0.08770832385204494
0.0353656955411544
-0.06748772747099918
0.01993912532088414
-0.02944419925412156
0.014712756237958917
-0.14338962123797785
0.0453007894208052
-0.16511562481203018
0.026440365893241335
0.09965946596837058
0.08434675203379158
0.2777587877669423
-2.220446049250313e-16
-0.09965946596837158
0.08434675203379127
-0.16511562481203002
-0.026440365893242036
0.14338962123797805
0.04530078942080548
-0.02944419925412159
-0.014712756237960152
0.06748772747099928
0.01993912532088419
-0.08770832385204463
-0.03536569554115487
0.08107230144703838
0.1134689457560275
-0.08344644524752037
0.010139409842115032
0.08017053199978688
0.02532906994706058
-0.07159504983496749
-0.0712285908065682
0.09053061089451576
0.04087723707720012
-0.15425516940263556
0.014224788553350229
0.11723953181732061
0.04361238750805281
-0.008091701278520103
-0.0028538942094066266
-0.025778102207234338
0.05077898743682903
0.03625675931010805
0.0592042842773399
-0.052605557551582416
-0.06291968547041643
0.03587039118930668
0.08112714053979214
0.005472584003537742
0.09592427944092338
-0.051265530486735475
0.169711990329407
-0.07607366631040323
0.05225797898873181
-0.009424596592503706
0.015203360560607553
0.027704258232189694
-0.03702504245396934
-0.019308348696938274
-0.09985675507799714
-0.0271341045232721
-0.06283730212106649
0.05227589333642406
-0.0068846733533961535
0.038982951582030106
-0.033011135589941176
-0.08375221197981435
-0.026013026363406362
0.03463637742521379
-0.05009376977556099
0.13736363708445617
-0.08604839657094723
-0.015685319622070856
-0.06454992257227699
-0.01058005538617035
-0.07033066135117194
0.0894881650833408
-0.016990378671769057
0.014138881092142175
-0.0007109082296112013
-0.04276664878775441
0.10385852781419201
-0.06415432528185505
-5.551115123125783e-17
0.042766648787754664
0.10385852781419093
0.014138881092142563
0.0007109082296118119
-0.08948816508334066
-0.016990378671769113
-0.010580055386169573
0.07033066135117177
0.015685319622071148
-0.06454992257227632
0.13736363708445606
0.08604839657094807
-0.03463637742521358
-0.05009376977556071
-0.0837522119798145
0.02601302636340623
-0.03898295158203048
-0.03301113558994048
0.052275893336424704
0.00688467335339632
0.027134104523272484
-0.06283730212106642
-0.01930834869693837
0.09985675507799674
-0.027704258232190138
-0.037025042453969294
-0.00942459659250447
-0.015203360560607275
0.07607366631040288
0.05225797898873159
-0.05126553048673499
-0.16971199032940748
-0.005472584003537728
0.0959242794409236
0.03587039118930704
-0.081127140539792
