42.04425441233558
-9.661311851562426e-15
-0.6352039495164643
9.584567064268894
4.584611379376519
-8.253960401356402e-16
0.6352039495164381
9.584567064268901
1.2055428906882166
0.23336745705721382
-2.350949523717054
0.18029694419818237
5.053433434989424
3.669119526513695e-15
2.350949523717055
0.18029694419817976
1.2055428906882042
-0.23336745705720624
-1.1419227235220017
-0.015578361880965275
1.4106574668965153
0.5158197290393509
0.8562623509627107
1.8876053752508122
-0.19168094879672654
2.393370366170678e-15
-0.856262350962706
1.8876053752508115
1.410657466896513
-0.5158197290393468
1.1419227235220084
-0.015578361880959575
-0.03051007150502902
-0.16240568275133233
-0.677780682534509
0.774942359496297
0.4197493579917806
-0.38723355247328584
-0.8589577210534626
-0.40628464378779344
0.46454477095859525
-2.0046922246582156e-15
0.858957721053465
-0.40628464378779205
0.4197493579917835
0.38723355247328745
0.677780682534518
0.7749423594962993
-0.030510071505032887
0.16240568275133022
0.07198419924714766
-0.17678155947212004
0.42390100647996126
0.7358855540741293
-0.4324123227739691
-0.5111700617657934
-0.580383044893724
-0.2267092936200594
0.3882642719265259
-0.7498666994727728
0.1965301843862759
2.104483433675411e-16
-0.38826427192653257
-0.7498666994727778
-0.5803830448937191
0.226709293620056
0.432412322773972
-0.511170061765789
0.4239010064799634
-0.735885554074127
-0.07198419924714955
-0.17678155947212548
-0.30813809512723656
0.6716395271235694
-0.0847196835882793
0.3999739092811989
-0.27555826274543266
-0.7664735684799832
-0.12117507520496057
-0.5368906149424246
1.2504216521630211
0.057910350453764914
0.22747658309303975
0.09494697617723746
-0.9352807829705572
-1.3183898417423734e-15
-0.22747658309304003
0.0949469761772363
1.2504216521630207
-0.05791035045376333
0.12117507520495996
-0.5368906149424273
-0.2755582627454327
0.7664735684799832
0.08471968358827991
0.39997390928120025
-0.30813809512723805
-0.6716395271235726
0.028652434846487496
-0.10151668038334777
-0.3830872428984391
0.40582498897675723
0.19606250200516573
-0.3261072391555313
0.4566681342076718
0.14378901052119805
-0.47509685144423747
-0.1941927661606606
-0.1826789367300643
0.030375934148420228
0.8879363705401062
-0.8924591487214927
0.06569824363645321
1.6653345369377348e-16
-0.887936370540102
-0.892459148721491
-0.18267893673006397
-0.03037593414841988
0.47509685144423963
-0.19419276616066014
0.4566681342076715
-0.1437890105211995
-0.19606250200516573
-0.32610723915552997
-0.3830872428984365
-0.4058249889767562
-0.02865243484649005
-0.10151668038334646
-0.31844377679818203
0.3382175102752335
-0.09199227254041706
-0.45359147666100075
0.025105248231330562
0.18858963097102083
0.14730720002200692
-0.19352756833008256
-0.13789178630924753
-0.41824834533746946
0.32885911210820673
0.1357609539008937
0.2379282866310719
0.2451905700080047
-0.26201822591445556
-0.2780193754956204
-0.03996394005362233
-1.0928757898653885e-15
0.262018225914455
-0.2780193754956214
0.2379282866310742
-0.24519057000800737
-0.3288591121082089
0.1357609539008931
-0.13789178630924553
0.41824834533747
-0.14730720002200914
-0.19352756833008455
0.025105248231331326
-0.18858963097101994
0.09199227254041498
-0.4535914766610014
-0.31844377679818237
-0.33821751027523184
-0.37284296621688917
-0.30570975585026156
-0.12144343725176499
0.223018874119822
0.15493109694829094
0.15289089864767846
0.08852740375181589
-0.08091090504743628
0.10364364239761725
-0.3200172853114537
0.14287244669739962
0.4052296173723565
0.12051800769264584
-0.23147372633931776
-0.09358091025197243
0.021654461359545518
-0.08502215231813443
-0.17207393224637052
0.20975149265041815
0.0
0.08502215231813293
-0.17207393224637357
-0.09358091025197368
-0.021654461359544186
-0.12051800769264617
-0.2314737263393185
0.1428724466973993
-0.40522961737235696
-0.10364364239761586
-0.32001728531145485
0.08852740375181378
0.08091090504743777
-0.15493109694828877
0.1528908986476778
-0.1214434372517671
-0.22301887411981874
0.3728429662168908
-0.30570975585026283
-0.07959878882192194
-0.2648959664976796
-0.10703603666555431
-0.3979644480672778
-0.12379798080462012
0.06320909919188422
0.13422064171336487
-0.40424698453210695
0.0030478223941187155
0.26331883046899535
-0.053792037653384764
0.07082878321528135
-0.23718672293533988
0.04105090297268188
-0.0030949061629495234
-0.1094136343047597
0.10488457370302551
-0.13628013484808033
0.09221995530084574
0.023350082007674557
-0.3232184962047464
-1.1102230246251565e-16
-0.09221995530084393
0.02335008200767698
0.10488457370302351
0.13628013484808205
0.0030949061629516605
-0.10941363430475921
-0.23718672293533993
-0.041050902972681186
0.053792037653385194
0.07082878321528181
0.0030478223941189236
-0.26331883046899596
-0.1342206417133635
-0.40424698453210883
-0.12379798080462073
-0.06320909919188467
0.10703603666555647
-0.3979644480672775
-0.07959878882192273
0.2648959664976782
0.4162488114581411
-0.027889126245943086
0.05521738133582424
-0.17339046946916695
-0.1649498469177338
-0.02741361293711545
0.11712639860837581
0.37039413096144463
0.26305450736236663
0.09695664722907524
0.036688391860981634
-0.05218292357998272
-0.05107883649986464
-0.17340951876228336
0.12584078561598733
0.1324584916108053
0.13422025331285592
0.06856416797659753
-0.3278123876706593
0.15563468369886116
-0.21258070407514007
-0.029266318725959528
0.3246509778425385
-7.771561172376096e-16
0.2125807040751398
-0.02926631872595903
-0.32781238767065735
-0.15563468369886257
-0.13422025331285697
0.06856416797659767
0.12584078561598816
-0.1324584916108055
0.05107883649986336
-0.17340951876228383
0.03668839186098083
0.05218292357998218
-0.26305450736236835
0.09695664722907671
0.11712639860837609
-0.37039413096144447
0.16494984691773293
-0.02741361293711518
0.05521738133582421
0.17339046946916487
-0.4162488114581427
-0.027889126245943197
-0.003115311446198976
-0.18747688118818767
-0.0558903951474049
-0.04811535049669673
-0.03878995776249977
-0.2521786070104697
-0.027947268087099963
-0.09159961871791779
-0.09090895236052679
0.06121931250955015
-0.005298299581195154
-0.2870794755116423
0.044878783466419464
-0.03234438373330495
0.010201008544214824
-0.05633504970559203
-0.13071120374470924
0.14433960196755205
0.033521112784709345
-0.06951040896892424
-0.17057438259255253
-0.18438746849211757
-0.17943060993590296
0.025574798236904728
-0.09034209964400725
-8.326672684688674e-17
0.1794306099359033
0.02557479823690398
-0.1705743825925522
0.18438746849211826
-0.03352111278470987
-0.06951040896892502
-0.1307112037447104
-0.14433960196755152
-0.010201008544214518
-0.05633504970559178
0.0448787834664206
0.03234438373330545
0.0052982995811930444
-0.28707947551164326
-0.0909089523605262
-0.06121931250955076
0.027947268087098867
-0.09159961871791683
-0.03878995776249969
0.25217860701046896
0.055890395147402655
-0.048115350496695825
-0.0031153114461991427
0.18747688118818684
-0.19188701220208057
0.1273591860325531
-0.04892765426224377
-0.003257818515219224
0.2391480837268305
-0.02526299058186151
-0.029789548645805658
-0.06323624121516919
-0.14950913450218387
-0.10731100075550538
0.12195895705347898
0.1259312289092201
0.1435542133647632
0.08653044727999563
0.026252800204029147
0.09535178940691863
-0.10576880682409125
0.05219309954266427
-0.0358186137079638
-0.01471313909627292
0.014914270906659283
-0.30233338415082645
0.027225202601103754
-0.0996595639558477
0.030760373414136954
0.04723776241021549
-0.1638986050697923
7.771561172376096e-16
-0.030760373414137676
0.047237762410214545
0.027225202601103553
0.09965956395584784
-0.014914270906661198
-0.3023333841508267
-0.03581861370796552
0.014713139096273364
0.10576880682409073
0.05219309954266402
0.026252800204028814
-0.09535178940691913
-0.14355421336476215
0.08653044727999759
0.12195895705347962
-0.12593122890922018
0.14950913450218284
-0.10731100075550726
-0.02978954864580391
0.06323624121517024
-0.23914808372683133
-0.02526299058186207
-0.04892765426224127
0.0032578185152201122
0.19188701220207927
0.1273591860325522
-0.15207594981607592
0.3313782362567657
0.12148284976922874
0.13253444224262081
-0.05328043349635034
-0.060562564790143714
-0.15471681285199407
0.004575075304050963
0.0023450606107142113
-0.07686136952806077
0.03846467995517029
-0.06641985301655434
-0.06968267300240344
-0.0674890168090537
-0.021538226600895882
-0.11528258357312826
-0.1523267169266136
-0.07826360056373405
0.06676987787221467
0.10835513446108169
-0.1580620338448789
-0.04741048121575109
-0.16924898581230527
0.015557938082747143
-0.198333446170862
-0.008237198925153899
0.2285233856456399
0.03566312515603315
-0.3160669417161638
6.106226635438361e-16
-0.22852338564563862
0.03566312515603358
-0.19833344617086335
0.00823719892515383
0.1692489858123054
0.01555793808274819
-0.15806203384487877
0.047410481215751143
-0.066769877872214
0.10835513446108264
-0.15232671692661245
0.07826360056373319
0.02153822660089691
-0.11528258357312954
-0.06968267300240316
0.06748901680905506
-0.03846467995517029
-0.06641985301655418
0.0023450606107146
0.07686136952806055
0.15471681285199437
0.004575075304050075
-0.05328043349635056
0.06056256479014405
-0.12148284976922934
0.13253444224262007
-0.15207594981607717
-0.33137823625676444
0.1503803229457773
0.23543579520297625
-0.11985241050967568
0.025421937673745787
-0.04406067539807243
0.0084726011175012
-0.08671564876971657
0.03813371841618926
0.25074949521703593
-0.0036420970137793773
-0.08322542342859893
-0.11542786507509731
0.0014819648075431735
-0.0020391882780931014
0.12367003269250594
0.06139033671166594
0.009759615155384635
0.010752609253386475
0.0626503353770558
0.15587531471368557
-0.029398864929702895
-0.09380672777615706
0.10048932740283315
-0.16728073428711332
-0.012161309397511672
0.13799468694711692
0.19214469815552715
0.17144289738788718
-0.09763818268600187
-0.07382605762292883
0.02263063230179052
3.885780586188048e-16
0.09763818268600005
-0.0738260576229301
0.19214469815552687
-0.17144289738788804
0.012161309397510728
0.137994686947116
0.10048932740283402
0.16728073428711315
0.029398864929703422
-0.0938067277761564
0.06265033537705691
-0.15587531471368654
-0.00975961515538494
0.01075260925338467
0.12367003269250684
-0.061390336711666695
-0.0014819648075421882
-0.0020391882780920745
-0.08322542342859837
0.11542786507509774
-0.2507494952170378
-0.003642097013779072
-0.08671564876971724
-0.03813371841618904
0.04406067539807267
0.008472601117500922
-0.11985241050967554
-0.025421937673745454
-0.15038032294577564
0.23543579520297642
-0.2570130944233192
-0.30330908173708393
-0.07209842080298466
0.13406470823218286
-0.017061035585540008
0.01595098865423966
0.09433291957106323
0.012487542020701639
-0.15479407867906098
-0.18700447658169328
-0.13248098624810564
-0.0635622704380783
0.03162930753770288
-0.06592735680410246
0.14810229494121424
-0.09037657094516803
-0.08296970208353521
-0.006916703717472716
0.021940319146830534
0.05275375931960516
-0.07309363535751218
-0.05064552774738704
0.19149610108648646
-0.02436694639259307
-0.16332390654093837
-0.004861455509539092
0.10738736498213586
-0.02752687133394216
-0.1406900020293793
-0.0565387553662039
-0.08505868843964198
-0.028082571943182755
-0.005992959870597392
-9.367506770274758e-16
0.08505868843964146
-0.02808257194318292
-0.14069000202938026
0.05653875536620431
-0.1073873649821366
-0.027526871333942493
-0.16332390654093892
0.004861455509539647
-0.19149610108648674
-0.024366946392593986
-0.07309363535751184
0.050645527747385524
-0.021940319146830978
0.05275375931960627
-0.08296970208353505
0.006916703717472772
-0.14810229494121485
-0.09037657094516735
0.03162930753770385
0.06592735680410183
0.13248098624810584
-0.06356227043807983
-0.1547940786790601
0.18700447658169336
-0.0943329195710626
0.012487542020703318
-0.017061035585540896
-0.015950988654239218
0.07209842080298581
0.1340647082321838
-0.2570130944233202
0.30330908173708365
-0.27441443819246636
0.061213836191221796
-0.009623503004751198
0.18576052151534161
-0.060198911644496755
0.1139417546401347
-0.058016855348836896
-0.01324258902422093
-0.12888468318579988
0.0651692760060757
-0.0718524351100363
0.03216080109901104
0.14794675493116705
-0.004953868582172963
-0.11320275493892015
-0.028946473980769785
0.06017363867697617
0.05765799104478159
0.014696402556005655
-0.21723205359757147
0.055294468838246
0.07285693186044509
0.011651166631842153
-0.07130140634626125
0.04901777134960035
0.2020519542527038
-0.09934568711837495
0.013634413379611007
-0.1902553509152922
0.15542084320110183
0.009306408959476486
-0.0712578272608223
0.1928467359304236
0.14211218961713348
-0.11548657807993279
1.1102230246251565e-16
-0.1928467359304239
0.14211218961713457
0.00930640895947607
0.07125782726082336
0.19025535091529158
0.1554208432011024
-0.09934568711837477
-0.013634413379610744
-0.04901777134959953
0.20205195425270275
0.011651166631842444
0.07130140634626203
-0.05529446883824567
0.07285693186044542
0.01469640255600592
0.21723205359757225
-0.06017363867697545
0.05765799104478132
-0.11320275493892046
0.02894647398076801
-0.14794675493116693
-0.004953868582173157
-0.07185243511003733
-0.032160801099009484
0.1288846831857991
0.06516927600607536
-0.05801685534883533
0.01324258902422118
0.060198911644494923
0.11394175464013556
-0.009623503004750789
-0.18576052151534142
0.2744144381924679
0.06121383619122173
0.13985602803698366
0.36342361952087354
0.03208286795485926
0.07320299357504306
-0.1000798612626779
-0.10479979210706108
-0.05479043208695267
0.034878114787270154
-0.06431137001614823
0.021091201525706038
0.0867555949933402
-0.024838970516194797
-0.08785571815195607
-0.10479057298157698
-0.05527356803217787
0.0038118922776154973
0.0053198596147696064
-0.10456252153332612
0.03933644547751386
-0.08890277305583219
0.03724442483238816
-0.05296838647133692
0.0447378104264033
0.0626414891446167
0.0006289240804486784
0.06312351495189744
-0.1329890046833061
-0.012635895088068037
0.08546534180288512
-0.0448488976764414
0.10674193683576427
0.02491228331942741
0.04156883186404889
0.06546362922122761
-0.017990182407137817
0.0779338166835073
0.22108666765733004
1.6653345369377348e-16
0.01799018240713951
0.07793381668350906
0.041568831864049305
-0.06546362922122811
-0.10674193683576422
0.024912283319427582
0.08546534180288595
0.044848897676440735
0.1329890046833056
-0.012635895088067353
0.0006289240804477902
-0.06312351495189719
-0.044737810426402805
0.06264148914461809
0.037244424832387074
0.05296838647133628
-0.03933644547751364
-0.08890277305583158
0.0053198596147699395
0.10456252153332725
0.05527356803217742
0.003811892277615414
-0.08785571815195552
0.1047905729815764
-0.08675559499333932
-0.024838970516194284
-0.06431137001614926
-0.021091201525705427
0.05479043208695317
0.03487811478726949
-0.10007986126267851
0.10479979210706131
-0.03208286795485908
0.07320299357504251
0.13985602803698416
-0.3634236195208739
