48.24250744326079
-3.858268432325583e-15
4.758196959387298
-5.260111186049646
0.31379349520139943
6.945882108621828e-16
-4.758196959387279
-5.260111186049643
-6.550023063616579
-3.0664776291767484
-0.7543827733995374
1.1468401890230921
6.743385061282978
6.197511842955705e-15
0.754382773399527
1.1468401890230873
-6.550023063616592
3.0664776291767732
-1.286600672608722
3.8859375253978956
1.5539056536139717
1.3244761113840564
0.8593864962437702
-0.44599192086441614
0.9518931355568405
-2.478005184058494e-15
-0.8593864962437822
-0.4459919208644171
1.553905653613965
-1.3244761113840582
1.2866006726087065
3.88593752539789
-0.14041838733966355
0.5823336888519182
1.2231656416248278
0.2337746087762733
-0.625655121642672
-0.5281974871836869
0.08387832134607742
-0.4910659608537615
0.7610093063302235
-2.475625122126368e-15
-0.08387832134606818
-0.49106596085377024
-0.6256551216426731
0.5281974871836861
-1.2231656416248287
0.2337746087762737
-0.14041838733966616
-0.5823336888519188
-0.5152515814259413
-2.193915104696101
0.5690519529628113
-0.1150164865223809
0.053949502321441356
0.06296983985281682
1.2851080035086515
-0.07928607915998108
0.03447875612021956
0.08328155608225805
0.26476629766490845
-1.0510334163125058e-15
-0.0344787561202199
0.08328155608226255
1.2851080035086548
0.07928607915997611
-0.05394950232144141
0.06296983985281313
0.5690519529628126
0.115016486522382
0.5152515814259371
-2.193915104696096
-1.8579327650004855
0.34543036508350056
0.5265157335063325
-0.08903512287735446
-0.07989801509652661
-0.14804414681985684
0.37158753699083186
-0.31675478366179494
0.4339612935876645
-0.0027509541266581283
0.02888883345526483
-0.9053144001546436
0.6631382492892338
1.3322676295501878e-15
-0.028888833455262927
-0.905314400154642
0.4339612935876588
0.002750954126657379
-0.37158753699082825
-0.316754783661796
-0.07989801509652389
0.14804414681985567
-0.52651573350633
-0.08903512287735366
-1.8579327650004882
-0.3454303650834971
-0.02955535405187748
0.6230875392985364
0.14597060826085695
-0.4516623432553034
-0.07645547362346561
-0.6794646148519122
-0.2144610447663853
-0.03629817171927405
0.08267175276416298
-1.0936084125202994
0.458645667061523
-0.18322712710307093
-0.48951372457444675
-0.023454071394477832
0.4387115041501372
-1.942890293094024e-16
0.4895137245744481
-0.02345407139447963
0.4586456670615236
0.1832271271030739
-0.08267175276416494
-1.093608412520297
-0.21446104476638544
0.036298171719274686
0.07645547362346439
-0.6794646148519141
0.14597060826085695
0.45166234325530114
0.029555354051876703
0.6230875392985358
0.7215082300208442
-0.16852449397437722
-0.3471517892144107
0.026891907716850016
-0.510255902601762
-0.0005983793344095378
0.19228766878764986
0.38395213990432725
-0.4411294469826139
-0.28508563092743466
0.17384475381118883
-0.03505009008812578
0.1516215348134483
0.4885959028551099
-0.004281841262297081
-0.3161467556561222
-0.1399855806778203
-6.661338147750939e-16
0.00428184126229561
-0.3161467556561252
0.15162153481344975
-0.48859590285510873
-0.17384475381118802
-0.03505009008812507
-0.4411294469826159
0.28508563092743555
-0.1922876687876508
0.38395213990432486
-0.510255902601759
0.0005983793344097044
0.34715178921441314
0.02689190771684956
0.7215082300208491
0.16852449397438007
-0.01026811522809129
-0.3657737797043634
0.060494448898419484
0.28538887160622667
0.045688188178746425
0.21836763287565314
0.130049390205755
0.009878308475774172
-0.3332403410255882
0.2554532295715409
0.1378148864049851
-0.13459294740330022
0.460909866882881
0.030690621627547682
0.22042388903404064
-0.03911930953144194
-0.30903849717388276
-0.2361784687752354
0.06319990867888847
1.1379786002407855e-15
0.3090384971738823
-0.2361784687752353
0.2204238890340381
0.039119309531440105
-0.4609098668828782
0.03069062162754574
0.13781488640498557
0.13459294740330008
0.33324034102558886
0.25545322957154104
0.1300493902057549
-0.009878308475774339
-0.04568818817874637
0.21836763287565347
0.06049444889841993
-0.28538887160622517
0.010268115228087127
-0.3657737797043582
-0.2969671152246765
0.01119218407310929
0.056649112571569404
0.29980414944026507
0.20942216324548535
-0.06303114395922921
-0.08045753564737013
-0.026525469179053143
0.19705699908847088
0.26374070501332864
0.18129652252456468
0.28666670097682384
0.07577587609154313
-0.08956609541568916
-0.05891633106427577
-0.02739978082602257
0.22529085533029836
-0.19651759732378093
0.0014118125080841981
0.36604492366852825
-0.8559352356537173
9.43689570931383e-16
-0.0014118125080815613
0.36604492366852714
0.22529085533029783
0.19651759732377966
0.05891633106427527
-0.02739978082602404
0.07577587609154313
0.08956609541568997
-0.18129652252456194
0.28666670097682323
0.1970569990884718
-0.26374070501332775
0.08045753564736902
-0.026525469179051492
0.2094221632454838
0.06303114395922817
-0.05664911257157029
0.29980414944026534
-0.296967115224681
-0.011192184073109956
0.0249032153054074
-0.05714682000686366
0.40226036737367066
0.2420803873974033
-0.011924352718701098
-0.11330235146724088
-0.02978237893814728
0.12905287930510512
0.33333067765423785
0.08997467315436913
-0.006792408347748191
0.022666210633297657
-0.07175749565337824
-0.08105227771444354
0.16264219147834552
-0.05045180429153512
7.826818990175344e-05
0.3061581103558826
0.0011051135795773215
0.011422371665805307
-0.2532760367784
0.13752427208019508
-0.021105607747930633
-3.0531133177191805e-16
0.25327603677839966
0.13752427208019619
0.0011051135795792089
-0.011422371665802629
-7.826818990280815e-05
0.30615811035588214
0.16264219147834386
0.05045180429153445
0.07175749565337769
-0.08105227771444512
-0.006792408347747487
-0.02266621063329774
-0.33333067765423846
0.08997467315437024
-0.029782378938147613
-0.12905287930510445
0.01192435271870236
-0.11330235146724277
0.4022603673736696
-0.24208038739740506
-0.02490321530540829
-0.05714682000686466
-0.5166696006599658
0.07376263304975372
0.2619281717627636
-0.0876639643116747
-0.004260750686050502
0.02838230123230978
0.014589441299867306
0.2226019721443464
-0.1739651165843928
-0.06825831304615954
-0.09078966453817516
0.06671960847892516
0.15715408284858823
-0.13849350541140049
0.1708074767606778
0.23071778353603378
-0.09920365226830376
0.1814812124040267
-0.1074971734562351
0.02578072364200601
0.19133103592341066
-0.031466633633715456
-0.12752889303653667
0.31389855148925255
0.14672359503834875
-1.2490009027033011e-15
0.12752889303653525
0.3138985514892525
0.19133103592341189
0.031466633633715824
0.10749717345623555
0.025780723642007605
-0.09920365226830415
-0.1814812124040282
-0.17080747676067842
0.23071778353603398
0.15715408284858795
0.13849350541139877
0.090789664538174
0.06671960847892378
-0.1739651165843933
0.06825831304615848
-0.014589441299868028
0.22260197214434835
-0.004260750686048781
-0.028382301232310878
-0.2619281717627634
-0.08766396431167442
-0.516669600659962
-0.07376263304975364
-0.24883257856153462
0.1718801686873701
0.13336011808632406
-0.0951392431011982
0.15068176816616774
-0.19759166654056332
0.17097428883197197
0.17521472765403595
-0.14167882670136211
-0.02647960679629735
0.02803685165363501
0.10810892537269973
0.05064584944263588
0.08449010152215664
-0.10038640511288738
-0.020960199056245785
-0.06494050700295592
0.04095794339015363
-0.09821467727814562
-0.04852820984770623
0.036440548747129764
0.26151817079822626
-0.2159828836710841
0.206258374382855
0.08206560121222235
0.12084100161967759
0.11872045625409516
3.0531133177191805e-16
-0.08206560121222134
0.12084100161967837
-0.21598288367108637
-0.2062583743828569
-0.036440548747129195
0.26151817079822715
-0.09821467727814509
0.048528209847705644
0.06494050700295545
0.040957943390154516
-0.10038640511288902
0.020960199056245188
-0.050645849442634686
0.08449010152215572
0.02803685165363401
-0.10810892537270116
0.14167882670136223
-0.026479606796299408
0.17097428883197083
-0.17521472765403456
-0.15068176816616816
-0.19759166654056426
0.1333601180863221
0.0951392431011982
0.24883257856153718
0.17188016868736933
0.09208755083273173
0.351345864102629
0.003983306494041411
-0.005595394875864246
-0.26707942293104503
-0.18455612958270862
0.11667645910582375
0.00833366900627494
-0.07966484480351621
0.03922186937769505
-0.011282560008660777
0.0600273457287112
-0.21750091575936337
0.1485041742182156
-0.09591976363115523
0.24331979081730756
-0.002188644667088735
-0.0006935968956379643
-0.00788215728711239
0.17901225800108655
-0.0625117436719228
0.020995125280372617
-0.0005348857308473398
0.2895160129698233
0.03257668893610083
0.024009018668780566
0.24454880781010904
0.10948985353752905
-0.016051572348665166
-1.3877787807814457e-16
-0.24454880781010974
0.10948985353752994
0.032576688936101814
-0.024009018668779636
0.0005348857308474786
0.28951601296982316
-0.06251174367192219
-0.02099512528037155
0.00788215728711339
0.1790122580010867
-0.002188644667088971
0.0006935968956389704
0.09591976363115604
0.2433197908173076
-0.21750091575936453
-0.14850417421821466
0.011282560008658987
0.060027345728710824
-0.07966484480351727
-0.03922186937769444
-0.11667645910582508
0.0083336690062768
-0.2670794229310439
0.18455612958270778
-0.003983306494040828
-0.005595394875863843
0.09208755083273074
-0.3513458641026298
0.05934292995798683
-0.3936118546147852
0.1144633837980304
-0.0008003185543684066
-0.17947061038576004
0.00830546204912519
-0.006985717059043023
0.020782955545201362
-0.01982323599823199
-0.15627594355938368
0.04887549943895318
0.0824242391374993
-0.01596200108287396
0.10283507645932291
0.0716132392582315
0.16509883485341484
-0.04410265411370917
0.17867838711192305
0.003063335674566181
0.03879856698446227
0.05002093864597296
0.24236151127578598
0.09468826715469927
0.03508263076839585
-0.10011287157621263
0.13729933963273377
-0.0372249666463992
-0.09750513099972424
0.06703660860838767
0.35605772604657515
-0.010790298884627236
-7.424616477180734e-16
-0.06703660860838867
0.3560577260465745
-0.037224966646398516
0.09750513099972596
0.1001128715762104
0.13729933963273366
0.09468826715469861
-0.035082630768395434
-0.05002093864597268
0.24236151127578506
0.003063335674564127
-0.0387985669844626
0.044102654113709644
0.1786783871119227
0.07161323925823104
-0.16509883485341648
0.015962001082873878
0.10283507645932383
0.04887549943895323
-0.08242423913750081
0.019823235998230104
-0.15627594355938318
-0.0069857170590422735
-0.020782955545199766
0.1794706103857604
0.008305462049122275
0.1144633837980299
0.0008003185543694613
-0.05934292995798686
-0.3936118546147841
-0.4687636747980792
-0.027053733368151534
0.013812717043816626
0.03251402386114301
0.08823645750314793
0.1574670865569285
-0.002295982165979482
0.02013771594094127
-0.23596725508339783
-0.12475642822721333
0.013726525212377272
0.005526977654646201
0.04600365674056894
0.09266986313759165
-0.012646975359901086
0.020296307857796847
-0.03759518988861474
0.18963204023277525
0.07913780330060227
0.10845841803272209
-0.0064852245788024065
-0.005419251084603338
0.05943950557221411
0.009965500136096539
-0.06386648450493226
0.05052403309906052
-0.12062482368963692
0.0663726695282334
0.034743137493014276
0.03204532235069199
0.061318415219044006
0.20793029371358443
-0.11638867602560618
1.1102230246251565e-16
-0.06131841521904402
0.20793029371358443
0.03474313749301272
-0.032045322350692546
0.12062482368963692
0.06637266952823422
-0.0638664845049316
-0.050524033099061234
-0.05943950557221356
0.009965500136095727
-0.006485224578803628
0.005419251084603269
-0.07913780330060255
0.10845841803272299
-0.03759518988861377
-0.18963204023277466
0.012646975359901447
0.020296307857796902
0.04600365674056822
-0.09266986313759071
-0.013726525212377438
0.005526977654646464
-0.23596725508339877
0.12475642822721311
0.002295982165979482
0.020137715940941214
0.08823645750314843
-0.15746708655693012
-0.013812717043815148
0.032514023861143965
-0.4687636747980779
0.027053733368151138
-0.30607315624342846
0.33781850960470017
0.2106180102281928
0.015213559525588893
0.08567346626736574
-0.33718777084535817
0.01772828625646354
-0.06559288663022989
-0.08562667832543819
0.1417604226935582
0.0451565811405156
0.1335591030543869
-0.08589170395808086
-0.20085692222521132
-0.04098900542999703
0.10525866267502279
0.12775261372964247
0.0005684630956411807
0.045317461602901815
0.009039204261703668
-0.11142043148971148
0.11927684669861632
-0.030372224278813198
-0.023693907833966257
0.11460336163839249
0.22706596161166642
0.004338806117976879
0.003355662196398823
-0.07062482244817012
0.14608007838206982
-0.002009892961010562
0.009332915755807303
0.040254307500901865
0.1337608398012196
0.05276081836407431
3.191891195797325e-16
-0.04025430750090124
0.13376083980121953
-0.0020098929610105343
-0.009332915755807414
0.07062482244817136
0.14608007838206943
0.004338806117976879
-0.003355662196398518
-0.11460336163839353
0.22706596161166648
-0.030372224278812643
0.02369390783396566
0.11142043148971151
0.11927684669861668
0.045317461602903175
-0.009039204261702988
-0.12775261372964125
0.0005684630956418468
-0.04098900542999806
-0.10525866267502351
0.08589170395808005
-0.2008569222252109
0.04515658114051632
-0.13355910305438667
0.0856266783254371
0.14176042269355954
0.01772828625646322
0.06559288663023
-0.08567346626736744
-0.33718777084535956
0.21061801022819124
-0.01521355952558856
0.3060731562434272
0.3378185096046999
0.2145263854135393
0.4684253384483419
0.11865915734946232
-0.0830485048624521
-0.39606183985290283
-0.09229218785119031
0.0020454519013712487
0.21173005032290743
0.10551985697878544
-0.050460478944500356
-0.01830565489486219
-0.06422722523737082
0.00015847814275461725
-0.11034934874398394
0.09405562530005063
0.11748588443510036
-0.09925797838293848
0.05564073615441386
-0.10427132875665748
-0.031034195263423714
0.030371541203935704
0.08103104486826204
0.009374879671556369
-0.06136173228014585
-0.031824856416126035
0.1077150942436938
0.01367483917931403
0.003911916852424924
0.10029234117409427
-0.007172000411982626
0.01178719714386589
-0.022142394564591883
-0.10437898557830044
0.02206643119131707
0.06394289889386995
-0.17350804625806998
0.11099819446065817
7.840950111415168e-16
-0.06394289889386962
-0.17350804625806993
-0.10437898557830029
-0.022066431191317404
-0.011787197143866002
-0.022142394564591994
0.10029234117409332
0.007172000411982904
-0.013674839179314752
0.003911916852426173
-0.03182485641612626
-0.10771509424369381
-0.009374879671556147
-0.0613617322801458
0.03037154120393623
-0.08103104486826182
0.10427132875665787
-0.03103419526342195
-0.09925797838293884
-0.055640736154413784
-0.09405562530005102
0.11748588443509994
0.0001584781427540899
0.11034934874398422
0.01830565489486219
-0.06422722523737154
0.10551985697878567
0.050460478944499676
-0.002045451901371814
0.2117300503229068
-0.39606183985290316
0.0922921878511887
-0.11865915734946218
-0.08304850486245191
0.21452638541353874
-0.46842533844834233
