50.346681384091845
3.1420836619802772e-15
5.069581643127469
1.3999370964843751
-5.853196531502848
-2.1343215823925532e-15
-5.069581643127474
1.3999370964843854
-1.1126733852152069
1.0605858582791943
-0.12125274287693229
1.116558796067569
-8.039392867869827
-2.0452287474873594e-15
0.12125274287694633
1.1165587960675685
-1.1126733852152106
-1.060585858279182
1.2274487463817785
-0.6780861831875648
0.5102545349675143
-0.030615604180216686
-2.9343140622567536
-3.413395102862316
-0.84787306534852
-8.675302647624393e-16
2.934314062256765
-3.4133951028623173
0.5102545349675209
0.03061560418022211
-1.227448746381774
-0.6780861831875632
-1.6216293404960866
0.005777866240702413
-0.3551298217868457
0.3971804690851692
-0.31336793863172346
-0.3193902061545582
0.15388648027690155
0.9401687427806601
1.567601271496665
-6.222311058692812e-16
-0.15388648027689378
0.9401687427806539
-0.3133679386317167
0.31939020615455704
0.35512982178684427
0.3971804690851678
-1.6216293404960829
-0.00577786624070074
-1.2189566303570496
-0.181134037930355
0.23049396902606206
0.09024687683746398
-0.13979852318213604
0.4676779409238757
0.1502966302326988
-0.021845425949490377
1.1146051959886158
0.6156720106132786
0.5171404312536871
-1.8807790374425255e-15
-1.1146051959886085
0.6156720106132776
0.15029663023269646
0.021845425949488306
0.13979852318213487
0.4676779409238753
0.23049396902606023
-0.09024687683746588
1.21895663035705
-0.18113403793035704
0.10638107309393016
-0.6685165062634759
-0.11763349909105231
-0.12356868601303328
0.055679505992022454
0.09718726146081856
-0.040238678819366325
-0.28276750123934324
0.6506495553562006
-0.08672442847591817
-0.18240058408946425
-0.3444324624288468
1.4550456420310378
2.7755575615628914e-16
0.18240058408946358
-0.3444324624288493
0.6506495553562015
0.08672442847591909
0.04023867881936505
-0.28276750123934313
0.05567950599202057
-0.09718726146081944
0.11763349909105483
-0.12356868601303461
0.10638107309392719
0.6685165062634777
-0.31885136758983956
0.1888288976001331
-0.1405706535348954
0.20687358798174593
0.5670344573456763
0.5124176468700095
0.0925431695831559
-0.12105347385357149
-0.1627739994777886
0.16316905492382683
-0.5210774184001004
0.19594657530049991
0.2501371948533597
0.7323891433871552
-0.9459171748019821
-6.661338147750939e-16
-0.2501371948533584
0.7323891433871558
-0.5210774184001009
-0.19594657530050014
0.16277399947779164
0.16316905492382477
0.09254316958315317
0.12105347385356874
-0.5670344573456758
0.5124176468700083
-0.1405706535348965
-0.20687358798174557
0.318851367589839
0.18882889760013188
-0.038711787127634456
0.18386834917893924
0.02085000794263175
-0.06389106908012249
0.22693412059303686
0.053651032265539994
-0.2013851827434646
-0.4187888669237525
0.16833332719400645
-0.10238624686506648
0.26520911614457904
-0.2525766019764007
0.6111677802016129
-0.009898893331663466
-0.13444823968231837
-0.4358033354231656
-0.8702066640508298
-2.7755575615628914e-16
0.1344482396823168
-0.4358033354231674
0.6111677802016138
0.009898893331663189
-0.2652091161445786
-0.25257660197640047
0.16833332719400612
0.1023862468650648
0.2013851827434643
-0.4187888669237515
0.2269341205930363
-0.05365103226553969
-0.020850007942632726
-0.06389106908012285
-0.038711787127635955
-0.18386834917894074
0.3439130629195579
-0.0026352874248030955
-0.1036667322610685
-0.005389891605988684
-0.03342449649550294
-0.007905991722687494
-0.13272042914316695
0.023440593054488056
0.017183131563222126
0.17816245856124227
-0.22455112748364317
0.1243963826921547
0.20893470227228683
-0.02777105061461005
-0.6390748491986274
-0.040013151852006934
-0.8398894975455129
-0.2988781016101254
0.060524334985054384
5.551115123125783e-17
0.8398894975455128
-0.2988781016101266
-0.6390748491986268
0.04001315185200616
-0.2089347022722869
-0.027771050614608606
-0.22455112748364353
-0.12439638269215414
-0.017183131563221044
0.17816245856124124
-0.13272042914316776
-0.023440593054486758
0.03342449649550219
-0.007905991722687744
-0.10366673226106832
0.0053898916059893776
-0.3439130629195589
-0.002635287424804733
0.04854946323878312
0.3759131275896428
-0.059006725744316035
-0.00588395035399189
0.01042988923582136
-0.09599599053353314
0.11032024822168954
-0.06423506031676879
0.07241209870018656
-0.10118469220833406
0.022402613097125088
-0.06891984144802749
0.20375778311762668
-0.053846895635000946
-0.22157202056960823
0.0905592374515698
0.2472712462515673
0.008453034377187585
0.4537686831726129
0.15831999557095838
0.8283260433606252
9.645062526431047e-16
-0.4537686831726148
0.15831999557095766
0.24727124625156716
-0.008453034377187939
0.22157202056960845
0.09055923745156957
0.20375778311762524
0.05384689563500081
-0.022402613097125233
-0.0689198414480276
0.072412098700186
0.10118469220833402
-0.11032024822168993
-0.06423506031676929
0.010429889235821943
0.09599599053353265
0.05900672574431606
-0.005883950353991821
0.048549463238781954
-0.37591312758964324
0.014525860730077222
0.13146027845471592
-0.03262271210505485
-0.11040880694828156
-0.17489686868223756
-0.07130268660450204
-0.01822894225508978
0.07362121658958129
0.13306262954362752
-0.06807434837462216
-0.11175298598222233
-0.04026421415829695
-0.2710225002379695
0.1682946681226587
-0.24256621543197346
0.10136276785260945
-0.06439137526995797
0.23452426900008308
-0.16091388276862156
-0.13080875043627935
0.5603300028147183
0.4420565133166475
-0.12972865396712993
-3.434752482434078e-16
-0.5603300028147198
0.44205651331664825
-0.160913882768623
0.1308087504362787
0.06439137526995882
0.23452426900008413
-0.24256621543197288
-0.10136276785261022
0.2710225002379676
0.16829466812265845
-0.11175298598222318
0.040264214158298145
-0.1330626295436278
-0.06807434837462323
-0.01822894225508999
-0.07362121658958193
0.1748968686822365
-0.07130268660450072
-0.03262271210505435
0.11040880694828228
-0.014525860730079429
0.13146027845471545
0.08987723954634921
-0.1601601095994844
-0.010343272282446594
-0.038348233015929045
-0.09673729339285131
-0.05958297721528601
0.07459433402696325
0.06013801833822818
0.08227549345986043
-0.09992455970089237
-0.09726529897506161
-0.012052644872767082
-0.0034466460650564024
0.008596866311277675
0.20866241293509208
-0.0788562155354633
0.25708177718108904
-0.10019449879979594
-0.06918255880352892
-0.20544885174820102
0.1751245866674491
0.1716045057744007
-0.1904412352677768
-0.2527835430299596
-0.2976039779952604
1.942890293094024e-16
0.1904412352677754
-0.25278354302996003
0.1751245866674489
-0.171604505774402
0.06918255880352947
-0.20544885174820043
0.2570817771810907
0.10019449879979542
-0.2086624129350926
-0.07885621553546245
-0.0034466460650561526
-0.008596866311276471
0.09726529897506078
-0.012052644872766957
0.08227549345986149
0.09992455970089209
-0.07459433402696278
0.060138018338228114
-0.09673729339285164
0.05958297721528635
0.010343272282446261
-0.03834823301592928
0.08987723954634798
0.16016010959948462
-0.06416330327105713
0.02304098624073414
-0.008008544522803834
0.018927069479876768
0.02293649950726026
-0.05369913990716621
0.03345040834759749
-0.03247168930021839
-0.06594290352201776
0.04856749117376963
0.022242150750393416
0.0710842412162872
-0.03758608817645129
0.1957303546159992
-0.009054698859017885
0.010709922208546718
0.2079370154517433
0.17773083624453345
-0.13513591143582349
0.0017858164084502137
-0.02906787566183594
0.2726132230410903
-0.03813013927798059
-0.008291490609613705
-0.1495821978490522
0.07672105796995193
-0.052734447956639674
-3.3306690738754696e-16
0.14958219784905213
0.07672105796995204
-0.03813013927798098
0.00829149060961476
0.02906787566183633
0.2726132230410908
-0.1351359114358229
-0.0017858164084501582
-0.20793701545174165
0.17773083624453412
-0.009054698859016497
-0.010709922208546996
0.03758608817645043
0.19573035461599794
0.02224215075039207
-0.07108424121628716
0.06594290352201657
0.04856749117377006
0.03345040834759738
0.032471689300218244
-0.022936499507260844
-0.05369913990716649
-0.008008544522803168
-0.018927069479876393
0.06416330327105707
0.023040986240734362
-0.07227880276172885
-0.13522276670132097
-0.008324621757524048
0.002406031606314807
0.02485301047559299
-0.019115217648294193
-0.014102781551489696
-0.03568373452423468
-0.01649751709534815
-0.020593595393021802
0.1158534067012979
-0.0328813434277818
-0.04586454785089261
-0.006107905901730659
-0.026786966548555752
-0.17160832415823984
0.10508422084488893
0.05866907976661434
-0.10949978388043624
-0.27075583908789913
0.046939296491316534
0.04214419394815533
0.18112989161215776
-0.26442976975299604
-0.15532707881358387
-0.1101269582598168
-0.13891981628150168
-0.24644947994656982
0.05262097924244212
-1.3877787807814457e-17
0.138919816281502
-0.24644947994656893
-0.15532707881358365
0.11012695825981611
-0.1811298916121581
-0.2644297697529962
0.046939296491316285
-0.042144193948156716
0.10949978388043552
-0.27075583908790024
0.1050842208448901
-0.058669079766613744
0.02678696654855538
-0.17160832415824082
-0.04586454785089253
0.006107905901729854
-0.11585340670129794
-0.032881343427781776
-0.016497517095348038
0.02059359539302197
0.014102781551489849
-0.035683734524233846
0.024853010475592616
0.01911521764829391
0.008324621757523507
0.0024060316063147513
-0.0722788027617283
0.13522276670132038
-0.005409788983207889
-0.2542915564178011
-0.016509720535339945
0.038568832989465174
-0.0110481547370328
0.024127600568369857
-0.01924128674478555
0.020693433212709778
0.007303033548811656
0.046148925291866705
0.061304746057620346
0.06157583605571569
0.10122873461605032
0.04399827352098479
0.05452583888861616
0.03323965103907517
0.0001702174100020326
0.2012867512928439
-0.0981474917572848
0.0124260985293553
-0.10520087245146638
0.1518348304041019
-0.09873714422415286
-0.02396295827805181
0.028292851098816352
0.013807621970560291
0.041014337068197695
0.09002395298399093
0.008045950452679307
0.1270555550733235
-0.051770536139499446
-2.7755575615628914e-16
-0.00804595045267914
0.12705555507332283
0.041014337068198
-0.09002395298399127
-0.02829285109881697
0.013807621970560152
-0.09873714422415297
0.023962958278051255
0.10520087245146639
0.1518348304041015
-0.09814749175728531
-0.01242609852935525
-0.0001702174100021714
0.2012867512928443
0.054525838888616285
-0.03323965103907506
-0.10122873461605009
0.04399827352098386
0.061304746057619305
-0.061575836055715136
-0.007303033548811844
0.04614892529186716
-0.01924128674478552
-0.020693433212709
0.011048154737032467
0.024127600568369614
-0.01650972053534039
-0.038568832989463675
0.005409788983207819
-0.2542915564178011
-0.023160399692932154
0.06277626574621965
-0.01516236213545058
0.03287656779010765
0.014370093719278887
-0.024870592636543565
0.02574665774945415
-0.04855078125031345
0.01988692304548928
0.028225971107649794
0.029940937696539514
-0.04863374101152074
0.006288910223744393
0.004549589572237462
-0.03663489055625767
-0.09649030683796911
-0.011384901149321724
-0.046017840308383934
0.13256795711152383
-0.19774173674852694
-0.05350405898443994
-0.09808254690926932
-0.08649995071758715
-0.07582046794870437
-0.007166839798780883
0.018632379005823083
-0.06498497055744848
-0.057333773874198385
0.027653158355497365
0.020260130840186255
0.1697932764078876
-0.002752624205132309
0.15388913383931263
-4.440892098500626e-16
-0.16979327640788838
-0.0027526242051321426
0.027653158355498572
-0.02026013084018538
0.06498497055744834
-0.057333773874198635
-0.007166839798779939
-0.018632379005823707
0.08649995071758612
-0.07582046794870387
-0.05350405898444019
0.09808254690926976
-0.1325679571115241
-0.19774173674852702
-0.01138490114932117
0.046017840308385745
0.03663489055625743
-0.09649030683796811
0.006288910223744476
-0.004549589572238229
-0.029940937696539854
-0.04863374101152103
0.01988692304548864
-0.028225971107650266
-0.025746657749453866
-0.048550781250312675
0.014370093719278929
0.024870592636543037
0.015162362135450469
0.03287656779010811
-0.02316039969293171
-0.06277626574621856
-0.054185895056771904
-0.0072050469347407775
-0.029184535719259275
-0.03285696560203477
-0.056882803401806736
-0.015762185752369123
-0.039337717313836895
-0.010523841101372222
0.014202971103007944
-0.02001016696409319
0.014602584710140754
0.0043026656645270035
-0.058926683384603426
0.11300289398686927
-0.04730766703840558
0.08917785306169923
0.006591344861332615
0.07969694178404228
-0.014842217459784535
0.00893598628050686
-0.08804203233624319
0.06290264190139105
-0.07240465735890853
0.1350003992033044
-0.013868822567682848
0.09926791582435465
-0.06513974093408065
-0.16449898989293626
-0.033143121617773275
0.20729391818151477
0.13803181287032582
0.04989689450348614
0.13335633786464685
0.20734215928697694
-0.4148046274578916
2.0816681711721685e-17
-0.133356337864647
0.20734215928697722
0.1380318128703272
-0.04989689450348542
0.03314312161777372
0.20729391818151438
-0.06513974093407987
0.1644989898929368
0.013868822567682751
0.09926791582435533
-0.07240465735890873
-0.13500039920330464
0.08804203233624258
0.06290264190139122
-0.014842217459783758
-0.00893598628050496
-0.006591344861333087
0.07969694178404363
-0.04730766703840629
-0.08917785306169877
0.05892668338460366
0.11300289398686969
0.014602584710140212
-0.004302665664527042
-0.014202971103009054
-0.020010166964093412
-0.0393377173138368
0.010523841101371306
0.056882803401807014
-0.015762185752369803
-0.029184535719258053
0.03285696560203431
0.054185895056770766
-0.007205046934741208
-0.006906912385987896
0.0337147710462985
-0.03328089464967582
-0.017615131373530324
-0.00848412497629178
0.03635989430804096
0.0609459222276453
-0.025563799205087723
0.05714348141489446
-0.01525490698119654
0.057230602931017005
0.020555657298124707
0.08218391984828756
-0.00377248417890403
0.08745493767867998
-0.04454716855894181
-0.04122413404784843
-0.1219629271190884
-0.009785382856176333
-0.03506379293565671
0.0026128152596653353
-0.008053548926317267
0.043624587831721184
-0.07379970783918557
0.03983763438930443
-0.015928576804431507
0.06275708355656784
-0.1478398146536994
-0.06550467178351892
0.03142334866034573
0.01836129319581592
-0.08805423926269601
0.06671544688024639
0.05228678764449621
-0.15972529428628407
-0.16917149597279818
-0.40750078730195405
-2.498001805406602e-16
0.1597252942862839
-0.1691714959727979
0.06671544688024694
-0.052286787644495736
-0.018361293195816863
-0.0880542392626964
-0.06550467178351904
-0.03142334866034603
-0.06275708355656738
-0.14783981465369941
0.039837634389304585
0.015928576804430848
-0.043624587831720935
-0.07379970783918563
0.002612815259665724
0.008053548926317294
0.009785382856175862
-0.03506379293565784
-0.04122413404784733
0.1219629271190879
-0.08745493767867993
-0.04454716855894189
0.08218391984828827
0.0037724841789038566
-0.05723060293101756
0.020555657298124537
0.05714348141489334
0.01525490698119623
-0.06094592222764442
-0.02556379920508786
-0.008484124976291738
-0.036359894308041166
0.033280894649675374
-0.017615131373530185
-0.006906912385987618
-0.033714771046298386
