37.32971812555327
5.043860643570303e-15
-1.924379086741963
-0.44291340158912407
-7.3844400820213805
-1.1834139940077267e-15
1.9243790867419568
-0.4429134015891299
-0.9412504120471474
-2.219230462566306
-0.5039993462594637
0.9960493089225566
-3.978852416825366
-5.829877565706158e-15
0.5039993462594538
0.9960493089225582
-0.9412504120471283
2.2192304625663155
-0.8460771197989132
-1.2019601818503751
0.5796282592962032
1.3316709840297127
0.3523998426455711
-1.0997592920995618
0.3095304962140887
-7.626719322000702e-17
-0.35239984264558044
-1.0997592920995594
0.579628259296201
-1.3316709840297094
0.8460771197989061
-1.2019601818503858
-1.770614236606041
-0.6054757899086828
0.5267781462110419
0.5814082639461814
0.10486934125027733
-0.07728264690381352
-0.5397280290253565
0.9533101650235041
-1.3942214361491048
8.214196466312018e-16
0.5397280290253504
0.953310165023499
0.10486934125027186
0.07728264690381484
-0.5267781462110415
0.581408263946184
-1.7706142366060418
0.6054757899086807
-0.251862702310463
-0.5260851011252619
0.3288903416328134
0.4343923344390052
-0.21958709306191815
0.0934568293017446
0.6277560901978654
0.05296299332013967
0.13938590428549993
-0.5132928912855488
1.2022052703628967
9.969401960680166e-17
-0.1393859042855071
-0.5132928912855489
0.6277560901978647
-0.05296299332013856
0.21958709306191493
0.09345682930174834
0.32889034163281206
-0.43439233443900555
0.2518627023104605
-0.5260851011252607
-0.47526185241356944
0.1957620501251652
0.48982354820128676
0.12805277690397093
-0.23174576812611591
-0.11411840276924878
0.5472107851614516
-0.10531041622470583
-0.11376138541800546
-0.3189258567679939
0.46095820887157546
-0.2809534387153764
-0.14840008504826313
9.992007221626409e-16
-0.46095820887157746
-0.28095343871537415
-0.11376138541800279
0.3189258567679933
-0.5472107851614526
-0.10531041622470591
-0.23174576812611564
0.11411840276924817
-0.4898235482012868
0.12805277690396982
-0.4752618524135686
-0.19576205012516595
-0.3379333386520954
0.5692055318417634
0.3416803621363196
0.019003035908423435
-0.14606738092594931
-0.026219885813827365
0.06155661747438358
0.32246007317357334
-0.21822506057352017
0.18177400207752856
0.31227988181949684
0.16124459698279348
-0.3149285251727252
0.4859953556849764
-0.08108090207058116
1.1379786002407855e-15
0.3149285251727248
0.4859953556849757
0.3122798818194987
-0.16124459698279492
0.21822506057351926
0.18177400207753025
0.06155661747438561
-0.3224600731735706
0.14606738092595034
-0.026219885813828198
0.3416803621363201
-0.019003035908423282
0.3379333386520958
0.5692055318417643
0.10494424830650537
0.04127747908012325
0.12827856973561844
-0.17947929530509654
-0.05358190149598094
-0.0412000936025797
0.32958563034325905
0.07936814383861227
-0.1091880160868309
-0.21783458732711602
-0.2604759481081046
-0.4333239388637521
-0.4686582366296563
0.05480962239926451
0.28040726510934366
-0.01191712439180194
-0.3622551090708529
1.4432899320127035e-15
-0.28040726510934494
-0.01191712439180273
-0.4686582366296557
-0.05480962239926479
0.26047594810810404
-0.43332393886375137
-0.10918801608683112
0.21783458732711616
-0.3295856303432596
0.07936814383861215
-0.053581901495981854
0.04120009360258012
-0.12827856973561888
-0.17947929530509638
0.10494424830650392
-0.041277479080122914
-0.5546845523762148
0.48108037815370186
0.010916621035392093
-0.062018352019767346
-0.10959022296625316
0.1585623439163492
0.20860667576970793
-0.07056592375640042
-0.2055367826742342
-0.07182735187452156
-0.16988304306570137
-0.07010089501907671
-0.07692275898448009
0.33116209492314047
0.02801269382132021
-0.09712059398503803
0.23846621143425986
0.02415182411269784
0.15185670848137642
2.130240428499519e-15
-0.23846621143426222
0.02415182411269584
0.028012693821320378
0.09712059398503713
0.07692275898447809
0.3311620949231414
-0.16988304306570107
0.07010089501907676
0.20553678267423436
-0.07182735187452241
0.20860667576970784
0.07056592375639897
0.10959022296625337
0.158562343916349
0.010916621035392288
0.062018352019766396
0.5546845523762167
0.48108037815370064
-0.09917441567827537
0.05261384544805969
0.22493770218932946
-0.21834565898352462
0.030867870195718586
-0.04306749193184344
0.009796320448941187
-0.2005298096061468
-0.1538952963108752
0.039025538184518725
0.2564156864542978
-0.061289056556815616
0.12626865024018197
0.018833679640821388
0.05790857413302643
-0.09575949067576278
-0.10230233872741132
0.21250698671803098
-0.10514028368737033
-0.34105083584743934
0.4023496968029209
3.3306690738754696e-16
0.10514028368736789
-0.34105083584744345
-0.10230233872741108
-0.21250698671803164
-0.05790857413302728
-0.09575949067576035
0.1262686502401834
-0.018833679640822082
-0.25641568645429663
-0.06128905655681721
-0.15389529631087434
-0.0390255381845188
-0.009796320448940743
-0.20052980960614714
0.030867870195717975
0.043067491931843366
-0.22493770218932885
-0.21834565898352526
-0.09917441567827574
-0.05261384544805901
0.03457454380122224
0.08178408585774169
0.053894623273924566
-0.0320944271009827
-0.13325169638308773
0.09426512813670983
0.1659073473587481
-0.004766056954934789
-0.20225880913381517
0.1521143925075743
0.018689426774578098
-0.04492281069814365
-0.07498043729797273
0.12338850030228335
0.06799541779474241
0.15105715084421634
0.006659506625743661
0.12574689146384826
0.23756811832647295
-0.15398095290751626
-0.28168477787308027
0.39267974008610446
0.1811677803488131
-9.71445146547012e-17
0.28168477787307966
0.3926797400861013
0.2375681183264733
0.15398095290751812
-0.006659506625744521
0.12574689146385043
0.06799541779474386
-0.15105715084421661
0.07498043729797266
0.12338850030228221
0.01868942677457755
0.044922810698143543
0.20225880913381514
0.1521143925075754
0.16590734735874735
0.004766056954933207
0.13325169638308737
0.09426512813670904
0.053894623273924365
0.032094427100982856
-0.03457454380122128
0.08178408585774163
-0.07591264658883755
0.19507778796018369
0.040202864579849604
0.011639434329525133
-0.06371171433701352
0.06051580065598551
0.21542958535625567
-0.15588294167849334
-0.10656711275546626
-0.10755733449113336
-0.02171926189797599
0.00831723307992746
-0.11350412476962765
0.027654314255130055
0.1078566412013085
-0.06447488552622782
-0.03468602855278291
-0.045551382105270544
0.11598544648446685
-0.07741920269510588
-0.1784808800823367
-0.23519590408321242
-0.36049809076245587
-0.03258549499671276
-0.6286336217639188
5.551115123125783e-17
0.36049809076245387
-0.03258549499671448
-0.17848088008233748
0.23519590408321256
-0.11598544648446983
-0.0774192026951045
-0.03468602855278361
0.04555138210527038
-0.10785664120130728
-0.06447488552622849
-0.11350412476962793
-0.027654314255129625
0.021719261897974795
0.008317233079928724
-0.10656711275546514
0.1075573344911328
-0.21542958535625617
-0.15588294167849348
-0.06371171433701409
-0.060515800655985885
-0.04020286457984934
0.011639434329524606
-0.07591264658883817
-0.19507778796018377
0.17276996604054806
0.328720816874917
-0.019119001370767053
-0.08494750078521347
-0.03334666789297687
-0.016281805875279998
-0.002172888575220272
-0.0080726408405188
-0.028694686087184118
0.12456616600439621
0.06625377847141102
0.11788264802483303
-0.02096615587447545
0.022454892388208948
0.13646140898626413
-0.043538268139482805
0.06603427057592665
0.1043188640003229
0.08685978245400583
0.06382200093986967
0.1637953043959061
0.049249271241209924
0.06725511633616955
0.18327239409259827
0.07532054433425857
0.059538771156828874
0.10632606338592551
2.7755575615628914e-17
-0.07532054433426161
0.059538771156827444
0.06725511633616968
-0.18327239409259943
-0.16379530439590934
0.049249271241211395
0.08685978245400805
-0.06382200093986873
-0.0660342705759259
0.10431886400032188
0.13646140898626272
0.04353826813948284
0.020966155874474007
0.022454892388209302
0.066253778471411
-0.11788264802483392
0.028694686087184035
0.12456616600439552
-0.0021728885752207994
0.008072640840518813
0.03334666789297727
-0.016281805875279887
-0.019119001370767538
0.08494750078521324
-0.17276996604054753
0.3287208168749169
0.03061993332549856
0.25104143940879503
0.014386728260508741
-0.13508985460468237
0.004852758199009488
0.08020991685880499
0.03374066009304573
-0.14984786592234706
-0.07369268063078968
0.032488760413984435
0.05419380814415495
-0.1297884073471383
-0.07984757417151417
-0.04611144241644792
-0.027885247917639397
-0.047927434331371116
-0.038940289768035985
0.08878375616494985
-0.04207603856223244
-0.10361386847386153
-0.16724078489362088
0.004001174946397734
-0.0021315265607016465
0.0035118238860130657
-0.0917362890770039
0.17423941882223962
-0.04805290029929837
-0.04127769948182436
0.14941357317437493
2.498001805406602e-16
0.0480529002992936
-0.041277699481825636
-0.09173628907700404
-0.17423941882224028
0.0021315265606981215
0.003511823886015425
-0.1672407848936195
-0.004001174946398012
0.04207603856223088
-0.10361386847386335
-0.03894028976803757
-0.08878375616495002
0.027885247917638425
-0.047927434331370644
-0.07984757417151339
0.04611144241644766
-0.054193808144155094
-0.12978840734713773
-0.07369268063078957
-0.03248876041398477
-0.03374066009304595
-0.14984786592234783
0.0048527581990100155
-0.0802099168588059
-0.01438672826050854
-0.13508985460468284
0.030619933325499595
-0.2510414394087952
0.052569399069776535
0.17648546384400143
0.02382501617998168
-0.12473893978038875
0.003911518161647365
0.12146468024371457
0.10145674769669932
-0.03307605005490971
-0.027989797621886692
0.10295806791966783
0.10813222466936956
0.0005133475307418645
-0.06278122454626034
0.11444217673749345
0.08612869588135225
0.06894078015702275
-0.0007090289175522568
-0.005159851820347755
-0.028188382774799188
-0.15049154469626363
0.01543518793396731
0.05326227340432142
0.05525136315131171
0.10447323427728933
-0.04330930504431707
0.1758265453892173
0.06736230933657492
-0.15786080190094903
-0.1711663672860242
0.3001158186449275
0.007603730733496017
4.163336342344337e-17
0.17116636728601925
0.3001158186449268
0.06736230933657489
0.1578608019009492
0.04330930504431407
0.1758265453892191
0.05525136315131285
-0.10447323427728947
-0.01543518793396903
0.05326227340432019
-0.02818838277479896
0.15049154469626397
0.0007090289175505637
-0.005159851820347422
0.08612869588135398
-0.06894078015702268
0.06278122454625931
0.11444217673749296
0.10813222466936907
-0.0005133475307429886
0.02798979762188692
0.10295806791966722
0.10145674769669924
0.03307605005490984
-0.0039115181616476286
0.12146468024371432
0.023825016179981603
0.12473893978038891
-0.05256939906977651
0.176485463844001
0.08679754658426114
0.05165547524655559
0.0364314763597169
-0.031354024309627734
0.005804339717266238
0.09393442775271099
-0.03404762186616905
-0.18026001728432817
-0.16092838493701245
-0.018922563825074235
0.01008127352842339
-0.060275457195694826
-0.0873755387177571
0.04987341928952452
0.13345046132877997
-0.12580464458597876
-0.07896963322736415
-0.0228075476100634
-0.12991962862483009
-0.060398702792233194
-0.12210908131955797
0.1313860108161109
0.23882315396650555
-0.1776651007252943
0.1414853261931337
0.06232085332304377
0.021872228081060652
-0.125443605283382
-0.0902673319601201
-0.16173645183676416
-0.14037390446149559
-0.20042477875698456
-0.08257505321537162
5.48172618408671e-16
0.14037390446149017
-0.20042477875698567
-0.09026733196012002
0.16173645183676397
-0.021872228081064232
-0.12544360528338125
0.14148532619313478
-0.062320853323044365
-0.23882315396650733
-0.17766510072529623
-0.12210908131955797
-0.1313860108161104
0.12991962862482906
-0.06039870279223289
-0.07896963322736197
0.022807547610063164
-0.13345046132878002
-0.12580464458597934
-0.08737553871775769
-0.04987341928952482
-0.010081273528423196
-0.06027545719569352
-0.16092838493701273
0.01892256382507425
0.03404762186616889
-0.18026001728432858
0.0058043397172664185
-0.0939344277527113
-0.036431476359716414
-0.031354024309628054
0.0867975465842612
-0.05165547524655516
0.22435927919138193
0.17484703249253009
-0.06478648253207178
-0.06298437787784804
-0.006232402016610322
0.056462803074219414
0.044322359916817315
-0.11313908081071192
-0.019774652345933348
0.1404610836233788
0.1288154868561659
-0.05344904480589418
-0.08234457887335303
0.0658184814875662
0.037132061271437485
-0.05063996801965551
0.03242497007910685
0.057676533506988675
0.14266352860207648
-0.06109743258846796
-0.17858280320967315
0.09667668102623718
-0.06620564304125079
-0.05860235195922886
-0.04592758606809619
0.25170328941597964
0.14414270666228376
-0.009428536390667819
0.15107994267575123
0.2101213115218437
0.04960679808954835
-0.019939410195936813
-0.3621918435976993
0.34137668352959805
0.1957966636713368
-2.983724378680108e-16
0.3621918435976945
0.3413766835295962
0.04960679808954882
0.019939410195936494
-0.15107994267575497
0.2101213115218446
0.14414270666228582
0.009428536390667965
0.04592758606809322
0.2517032894159775
-0.06620564304125101
0.05860235195922944
0.1785828032096718
0.09667668102623743
0.1426635286020796
0.06109743258846802
-0.03242497007910823
0.05767653350698916
0.03713206127143717
0.050639968019655764
0.08234457887335295
0.06581848148756564
0.12881548685616667
0.05344904480589317
0.019774652345934313
0.1404610836233787
0.04432235991681703
0.11313908081071233
0.006232402016610114
0.05646280307422058
-0.06478648253207167
0.06298437787784829
-0.22435927919138243
0.17484703249253056
0.1000710048840089
-0.014520320754996832
-0.0806385562369021
-0.08354867887260817
0.05097538260173036
0.05203999554994429
-0.050496981046557615
-0.13779455427178983
-0.04126141574674117
0.014715818521316176
0.009794862745939423
-0.15171527436937882
-0.08793062962796666
0.038169971665507174
0.015283320579047466
-0.015235435002803083
-0.008767957060698078
0.014804624461318278
0.08118501781177367
-0.17692961683879888
-0.03270226975168186
0.12062652822802886
-0.11911761961958703
0.024685023479292703
0.06085250627106398
-0.03914585381307295
-0.04847708637690312
-0.09307114621781179
-0.020821701003948895
0.10996274681364897
0.04212930156710552
-0.1761721135074258
0.028805766861339597
0.058728938932879074
-0.4529086233631121
0.11942394232700945
-0.02994440653399686
2.7755575615628914e-17
0.4529086233631089
0.1194239423270087
0.028805766861340155
-0.058728938932879546
-0.04212930156710773
-0.17617211350742507
-0.020821701003948395
-0.10996274681364912
0.048477086376900486
-0.09307114621781284
0.06085250627106407
0.03914585381307399
0.11911761961958674
0.0246850234792935
-0.03270226975168011
-0.12062652822802944
-0.08118501781177456
-0.1769296168387985
-0.00876795706069794
-0.014804624461318291
-0.015283320579047882
-0.015235435002803221
-0.0879306296279666
-0.03816997166550755
-0.009794862745940047
-0.15171527436937846
-0.04126141574674147
-0.014715818521315302
0.050496981046558136
-0.13779455427179021
0.05097538260173025
-0.05203999554994425
0.08063855623690191
-0.08354867887260817
0.10007100488400988
0.01452032075499679
