45.876403914462124
-4.650383461814506e-15
-4.048623828346523
6.756114573010678
0.729781782135376
-6.072463418837529e-16
4.048623828346505
6.756114573010682
0.07636195225752496
-0.706940926421244
0.7798109594731852
1.169628109466331
8.649905562100175
1.170124614215773e-15
-0.7798109594731855
1.1696281094663283
0.07636195225754205
0.7069409264212554
-0.4541175449887949
-1.526384249213858
-0.13412889998858185
-0.8247844412698171
-1.1086447740149294
0.8956062700487052
2.134047243299804
-1.0399871979341156e-15
1.1086447740149366
0.8956062700487081
-0.13412889998858185
0.8247844412698037
0.4541175449887901
-1.526384249213871
-1.1386757959153173
-0.2749409431821288
-0.4484657759834237
0.15099323504541426
0.44460310092323785
0.3783854397717084
-0.039088070149969095
0.3236658215993936
-1.1377438426552104
1.0136913772508602e-15
0.03908807014996779
0.32366582159939417
0.44460310092323607
-0.3783854397717126
0.44846577598341864
0.15099323504541615
-1.138675795915328
0.2749409431821221
0.3468766099836582
-1.0628406390255403
0.23692602060807044
0.34005784528826655
-0.09376667520139573
-0.9720972425691218
-0.13736492918499743
-0.13293500032745534
1.0036070070166918
-0.284806102448916
0.8494197871547663
-3.278959888249704e-17
-1.003607007016693
-0.28480610244892146
-0.13736492918499865
0.13293500032745378
0.09376667520139592
-0.9720972425691231
0.23692602060806917
-0.3400578452882656
-0.3468766099836623
-1.0628406390255434
0.25928966151741323
0.6920859311432522
0.14147884241902614
-0.4497726757800061
-0.7450620246398
-0.4830955245977327
-0.27034348118323653
-0.07718483772562526
0.4137848972855629
-0.18932382564731948
-0.2294252943304288
-0.5171232659606974
-0.5911331352271869
-9.992007221626409e-16
0.22942529433042813
-0.5171232659606979
0.41378489728556406
0.18932382564732037
0.2703434811832372
-0.0771848377256254
-0.7450620246398034
0.48309552459773425
-0.14147884241902614
-0.44977267578000796
0.25928966151741234
-0.6920859311432525
-0.1493205639615537
0.27006514848113045
-0.2579321421129891
0.18291202481602328
-0.011064236088623725
-0.1817154511217564
0.06314284735388931
0.2726675257871844
-0.38832429012593195
-0.35478648343795716
0.1059020356028883
0.641397575159413
0.5339355796201427
-0.5028451988279663
-0.836942930710572
-5.314759049523943e-16
-0.5339355796201428
-0.5028451988279664
0.10590203560288754
-0.6413975751594114
0.3883242901259327
-0.3547864834379557
0.06314284735388867
-0.27266752578718295
0.011064236088625279
-0.18171545112175522
-0.2579321421129901
-0.18291202481602126
0.14932056396155535
0.27006514848113045
-0.1357866618355022
0.1193857060601177
0.16255842636922108
0.048481334875899756
0.39095946501967893
0.2633932678241455
0.2737519669685228
-0.4748732021737863
-0.15267933377237491
-0.1460925877488912
-0.027834106570195777
-0.2886015721046373
-0.0032214461988482324
-0.14816722819121594
0.6604791998181582
-0.19675691837842704
0.3417882629870639
7.771561172376096e-16
-0.6604791998181571
-0.19675691837842757
-0.0032214461988491483
0.14816722819121453
0.027834106570195624
-0.28860157210463777
-0.15267933377237392
0.14609258774889045
-0.273751966968523
-0.47487320217378587
0.39095946501967915
-0.2633932678241464
-0.16255842636922047
0.04848133487589988
-0.13578666183550261
-0.11938570606011624
0.03830734642126435
0.2282865369504759
-0.03426514516296025
-0.07715901422307703
-0.21317339892896797
0.09317473533707475
-0.2960807054444161
0.1656702147276521
-0.12974569965083116
-0.13418822960265508
-0.1084744393075424
-0.17401643224635532
-0.11476708033394606
-0.09800288530665657
0.20800056537396097
0.1550095207521892
-0.32686255446386914
-0.18984370075727702
0.031489598165749616
-6.38378239159465e-16
0.3268625544638689
-0.1898437007572783
0.20800056537396006
-0.1550095207521897
0.11476708033394524
-0.09800288530665603
-0.1084744393075413
0.17401643224635494
0.12974569965083005
-0.13418822960265453
-0.29608070544441567
-0.16567021472765162
0.2131733989289667
0.09317473533707488
-0.03426514516295952
0.07715901422307705
-0.03830734642126225
0.22828653695047502
-0.1209537255401445
-0.3072020517730394
-0.016634165439652612
0.04159994021844664
-0.10283233177973816
0.1610491918032192
0.11906320602884751
0.13332287467276127
0.08234619601476578
0.21430349166315765
0.08160099286277953
-0.018156325301177334
-0.06815587804910364
0.12562878455678556
-0.2958088466515899
-0.1103598820782879
-0.25449226556398696
0.15854323551073268
0.4076162522038639
-0.16122828203153897
-0.37278822580923804
-2.7755575615628914e-17
-0.4076162522038642
-0.16122828203153827
-0.2544922655639866
-0.15854323551073252
0.2958088466515907
-0.11035988207828762
-0.06815587804910368
-0.12562878455678597
-0.08160099286277823
-0.01815632530117773
0.08234619601476648
-0.21430349166315632
-0.11906320602884912
0.1333228746727606
-0.1028323317797381
-0.16104919180321947
0.0166341654396529
0.041599940218445805
-0.12095372554014455
0.30720205177303817
0.2763169751289588
-0.03437930573190326
0.016581398502259287
-0.03684772194107502
0.06344978234621174
0.13686993087866062
0.048365215900445555
-0.07609970453418924
0.03782099884177749
-0.006067519306959507
0.0436826931677638
0.004697281547733828
0.05931137560870811
-0.10540939369163563
0.13808849223024147
-0.16884731746559065
0.25127882012015273
-0.054771903038624295
0.01866960400100759
0.001496766181470724
0.01755249237824741
0.34438115228742
0.4948990338536892
5.551115123125783e-16
-0.017552492378246243
0.3443811522874197
0.018669604001008783
-0.0014967661814709876
-0.2512788201201534
-0.05477190303862388
0.13808849223024114
0.16884731746559034
-0.05931137560870803
-0.10540939369163611
0.043682693167763555
-0.004697281547735133
-0.03782099884177678
-0.0060675193069605615
0.048365215900444666
0.07609970453418918
-0.06344978234621164
0.13686993087865934
0.016581398502258628
0.036847721941074635
-0.2763169751289599
-0.03437930573190201
0.060009710275641996
-0.006703808963229259
-0.03648866138820664
0.039459565275656035
-0.07839476088096703
-0.17935661908595513
-0.05712202223952115
-0.02420278641564244
-0.210311723678611
0.08945829378302605
-0.10542972805526503
0.10685198745038285
-0.27684891409224566
0.07314889045410747
-0.135404970923108
-0.00317559285263469
-0.16748236814300874
-0.06477729692720999
-0.11254936482699673
-0.039294888987328025
-0.23660964281460914
-0.10709747473806105
-0.17542148030050525
-0.07314982112660959
-0.12071781204666315
2.498001805406602e-16
0.17542148030050508
-0.07314982112661034
-0.23660964281461005
0.10709747473806053
0.11254936482699698
-0.03929488898732836
-0.16748236814301015
0.06477729692721032
0.13540497092310763
-0.003175592852634447
-0.2768489140922459
-0.07314889045410777
0.1054297280552643
0.10685198745038324
-0.21031172367861065
-0.089458293783026
0.05712202223952077
-0.024202786415641553
-0.07839476088096643
0.17935661908595607
0.03648866138820576
0.0394595652756554
0.06000971027564199
0.006703808963230029
-0.06022534026633642
0.026110866776029917
0.06672080773348685
-0.012770214974687532
0.2157128787647834
-0.08392178149618523
-0.03056322585832502
-0.023633342200500465
0.09210168279956649
0.21536066700848566
0.11801464990015544
0.03817953159811466
0.16910012858030862
0.03008523491268167
0.07108873426722268
0.08572454745327054
0.07427741869942905
0.1873445133045716
0.0035711875096239853
0.00979580942235947
-0.01408091690267857
0.05341738405551966
-0.06228954271813092
0.06479636980947
0.12767223635272917
0.07201628994859058
-0.12777969309362236
4.163336342344337e-16
-0.1276722363527308
0.0720162899485895
-0.062289542718131446
-0.06479636980946876
0.014080916902678327
0.05341738405551962
0.003571187509623319
-0.009795809422359955
-0.07427741869942944
0.187344513304573
0.07108873426722251
-0.08572454745327046
-0.16910012858030787
0.03008523491268223
0.11801464990015591
-0.0381795315981151
-0.09210168279956696
0.21536066700848663
-0.03056322585832516
0.023633342200500146
-0.21571287876478268
-0.08392178149618437
0.06672080773348739
0.012770214974688115
0.06022534026633776
0.026110866776029223
0.04228879534927882
0.010395639190289463
-0.05455126274692481
-0.03414629435208209
-0.051700380904965273
0.03254673759275382
-0.011499482545241357
0.10527019396323582
0.03168750213825182
-0.17132288464951434
-0.047065267550466555
-0.12684999058687263
-0.1325443120705605
0.025136348696722766
0.021358295857158704
0.004162415453041968
-0.13471437035661615
-0.10408311362414661
0.003258438222137186
-0.06121797789886621
0.10056072834227275
-0.08343741109746092
0.14934701715456672
-0.021026505373154626
-0.1701902145493699
0.05241551470172995
-0.009092968008437091
0.14125099484180673
0.13090624125550332
5.551115123125783e-16
0.00909296800843759
0.1412509948418067
-0.17019021454937028
-0.052415514701730226
-0.14934701715456677
-0.021026505373154817
0.1005607283422742
0.08343741109746078
-0.00325843822213652
-0.061217977898866516
-0.13471437035661626
0.10408311362414682
-0.0213582958571584
0.004162415453042523
-0.13254431207056128
-0.0251363486967221
0.047065267550466736
-0.12684999058687196
0.03168750213825128
0.1713228846495135
0.011499482545241413
0.10527019396323656
-0.05170038090496508
-0.03254673759275506
0.05455126274692515
-0.03414629435208151
0.04228879534927865
-0.010395639190290018
-0.22939093290965515
-0.006149380633274942
-0.006074864797785955
0.04904932408047716
0.03169002818780273
0.06967988614450622
0.1443314344381718
-0.05746079518240238
0.145280664097844
-0.12144255768487813
-0.11363633347368308
0.00506883962713249
0.058582843576754653
0.16426394798192134
-0.06155289706278294
0.013321895452231614
-0.04627838022912176
0.03645770921930369
-0.14299416137694476
0.03575176936806293
-0.018404164690918434
0.08376960841123202
-0.21118679991880338
-0.06487629506668299
-0.0094061654300171
-0.004970409062453135
-0.05776818087743624
-0.16873918555106213
0.03555587783262029
-0.027490882045566323
-0.10194398105324876
1.942890293094024e-16
-0.03555587783262077
-0.02749088204556681
-0.057768180877437375
0.16873918555106124
0.009406165430016239
-0.004970409062451678
-0.21118679991880376
0.06487629506668359
0.018404164690917255
0.08376960841123082
-0.14299416137694493
-0.03575176936806329
0.04627838022912151
0.0364577092193043
-0.061552897062782996
-0.013321895452231558
-0.05858284357675478
0.16426394798192046
-0.11363633347368324
-0.0050688396271322475
-0.1452806640978449
-0.12144255768487786
0.14433143443817203
0.05746079518240291
-0.03169002818780363
0.06967988614450626
-0.0060748647977851115
-0.04904932408047753
0.2293909329096538
-0.006149380633274387
0.03743639352815767
-0.04931327087577887
0.042276980563999686
-0.007331231793670002
0.028190442297738483
-0.0689634366023976
-0.13214404480658246
-0.05282084536522112
-0.07642195056533896
0.055586219461632835
0.06542859430914065
0.1044717497512021
0.05860936704046514
-0.12006685687456758
0.0005885467912072617
0.0015452453609184902
0.06901689010338319
0.08833834785644029
0.13886760802099288
0.0194893917832097
-0.04606051564827368
0.035035604606949294
0.028691856005470754
0.12389952571934318
0.0838751794444012
-0.04688564581945884
-0.09393722470479896
0.0902674478402383
0.01860540850391415
0.12764461131744437
0.026965288268971516
-0.08438329535723801
0.08404952555846781
5.551115123125783e-17
-0.026965288268972543
-0.08438329535723843
0.018605408503914123
-0.1276446113174422
0.09393722470479904
0.09026744784023821
0.08387517944440098
0.04688564581945892
-0.02869185600546964
0.12389952571934305
-0.04606051564827318
-0.0350356046069481
-0.13886760802099296
0.019489391783209936
0.06901689010338354
-0.08833834785644112
-0.0005885467912071785
0.001545245360918046
0.058609367040465654
0.12006685687456695
-0.06542859430914028
0.10447174975120106
-0.07642195056533838
-0.05558621946163225
0.1321440448065821
-0.052820845365221136
0.028190442297737983
0.06896343660239837
-0.042276980563999186
-0.007331231793668628
0.03743639352815667
0.04931327087577972
0.057195949556423875
-0.025422011407579964
-0.02299826745948287
-0.04789496827441633
-0.2520274576379219
-0.011416172816348269
0.0074231803655069595
0.1071739193528055
0.09090578885583266
0.0637814289120136
0.11972975627544832
-0.09844031157444572
-0.009029524487513318
-0.04947198676270491
-0.03304999134033301
-0.019319875180414364
0.07797585275520891
0.03599860110407061
-0.10456952185944174
-0.02068173850714354
-0.12827822950698464
0.025721866368299456
-0.01573211670865532
-0.009519507799178789
0.1388997994816954
0.09231147389899459
0.006674254623166953
-0.00719255426066244
-0.086130973613666
0.02343511739950934
0.008018235253352768
0.11632125441742922
0.22311062943522442
0.1512793641040593
0.022617487094660854
1.942890293094024e-16
-0.22311062943522364
0.15127936410405896
0.008018235253352698
-0.11632125441742994
0.08613097361366606
0.023435117399509237
0.006674254623167425
0.007192554260662468
-0.13889979948169506
0.09231147389899555
-0.01573211670865582
0.009519507799178734
0.1282782295069849
0.025721866368299096
-0.10456952185944256
0.020681738507142992
-0.07797585275520885
0.035998601104071076
-0.03304999134033239
0.01931987518041442
0.009029524487512625
-0.04947198676270459
0.11972975627544832
0.09844031157444666
-0.09090578885583264
0.06378142891201319
0.007423180365507816
-0.10717391935280679
0.25202745763792284
-0.011416172816348977
-0.022998267459483388
0.0478949682744155
-0.05719594955642343
-0.025422011407579326
-0.02114982253435449
0.05122758388002365
-0.026160597376005297
0.02667917707275965
0.016066656485656555
0.013944482209615007
0.051572130286985735
0.02084892519778045
0.03708905734709338
0.00790400325436802
-0.11997566123253532
-0.03651222872968597
0.019333230655707856
-0.00901091927887468
0.07121133102041012
0.008837177165473331
0.08380668520010069
-0.01146902713647166
0.04808932448254949
0.023089291075221674
0.08816828962529105
-0.06031812331606104
-0.053930996460617234
0.02313421662754106
0.0424987990468421
0.1195607671829993
0.12184604875241967
-0.0963210832935799
0.04163889360264772
-0.14501627118502552
-0.08533373002573078
0.02088859744273254
0.1997942372453455
-0.040396401128019566
0.2014076065392307
-0.11501920283775979
0.1386609324363683
-1.3877787807814457e-16
-0.2014076065392311
-0.11501920283775868
0.19979423724534495
0.040396401128019954
0.0853337300257303
0.020888597442733248
0.041638893602647706
0.1450162711850254
-0.12184604875242057
-0.09632108329357941
0.04249879904684223
-0.11956076718299934
0.05393099646061666
0.023134216627541004
0.08816828962529115
0.060318123316061345
-0.04808932448254988
0.023089291075221768
0.08380668520010023
0.011469027136471778
-0.07121133102041045
0.008837177165473276
0.019333230655708772
0.009010919278873986
0.11997566123253464
-0.03651222872968628
0.037089057347092697
-0.007904003254367908
-0.05157213028698665
0.020848925197780893
0.016066656485656985
-0.013944482209613765
0.02616059737600593
0.026679177072759644
-0.0211498225343541
-0.05122758388002427
