49.11466549390147
-1.6063224648548734e-15
-8.50731503295054
7.872882819418013
-6.6927914028397995
4.622151242083652e-15
8.507315032950551
7.872882819418023
-0.6886915898641383
-2.1788662294809913
-1.7474302023527981
0.4024115901880227
-0.40964589821967146
1.5569774397241184e-15
1.747430202352799
0.40241159018802247
-0.688691589864125
2.1788662294809953
0.9811871546625628
1.5252720978304735
-0.047623821188339854
-2.459364803042278
2.405573519566291
-1.574207829245395
0.8303417658542922
-2.9343054425647913e-15
-2.4055735195662855
-1.574207829245396
-0.0476238211883383
2.4593648030422743
-0.9811871546625727
1.5252720978304677
1.375842807573422
0.3024716793801855
-1.5929182607259305
-2.270613400931178
-0.4368392518508877
2.26777913146076
0.46512293727928955
-1.3944039942892874
0.3056172588348043
-5.128105910879726e-15
-0.46512293727928744
-1.3944039942892883
-0.436839251850887
-2.267779131460754
1.5929182607259316
-2.2706134009311807
1.3758428075734175
-0.30247167938018216
-0.137948414330189
0.6138681458299132
-0.19234578914913802
-0.41097573834197154
0.004915292832111326
0.1298597480805727
-0.0516983058404758
-0.10513136090627086
1.005283615887862
0.8621415087546244
-1.1245167101463622
3.153943045518607e-15
-1.00528361588786
0.8621415087546289
-0.05169830584048396
0.10513136090627564
-0.004915292832113782
0.12985974808056688
-0.19234578914914136
0.410975738341973
0.1379484143301879
0.6138681458299182
0.13368067787210758
0.8523727427405444
0.20553237863637808
-0.42577618342789525
0.4335350263799125
0.14854060855024548
-0.3712243887032304
0.019222584876841253
0.4893362126997688
0.5293879174462905
0.02436032113815234
-0.8461163903500288
0.9057305105110732
2.55351295663786e-15
-0.024360321138153007
-0.8461163903500275
0.4893362126997738
-0.5293879174462887
0.37122438870322705
0.019222584876844
0.4335350263799102
-0.148540608550246
-0.20553237863637722
-0.4257761834278958
0.13368067787210813
-0.8523727427405444
-1.1234024469791124
-1.0059372451586222
-0.2474610610980762
0.21480998457955147
-0.056362410403515195
0.365779731220698
0.06120916307654259
-0.21092013214636973
0.36820553452072174
0.21147101034903124
-0.22734705247100384
-0.20085548031377656
-1.0741937536643122
0.8575598362578069
0.7364329688457713
1.0547118733938987e-15
1.0741937536643134
0.8575598362578043
-0.2273470524710025
0.2008554803137761
-0.36820553452072335
0.21147101034902938
0.06120916307654389
0.2109201321463696
0.05636241040351553
0.3657797312207009
-0.24746106109807797
-0.21480998457954922
1.1234024469791128
-1.005937245158625
1.1155357984623548
0.16978995283404602
0.023677364633600706
0.28755177601556237
0.21300211072826394
-0.015996857092941907
-0.0204469615837074
-0.17625942882035395
-0.5300292235335176
0.33439047827678264
-0.5087309935581756
-0.2873748192127081
0.011598020011651666
-0.852608388602037
0.4910469228410219
-0.1576055761963447
-1.0660266764420552
-8.604228440844963e-16
-0.4910469228410195
-0.15760557619634546
0.011598020011651
0.8526083886020357
0.5087309935581756
-0.28737481921270774
-0.5300292235335152
-0.334390478276783
0.020446961583708317
-0.176259428820352
0.21300211072826558
0.0159968570929383
-0.023677364633599707
0.28755177601556126
1.1155357984623526
-0.16978995283404202
0.5973721584895203
-0.11100123102263182
-0.3392879486905324
-0.14125047192915344
-0.25777725468899215
-0.15943754108513009
-0.20911583165167058
0.08055262663415141
0.17776458044147397
-0.016166004225362518
0.06639806719925984
-0.28237476186208804
0.23777456803570807
-0.024279808362916877
0.06199552822358512
0.44578301873590154
0.3964330820873311
-0.30450629747192154
-0.49857122752946664
1.6653345369377348e-15
-0.39643308208732664
-0.3045062974719212
0.06199552822358578
-0.4457830187359042
-0.23777456803570896
-0.02427980836291735
0.06639806719925789
0.28237476186208665
-0.17776458044147667
-0.016166004225362185
-0.20911583165166758
-0.08055262663415493
0.25777725468899354
-0.15943754108512892
-0.33928794869053436
0.14125047192915685
-0.5973721584895155
-0.11100123102263688
0.3471021589228989
0.2939802235064697
-0.5348829201982291
-0.022083718409490673
0.16766542416845942
0.14455844364459566
-0.024921292448541715
0.07954634635064786
0.27777288241122783
0.01550665310149646
-0.10328315680022544
-0.21031320098736614
-0.31659940732481073
0.07244986239703799
0.1062941185756896
0.2605987307884905
0.32098400482674844
0.2268364505843392
-0.191040277942377
0.04987073422034505
0.05032373637880483
6.106226635438361e-16
0.19104027794237766
0.04987073422034427
0.3209840048267465
-0.22683645058434088
-0.10629411857568988
0.26059873078849016
-0.31659940732481506
-0.07244986239703691
0.10328315680022546
-0.2103132009873668
0.27777288241123027
-0.01550665310149646
0.024921292448537392
0.07954634635065003
0.16766542416845814
-0.14455844364459727
0.5348829201982304
-0.022083718409492192
0.3471021589228946
-0.2939802235064685
-0.021654077930772675
-0.31445066398560007
-0.1974433187360627
0.11954140903748822
0.48505435012342607
-0.2052681714131251
-0.08096660834560099
-0.03439606672236782
0.22967323046212296
0.06555107041501751
-0.2978386839087759
0.05377988621482266
0.20100187293168797
0.020232616884324484
-0.12167453211515489
-0.01604869671646729
-0.029585827568215373
-0.05687269778314513
-0.31084277943363153
-0.06539238273276582
-0.3202944083371877
-0.15525151097106038
0.07661828595085643
-3.0531133177191805e-16
0.3202944083371899
-0.1552515109710627
-0.31084277943363015
0.06539238273276671
0.02958582756821651
-0.056872697783143966
-0.12167453211515433
0.016048696716467442
-0.20100187293168595
0.020232616884323346
-0.2978386839087774
-0.053779886214821965
-0.22967323046212368
0.06555107041501808
-0.08096660834560104
0.03439606672236514
-0.48505435012342646
-0.20526817141312453
-0.19744331873606424
-0.11954140903748839
0.021654077930773452
-0.31445066398559995
-0.39079561638107374
0.018678178675755747
-0.10857733036692052
0.008296750724914648
0.19120791844773416
0.16231557168849775
-0.20161166519103899
0.011308336843246586
-0.05751311556026317
0.06374273377252412
-0.019270366548909318
0.10681470465837845
0.2769152638607124
0.018454201075078502
-0.21056732584466054
-0.03160668638615266
0.35946593619243106
0.12755992418780024
0.022246030065412092
-0.1842505207276385
0.047734736733001715
-0.1946126748052352
0.04643858355050645
0.10302770573358888
0.5540240426163572
-1.1934897514720433e-15
-0.046438583550505896
0.10302770573358966
0.04773473673300144
0.19461267480523395
-0.02224603006541266
-0.18425052072764048
0.35946593619243206
-0.127559924187801
0.21056732584465926
-0.031606686386152265
0.27691526386071125
-0.018454201075077503
0.0192703665489089
0.10681470465837993
-0.05751311556026212
-0.06374273377252418
0.2016116651910388
0.011308336843250028
0.1912079184477349
-0.1623155716884952
0.10857733036692055
0.00829675072491387
-0.39079561638107074
-0.018678178675754498
0.4861289797105011
-0.4040774896155679
-0.0506949720377492
0.008614051278911405
0.017450752523130664
-0.15900765228481012
-0.09927143880928435
0.057994027726705394
0.42367135134773204
-0.07209831002348197
-0.17250102131607797
0.02216480255427794
0.03518974980869227
0.030581473187847125
-0.2528831034788314
0.0037244952658440633
-0.04773067790239524
0.17754787094293564
-0.19633557731899343
0.0018391895993448149
-0.04629550226713802
0.023881026262065813
-0.2598633056545837
0.09390494247693484
0.20728386564856738
0.2800731576147135
-0.4100227764829891
-2.220446049250313e-16
-0.20728386564856838
0.2800731576147144
-0.2598633056545835
-0.09390494247693554
0.046295502267139105
0.023881026262067562
-0.19633557731899295
-0.0018391895993439267
0.04773067790239549
0.17754787094293578
-0.25288310347883075
-0.003724495265843078
-0.035189749808691606
0.030581473187847694
-0.17250102131607759
-0.022164802554277857
-0.42367135134773204
-0.0720983100234801
-0.09927143880928188
-0.05799402772670714
-0.017450752523131385
-0.15900765228481298
-0.05069497203775053
-0.008614051278910073
-0.4861289797105005
-0.40407748961556705
0.11345541533053777
0.28244852599722037
-0.07259130769290839
0.04305118522432194
-0.17676530476274221
-0.011111812972775248
-0.016849720150377917
0.02782463255811482
0.235470793981169
-0.1599840861910271
-0.2499430092281418
-0.03184010120071701
0.08305320506723468
-0.013436376208271789
-0.012306999780399341
-0.0007240243576088212
0.17012409463768827
-0.07628171883646447
-0.09636767226862145
0.07812020139902376
-0.037536592765332444
-0.1868079069998274
0.11303269596232644
0.05336905386508731
0.31045151391281955
0.09547588103231631
-0.20641774004585434
0.014383936158764876
-0.2970715764445443
7.771561172376096e-16
0.20641774004585323
0.01438393615876643
0.3104515139128209
-0.0954758810323168
-0.11303269596232607
0.05336905386508689
-0.0375365927653305
0.18680790699982724
0.09636767226861963
0.07812020139902548
0.1701240946376874
0.0762817188364644
0.012306999780400132
-0.0007240243576103478
0.08305320506723443
0.013436376208273704
0.24994300922814083
-0.03184010120071673
0.2354707939811694
0.15998408619102408
0.01684972015037768
0.02782463255811518
-0.17676530476274532
0.011111812972778301
0.07259130769291133
0.043051185224319846
0.11345541533053682
-0.2824485259972217
0.17636098269252998
-0.050011502239240335
-0.13048672495821317
0.09051209954965556
0.15923697072014367
-0.16727446136031116
-0.10568716935154004
0.036014160390444194
0.08679613005943196
-0.05986454945849329
-0.14829014752927544
0.04401255702377535
0.06588594607832532
0.10184970931781805
-0.047540114808505174
0.09942299989040873
0.14628005302770902
0.03197143805030235
-0.09832673884965497
-0.05687362761596573
0.22846199586384575
-0.10531855184090201
-0.10468346099197214
0.14253468178510123
0.07419999615947762
0.2928604692047495
-0.1264571529444074
-0.1531240233795016
-0.011456618484725789
-0.07700225828755197
-0.0244451944667581
8.187894806610529e-16
0.011456618484725456
-0.07700225828755314
-0.12645715294440657
0.15312402337950187
-0.0741999961594785
0.2928604692047492
-0.10468346099197368
-0.1425346817851011
-0.22846199586384552
-0.10531855184090289
-0.098326738849653
0.05687362761596554
-0.14628005302770708
0.03197143805030333
-0.047540114808506284
-0.09942299989040754
-0.06588594607832618
0.10184970931781878
-0.14829014752927414
-0.04401255702377538
-0.08679613005943221
-0.05986454945849076
-0.10568716935154107
-0.03601416039044247
-0.15923697072014342
-0.16727446136031232
-0.13048672495821478
-0.09051209954965447
-0.17636098269252998
-0.05001150223923978
-0.2442052756885486
-0.2126697508195311
-0.006619168177980639
0.1347592960438606
0.0044244884790033134
0.033111596907561214
-0.05256894639514198
0.06262913585115704
-0.04892859422121448
-0.031171156532915606
-0.05109175225019377
0.06598462578323909
0.06067606465122782
-0.23299031532491143
-0.07937249491553935
0.027238259989720626
0.18637779799347953
-0.08741827883634606
-0.03397686079773757
-0.03650808625407487
0.056793557086234125
0.01228629452859202
-0.10730938517948524
0.037248971184976
0.22779305101375635
-0.07140631839002098
-0.0058621395633126905
-0.05393275726066121
0.047510917398810415
0.057571739227158074
-0.01537606887494869
-0.06641182542114643
0.5961396906282646
-1.0408340855860843e-15
0.015376068874947246
-0.06641182542114749
0.04751091739881025
-0.05757173922715825
0.005862139563311053
-0.05393275726066149
0.22779305101375658
0.07140631839002212
0.10730938517948818
0.037248971184975055
0.05679355708623396
-0.012286294528590778
0.03397686079773676
-0.03650808625407337
0.18637779799347964
0.08741827883634513
0.07937249491553959
0.027238259989719973
0.060676064651228434
0.2329903153249106
0.051091752250191885
0.06598462578324016
-0.04892859422121609
0.03117115653291458
0.052568946395143756
0.06262913585115645
0.004424488479002148
-0.033111596907561436
0.0066191681779829425
0.13475929604386083
-0.24420527568854702
0.212669750819529
0.029057718380022968
-0.16093279780659936
0.05729847292504117
0.1430264421288973
0.11433655192792931
0.019874288050384492
-0.017231302810480964
0.043973124286822096
-0.01811554867597931
-0.02317056271195428
-0.05597296974012922
0.032637061284391616
0.18236706487283866
-0.026553613713739432
-0.07310949669579725
-0.00986376155660923
0.14794430291821525
-0.007946187332352805
-0.0967075044118767
0.016388351267331486
0.013281737736770993
0.09041526618627205
-0.0606876875387278
0.008366390829252335
-0.05835990690400486
0.030980421363256443
-0.007003861588074617
0.06572666012778347
-0.1566906487960648
-0.22732258824121465
-0.10712871816531805
0.0497377041006033
0.11547216088168155
0.04994910312263143
0.02984757086945361
-1.4641066137244252e-15
-0.11547216088167966
0.04994910312263098
-0.1071287181653188
-0.04973770410060167
0.15669064879606584
-0.22732258824121487
-0.007003861588073784
-0.06572666012778255
0.058359906904005054
0.03098042136325578
-0.060687687538728274
-0.008366390829251835
-0.013281737736770605
0.09041526618627103
-0.09670750441187628
-0.01638835126733179
-0.1479443029182148
-0.007946187332352972
-0.0731094966957962
0.009863761556610146
-0.18236706487283946
-0.026553613713739904
-0.05597296974012794
-0.032637061284391866
0.01811554867597981
-0.02317056271195403
-0.017231302810481228
-0.04397312428682043
-0.11433655192792894
0.019874288050385047
0.05729847292504073
-0.14302644212889865
-0.0290577183800228
-0.16093279780660052
-0.05642059906575492
-0.4029241890618685
0.018025466689471747
0.047515856337388224
-0.22195819332399552
-0.11191275748158362
-0.024869085860909967
0.05360742309304964
-0.06145596407969994
-0.18642555270564026
0.0006415613921196828
0.08204082050636849
0.039962541587123035
-0.06950956819410319
-0.08439603317691557
0.09429013590361662
0.05490475502583214
0.010018889560644256
-0.07687038061746806
0.08483676243473903
0.11245586375905411
-0.07528755437297349
-0.039644216184458514
0.031738555770058824
0.04668025220334655
0.06675766955754914
0.09726663333867579
-0.04905508271330669
0.25070430577994984
-0.02632485317922697
-0.05974306989567413
-0.045207645874629276
0.047509464752072655
-0.010462636822307858
0.019054088661563107
0.1006308350287286
-0.04607319644591307
-2.914335439641036e-16
-0.019054088661565105
0.10063083502872949
0.04750946475207268
0.010462636822307914
0.059743069895674836
-0.04520764587462983
0.2507043057799508
0.026324853179227142
-0.09726663333867636
-0.049055082713308495
0.04668025220334554
-0.0667576695575495
0.03964421618445785
0.03173855577005824
0.11245586375905489
0.0752875543729738
0.07687038061746865
0.0848367624347389
0.0549047550258322
-0.010018889560644464
0.08439603317691585
0.09429013590361623
0.039962541587121425
0.06950956819410198
-0.0006415613921194885
0.08204082050636877
-0.06145596407970097
0.18642555270564096
0.024869085860909856
0.05360742309304953
-0.2219581933239959
0.11191275748158008
-0.018025466689472067
0.04751585633738831
-0.05642059906575536
0.40292418906186955
