51.95997804451739
1.8010236946152835e-15
-2.507619142832211
0.5167293115736317
-1.4091375294113089
5.050423017002741e-16
2.5076191428321994
0.5167293115736277
-0.5111679788838636
-0.8718922634371365
-1.8655093364254394
1.1793273917410905
2.73202003139776
-7.614514476474597e-16
1.8655093364254334
1.1793273917410858
-0.5111679788838617
0.871892263437138
-0.2480462151075824
0.8154003731871057
0.493582561178918
-1.1288136273447802
0.2517243496156141
-0.23009735750243177
-1.7724271723931286
1.8836159485818773e-16
-0.2517243496156141
-0.23009735750242988
0.4935825611789164
1.1288136273447844
0.24804621510758806
0.8154003731870995
-2.3860720878973343
0.11439802487620973
-0.028571877076266027
0.22255259297208843
0.11881480768019914
-0.46261538073405845
0.5126241144320812
-0.2368611986410586
-5.105470197043358
9.167582910746568e-16
-0.5126241144320879
-0.23686119864105684
0.11881480768020375
0.46261538073405795
0.028571877076267446
0.22255259297209096
-2.3860720878973383
-0.11439802487620632
0.5387037560739036
-0.007237357936144637
-0.3639548661922974
-0.6378507410878502
-0.10946888795749832
0.8118149081054609
0.1739261116560872
0.5563080395858506
0.5917622751263669
-0.4574664910446547
0.8880112692094813
-3.30378913361987e-16
-0.5917622751263677
-0.4574664910446562
0.17392611165608646
-0.5563080395858496
0.1094688879574997
0.8118149081054593
-0.36395486619229783
0.6378507410878478
-0.5387037560738985
-0.007237357936143524
0.4023651180195547
0.0031307457770723135
-0.33447081173197335
0.007743979155562852
-0.373476249432094
0.3881712802463818
-0.05950793592589369
-0.40003214030724105
-0.06933919115596317
0.22361821000606813
-0.029960684018598915
0.018486143002387878
0.36581534148910366
3.191891195797325e-16
0.029960684018598804
0.018486143002387462
-0.06933919115596293
-0.22361821000606844
0.05950793592589408
-0.40003214030723966
-0.3734762494320918
-0.388171280246381
0.3344708117319724
0.007743979155562519
0.402365118019556
-0.00313074577707273
0.08027220986418432
0.010604792541709651
0.20575332454251793
-0.12150612311582121
0.25617340091118385
0.06402093715429502
-0.0067437036562061625
-0.19791942007751456
-0.2612981991355552
-0.39491981734589604
0.18762131833851686
0.23521800422986894
-0.373972004278119
0.2761838618000742
-0.0734080613465018
3.191891195797325e-16
0.37397200427811783
0.2761838618000737
0.18762131833851697
-0.2352180042298694
0.26129819913555563
-0.39491981734589593
-0.006743703656206371
0.19791942007751445
-0.2561734009111832
0.06402093715429513
0.20575332454251796
0.12150612311582144
-0.08027220986418385
0.010604792541709762
0.5836252269850009
0.041355790947022575
0.01455694395821814
0.11958849946090822
0.30220750992302536
-0.1666284538692824
-0.4741491853918126
-0.03518916383058231
0.39188875683016683
0.11860832658564924
0.21210677766689187
0.26080907649255847
0.2885682910232529
-0.35469970847410814
-0.6751748436418764
0.17063762183262685
1.0421841175956874
6.938893903907228e-18
0.6751748436418762
0.1706376218326271
0.28856829102325254
0.3546997084741087
-0.21210677766689218
0.26080907649255886
0.3918887568301666
-0.11860832658564986
0.474149185391812
-0.03518916383058282
0.3022075099230247
0.16662845386928266
-0.014556943958218035
0.11958849946090813
0.583625226985002
-0.04135579094702302
-0.25265660561731107
-0.054861104292759144
0.04041602259718621
-0.045835815705188576
-0.09358155616250452
0.20533043864092082
0.14528682775004514
-0.017595482044641148
-0.000873863001551789
-0.11390698912174052
0.181169520709966
0.25097966214022555
0.016772811497848858
-0.08827651853860319
-0.09331573920061759
-0.21018161139486574
0.2642157986759782
-0.222367267147019
-0.39225352824055576
-2.7755575615628914e-16
-0.26421579867597755
-0.22236726714701896
-0.09331573920061831
0.21018161139486582
-0.016772811497848886
-0.08827651853860377
0.18116952070996573
-0.2509796621402268
0.0008738630015518098
-0.11390698912174005
0.14528682775004534
0.01759548204464112
0.09358155616250462
0.2053304386409207
0.0404160225971858
0.0458358157051882
0.2526566056173104
-0.05486110429275942
-0.15512998362515482
-0.0547611748140054
-0.13814575646309377
0.030914511250947213
0.2864171447465559
-0.029868057164578257
0.04594096491517232
0.07843846050437098
0.06928311498907272
-0.06194916704145326
0.036449490816171146
0.013645776914574099
0.04890685317394547
-0.1986639903898256
-0.022376859943012785
0.09192512336779823
0.17137506961377444
0.13680148111393714
0.17914636340480722
-0.07354340610673571
-0.20924012089090274
-1.8735013540549517e-16
-0.17914636340480872
-0.07354340610673565
0.17137506961377397
-0.13680148111393697
0.02237685994301262
0.0919251233677989
0.048906853173944664
0.19866399038982455
-0.0364494908161716
0.013645776914574255
0.0692831149890725
0.061949167041453305
-0.04594096491517233
0.07843846050437112
0.2864171447465555
0.029868057164578132
0.13814575646309335
0.030914511250946936
-0.15512998362515482
0.05476117481400572
-0.0073594927869667925
0.06920037335346213
0.13650241525260287
0.018965195482723615
-0.11745401044814319
-0.12094544908002827
-0.12521354474025237
-0.0792456599233148
0.008964498964117301
0.08704188796140466
-0.06869722905737402
0.13100858964732026
-0.13851388794853697
-0.13435606581325346
-0.1090629150488509
0.02401584492261255
0.15338918942428217
0.19304512961064305
-0.07703161435248926
0.13808445928932497
-0.14754808527300484
-0.047762964502952976
0.048516587297052036
2.0816681711721685e-17
0.14754808527300503
-0.04776296450295325
-0.07703161435248912
-0.13808445928932453
-0.1533891894242821
0.19304512961064296
-0.10906291504885018
-0.0240158449226123
0.13851388794853658
-0.1343560658132533
-0.0686972290573738
-0.13100858964731996
-0.008964498964117718
0.08704188796140477
-0.12521354474025256
0.07924565992331502
0.11745401044814383
-0.12094544908002908
0.13650241525260337
-0.01896519548272327
0.007359492786967542
0.06920037335346253
-0.25667938755920583
-0.09818409480374728
-0.15660906585634116
0.13519141305196922
0.03222086372095516
-0.09303948282060803
-0.019854356215381494
0.05588388683865435
0.06790258683540165
-0.0014171179397187567
-0.0636270337135561
-0.04806154803368228
-0.053909554019074324
0.062320015006927465
0.1997899360617072
-0.09298641849744316
0.018073614478691852
0.13948539787942754
-0.27830728864024984
-0.20213129195857973
-0.15150382385710082
-0.005083380529188497
0.33713579702116786
-0.005580389488946055
-0.2464842527157995
2.3592239273284576e-16
-0.3371357970211673
-0.0055803894889460415
-0.1515038238571008
0.005083380529188941
0.2783072886402499
-0.2021312919585789
0.018073614478692046
-0.1394853978794272
-0.19978993606170778
-0.09298641849744324
-0.053909554019074324
-0.062320015006927874
0.06362703371355591
-0.04806154803368259
0.06790258683540223
0.0014171179397184722
0.019854356215381244
0.055883886838654105
0.032220863720955284
0.09303948282060782
0.15660906585634027
0.13519141305197027
-0.2566793875592057
0.0981840948037479
0.20332719645441483
0.04486488132068614
-0.018661916258393307
-0.006344544495503701
0.005595066303733562
0.013212522187484643
0.00973968024786287
0.1242339770225959
0.1058525475011454
-0.10763903596778923
-0.14152933498315712
-0.012311620302378389
0.009682210932541624
-0.059077352934191404
0.03530324531091483
0.0801271840638044
0.0617420449863003
0.01867911752867657
-0.23521300853612553
-0.17071267420987335
-0.03813012654343454
-0.03992626297049293
0.17030982109261525
0.1310279028789073
0.06674632061292388
0.04184046154941668
-0.25958548825638883
4.423544863740858e-16
-0.06674632061292385
0.041840461549416036
0.17030982109261453
-0.13102790287890698
0.038130126543435505
-0.039926262970492565
-0.23521300853612498
0.17071267420987302
-0.06174204498630071
0.018679117528676445
0.03530324531091445
-0.08012718406380442
-0.009682210932541346
-0.059077352934191786
-0.14152933498315656
0.01231162030237784
-0.10585254750114523
-0.10763903596778969
0.009739680247862717
-0.12423397702259549
-0.005595066303733309
0.013212522187484949
-0.018661916258393415
0.00634454449550282
-0.20332719645441494
0.04486488132068635
0.11266219738311876
-0.03725457953398454
-0.015468872009755469
0.014165393606535182
-0.06915706942484257
-0.16742850707323195
-0.18745571003114184
0.08770018106680597
-0.02732519953345544
0.008252895920288134
0.02622119360991776
-0.004911590866013893
-0.025266212181387394
0.040158342807102745
-0.05499832209592607
-0.0578453582235893
-0.08953683919299099
0.11225193077555498
-0.03023543677574733
-0.027430685868048144
-0.0051938807036194246
-0.0077677866890092095
0.05079603368786231
0.07678126985800938
-0.09232750653331293
0.003023759418227634
-0.24563157589279178
0.026972253112061154
0.2288078481949692
-3.191891195797325e-16
0.2456315758927921
0.026972253112060515
-0.09232750653331234
-0.00302375941822694
-0.05079603368786255
0.07678126985800926
-0.0051938807036194246
0.0077677866890089875
0.030235436775747318
-0.02743068586804874
-0.0895368391929913
-0.1122519307755546
0.054998322095926366
-0.057845358223589244
-0.02526621218138729
-0.04015834280710302
-0.02622119360991787
-0.004911590866013726
-0.02732519953345558
-0.008252895920288023
0.18745571003114292
0.0877001810668058
-0.06915706942484218
0.1674285070732323
0.015468872009755906
0.014165393606534904
0.11266219738311857
0.03725457953398445
0.005152745810929074
0.04196086523478
0.007271612196672633
-0.004836742879177708
0.14870446946542631
0.0005768305258138651
-0.04545469950993673
0.08545041462500409
0.057203549999597134
-0.0800148366866803
0.0020792583014500876
0.030067053546256876
0.03319694857458253
0.013926697100703433
0.05295629766588583
0.03279235718216317
-0.09249162049299015
-0.03600132867084636
0.0613252001867928
-0.08160788891050891
0.10199898142660607
0.016730824866564874
0.1315487917248343
0.1990916238383381
-0.12302727352740664
-0.111876500073724
0.03720288925880759
-0.11185893114992085
0.13515169193975674
0.04893238661207072
0.1673341428627452
-2.0816681711721685e-16
-0.13515169193975649
0.04893238661207079
0.037202889258808165
0.11185893114992082
0.12302727352740606
-0.11187650007372359
0.1315487917248347
-0.19909162383833806
-0.10199898142660684
0.01673082486656466
0.061325200186793355
0.08160788891050894
0.09249162049299028
-0.036001328670846114
0.05295629766588553
-0.03279235718216339
-0.03319694857458274
0.013926697100703295
0.002079258301450407
-0.030067053546257272
-0.057203549999597786
-0.08001483668668034
-0.0454546995099368
-0.0854504146250041
-0.1487044694654258
0.0005768305258145034
0.007271612196672356
0.004836742879177958
-0.0051527458109294835
0.041960865234779564
0.1265949911358289
-0.019708910676436896
-0.034935338751236805
-0.042454636865051326
0.10127230288307379
0.024848810076959472
-0.00581704317502308
0.061997939060362446
0.010946802352115648
-0.14536679407319264
-0.08110049724208257
-0.023463420783992023
-0.0006009946863996807
0.08260324684576162
0.014268366619985928
-0.05251848604789937
-0.10411848459498414
0.02133203288662864
0.06536477844771499
-0.037207098887033975
0.07027078042829354
-0.03151348429712908
-0.11427620237858378
0.08765678231070415
-0.09550438410204803
-0.08069540205738644
0.053959761137129164
-0.017406929189904635
0.2504104919356586
-0.004934280290495287
-0.0076470715260279
0.025157367051863555
-0.15294806633873315
-1.942890293094024e-16
0.007647071526028636
0.025157367051863846
0.25041049193565834
0.00493428029049503
-0.05395976113712904
-0.017406929189904705
-0.09550438410204823
0.08069540205738635
0.11427620237858313
0.08765678231070415
0.07027078042829304
0.03151348429712898
-0.06536477844771515
-0.03720709888703426
-0.10411848459498425
-0.021332032886628452
-0.014268366619985734
-0.05251848604789919
-0.000600994686400097
-0.0826032468457614
0.08110049724208288
-0.023463420783991634
0.010946802352116314
0.14536679407319214
0.005817043175023136
0.061997939060362495
0.10127230288307423
-0.0248488100769597
0.03493533875123646
-0.042454636865051035
0.12659499113582867
0.019708910676436507
-0.20884867417073041
-0.0041282759442284045
-0.0035058861472628544
0.041136300469027096
0.03329300665204687
0.1047681886585971
0.05303940853021004
-0.08331708432826741
0.004089477984183224
-0.05164608651673744
-0.008113860893246162
0.06505171169505689
-0.03101832454478129
0.0710356264043662
0.08230404942939873
-0.043685222756532124
-0.0010216920375619998
-0.030979673693981614
0.030911345103799524
-0.0072137127276419785
0.05218144237803635
0.11797534025025475
-0.009384194898021437
-0.043390515750046044
-0.016264313193660757
-0.14077703702714645
-0.03255682356077662
-0.07630400260999053
0.12398636378503093
0.26366841318131085
-0.12807962086314573
-0.029023747551088136
-0.08400484395388905
-0.05894555466556789
-0.09078450163306381
-1.3877787807814457e-17
0.08400484395388896
-0.05894555466556775
-0.12807962086314534
0.029023747551088136
-0.12398636378503078
0.2636684131813108
-0.03255682356077691
0.07630400260999087
0.016264313193660368
-0.14077703702714708
-0.00938419489802167
0.04339051575004571
-0.05218144237803658
0.11797534025025536
0.03091134510379976
0.0072137127276422075
0.0010216920375619165
-0.0309796736939814
0.08230404942939822
0.0436852227565322
0.031018324544781005
0.07103562640436575
-0.008113860893245867
-0.06505171169505725
-0.004089477984183888
-0.05164608651673766
0.05303940853021033
0.0833170843282671
-0.033293006652046486
0.10476818865859752
-0.0035058861472626046
-0.04113630046902729
0.20884867417073047
-0.004128275944228495
0.013255800780611976
-0.03200243297099578
-0.038000197252882784
-0.02385087768640724
0.1326368202270397
-0.04147900225050176
-0.03882270918159685
-0.05858830293462225
-0.05574368007847353
0.016863935747656936
0.06791882451745354
0.10227179815147541
0.0069159853336543675
0.01004556719452604
0.09868100066002745
-0.08221823777090392
-0.036398300108419386
0.008257247167281836
0.020313487118820486
0.02794419422638543
0.04479164509485398
-0.04604878151403105
-0.051005960885739964
0.061156628922859835
0.05141272363280039
-0.0021750227974866483
0.08436502012320576
-0.02161114489063254
0.1914560109704037
0.02932710336427244
-0.08693666695268248
-0.05800791250370564
-0.16304448109243747
0.059926444586329806
0.21052317075982124
-0.028608384417968535
0.40415543571561774
-2.1597307275911248e-16
-0.21052317075982152
-0.02860838441796809
-0.163044481092437
-0.05992644458632952
0.08693666695268218
-0.0580079125037054
0.19145601097040388
-0.029327103364272133
-0.08436502012320521
-0.02161114489063251
0.05141272363280024
0.0021750227974866795
0.05100596088573997
0.06115662892285961
0.04479164509485406
0.0460487815140311
-0.02031348711882093
0.027944194226385
-0.03639830010841885
-0.008257247167282294
-0.09868100066002729
-0.0822182377709042
0.006915985333654867
-0.010045567194526428
-0.06791882451745296
0.10227179815147554
-0.055743680078473905
-0.016863935747656936
0.03882270918159672
-0.05858830293462177
0.13263682022703965
0.04147900225050141
0.03800019725288261
-0.023850877686407042
0.013255800780611574
0.03200243297099613
