44.52607164447552
4.411685045734401e-16
2.673615429117131
-1.2264019678330402
1.3959089310570807
-3.9923231751829364e-15
-2.6736154291171337
-1.226401967833031
-5.1837456344431
-0.8711929477596216
-0.4368947407208955
2.9364036807770177
-1.577638017332644
1.3410478402744253e-15
0.4368947407208956
2.936403680777018
-5.1837456344431
0.8711929477596154
-0.9827831386908404
0.20626821048004282
0.12687796999513473
1.3051957747409175
0.17264623030806545
-0.38253821976557
0.7013673475591471
-1.3379776317941822e-15
-0.17264623030807336
-0.38253821976556845
0.12687796999513162
-1.305195774740919
0.9827831386908569
0.20626821048004204
-0.8607918077814559
0.4008288860570374
0.5951147052996685
-0.7666569087090536
-0.42984497854805936
-0.49192441410121046
-0.16971277572430105
0.8595920981133904
-3.213276959542877
9.540373827377218e-16
0.16971277572429522
0.8595920981133903
-0.42984497854805986
0.491924414101211
-0.5951147052996657
-0.766656908709055
-0.8607918077814516
-0.40082888605703704
-0.07827315937482701
-0.037783235528962344
0.029587954845828435
-0.592377604773514
-0.40530305161385644
-0.04143974180662714
0.45398222282746414
0.6508541581179038
-0.22446275928131998
-0.4229297223108622
-0.21336721317540763
-3.016610048420859e-16
0.22446275928132053
-0.4229297223108618
0.4539822228274647
-0.650854158117906
0.4053030516138554
-0.04143974180662684
0.029587954845823314
0.5923776047735139
0.07827315937483481
-0.03778323552896201
0.8355024403164504
-0.09493538573040586
-0.11224563737771404
0.2240244867856991
-0.0009749899655522309
0.12621597058780315
0.4710504482179905
-0.07768962280592799
0.5187829955799825
-0.32697898612628556
0.012573434385725168
-0.10959784019403848
0.5888504446025555
9.43689570931383e-16
-0.012573434385724891
-0.10959784019404017
0.5187829955799829
0.3269789861262865
-0.4710504482179904
-0.07768962280592694
-0.0009749899655523975
-0.12621597058780268
0.11224563737771187
0.22402448678569786
0.835502440316447
0.09493538573040376
0.024546024558007584
0.06561015337949236
0.1082778924629223
0.1820862752921591
0.028134464010458965
0.040315116902251646
-0.1527466477412519
-0.11033563466862903
-0.23949503655089643
0.37728974372312957
0.5228727752308646
-0.07938139847022092
-0.12076298358454154
0.4862061594089505
0.22304324894361263
3.157196726277789e-16
0.1207629835845417
0.4862061594089517
0.5228727752308651
0.07938139847021924
0.23949503655089574
0.37728974372312846
-0.15274664774125182
0.11033563466862942
-0.02813446401045981
0.04031511690225294
0.10827789246292159
-0.1820862752921602
-0.02454602455800836
0.06561015337949214
0.007253008262304322
-0.054041549408285094
-0.019051867562826064
-0.07048867913367876
0.07199820080310529
0.05716725245609228
-0.05361558494653451
0.12197164602196137
0.2474490933580381
0.15661695769690434
0.028194995504083192
0.19602506677676668
-0.20005914581523737
0.261382289516672
0.11253246397557691
0.15545922108978993
0.5149685734586096
-4.440892098500626e-16
-0.11253246397557529
0.1554592210897887
-0.20005914581523812
-0.2613822895166704
-0.02819499550408311
0.1960250667767671
0.24744909335803938
-0.1566169576969046
0.05361558494653546
0.12197164602196052
0.07199820080310537
-0.057167252456092055
0.01905186756282451
-0.07048867913367834
0.007253008262305405
0.05404154940828576
0.12467426445769986
-0.054969230543162335
-0.07232492142033693
-0.007099032008756542
0.05790450446391371
0.11757734231612475
0.2975011653538603
-0.05120302907814367
0.08136027164843293
-0.1837277827891853
-0.07553305524867662
0.22351864568762397
0.1184460867854995
0.05905149524903423
0.016482818677926614
-0.14001129628516978
0.0428221054455121
-0.18339255527951
0.1876277011725616
2.914335439641036e-16
-0.04282210544551243
-0.183392555279509
0.01648281867792467
0.14001129628517012
-0.11844608678549842
0.05905149524903443
-0.07553305524867641
-0.2235186456876245
-0.08136027164843304
-0.18372778278918633
0.2975011653538605
0.05120302907814358
-0.05790450446391432
0.11757734231612514
-0.07232492142033714
0.007099032008755307
-0.12467426445769902
-0.05496923054316229
-0.46518137499392764
0.244965942675485
0.13655379881423263
0.036128346587048756
0.018260220022972007
-0.0269035838843054
0.022020572570285835
-0.07487861481394359
-0.3831727168212363
0.04197458735848947
0.19104805641609862
0.15885426526066707
0.03848271050838978
-0.2493577439663798
-0.23580143949951848
0.027209153466833266
-0.4056447799818315
0.021312624693273108
0.10886784620495726
0.1548889424289945
-0.5355230347122885
-5.100087019371813e-16
-0.10886784620495688
0.15488894242899476
-0.4056447799818317
-0.021312624693272608
0.23580143949951932
0.027209153466833433
0.03848271050839047
0.2493577439663797
-0.19104805641609957
0.15885426526066676
-0.38317271682123594
-0.04197458735849008
-0.022020572570285182
-0.07487861481394299
0.01826022002297134
0.02690358388430497
-0.1365537988142324
0.03612834658704814
-0.46518137499392775
-0.24496594267548633
-0.17669379275669805
0.20898012399757787
0.09715723082912507
-0.043603141530936224
-0.05212863797146297
-0.1344917826865149
-0.16954504722171537
0.14065620426735395
-0.0321993872381397
0.15698363225920936
0.1262261992483184
-0.016302869386491767
-0.15247795244558987
-0.21421282077149612
0.004678866154425296
0.169503243895157
-0.010747155060117503
0.0180727410648919
-0.06160055491210473
0.011698789705623214
-0.05070866002321871
-0.19005022709118263
-0.12618816499060526
2.914335439641036e-16
0.05070866002321889
-0.19005022709118186
-0.06160055491210413
-0.01169878970562388
0.010747155060117676
0.018072741064891873
0.004678866154425643
-0.16950324389515684
0.15247795244558993
-0.21421282077149575
0.12622619924831824
0.0163028693864916
0.032199387238139365
0.15698363225920967
-0.16954504722171515
-0.14065620426735342
0.05212863797146304
-0.13449178268651532
0.09715723082912484
0.043603141530936244
0.1766937927566981
0.2089801239975779
0.3519824377230225
-0.17812353208088957
-0.1590620029788097
-0.07826011047203872
-0.13912102698036533
0.022384841392513406
0.06561782838580407
0.04759917747354063
0.1345079753367635
-0.1035746089467334
-0.14557798849895126
-0.09778134502293429
-0.1470191264299369
0.10464142540109841
0.21917224076501007
0.14877383585175719
-0.054826654329821894
-0.17737346201700357
-0.12276853885048666
0.040340805380453065
0.14385157349851813
-0.030794391026970833
-0.03153800799843317
0.15223242768651796
-0.03888505132662268
-6.800116025829084e-16
0.03153800799843248
0.15223242768651768
0.14385157349851757
0.030794391026971416
0.12276853885048661
0.04034080538045284
-0.05482665432982123
0.17737346201700407
-0.21917224076500985
0.14877383585175777
-0.14701912642993725
-0.10464142540109858
0.14557798849895032
-0.09778134502293456
0.1345079753367629
0.10357460894673381
-0.06561782838580485
0.04759917747354113
-0.13912102698036585
-0.022384841392513788
0.15906200297880774
-0.07826011047203846
0.35198243772302185
0.17812353208088974
0.1139071829619841
-0.17667972181317126
-0.11694899193948965
-0.04991907383229727
-0.014261751012025474
0.10980668374406598
0.127821086145524
-0.16015104445783265
-0.09666099762525691
-0.13389190141969637
-0.03387211917726152
0.017632823277512033
-0.016125593520156134
0.12051825097200551
0.1648455194119497
0.06290057142256483
-0.12353962478730315
-0.040800821958217076
0.10534963189548274
0.015564331783333107
-0.056620962574741196
0.0769001221322882
0.39654322343842136
0.10504907620697032
-0.007818053541072179
0.07744382503179388
0.32550110315515435
2.498001805406602e-16
0.007818053541072033
0.07744382503179409
0.3965432234384205
-0.1050490762069701
0.05662096257474114
0.07690012213228836
0.10534963189548299
-0.01556433178333283
0.12353962478730351
-0.040800821958217826
0.16484551941194955
-0.06290057142256449
0.01612559352015583
0.12051825097200598
-0.03387211917726156
-0.017632823277512394
0.0966609976252563
-0.13389190141969717
0.12782108614552407
0.16015104445783246
0.014261751012025772
0.10980668374406635
-0.11694899193948993
0.049919073832297156
-0.11390718296198465
-0.17667972181317068
0.02824809977363768
0.13908673411413763
0.12409313204865643
0.033442140494595346
0.09631945708020105
-0.019274916804573494
-0.04648414088973235
-0.06600423751424642
-0.03632599962932757
0.11080466228718885
0.21124177717833026
0.10803499335898198
0.03339862022964191
-0.1279050883699414
0.00594456307899352
0.078908038752877
0.1454671497028083
0.0540355214773679
0.13266749270406814
0.010928498672811593
-0.10750542150286321
-0.08486961026819648
0.15104111156653802
0.07612718810402908
-0.03341191186216108
0.055533200290226126
0.013720030405993455
-0.05632075020100674
-0.04562388255466021
-4.440892098500626e-16
-0.013720030405994108
-0.05632075020100666
-0.033411911862161636
-0.055533200290225154
-0.15104111156653804
0.07612718810402952
-0.10750542150286357
0.08486961026819653
-0.1326674927040681
0.01092849867281128
0.1454671497028084
-0.05403552147736761
-0.005944563078994075
0.07890803875287672
0.03339862022964202
0.12790508836994197
-0.21124177717832987
0.1080349933589812
-0.03632599962932761
-0.1108046622871887
0.046484140889732045
-0.06600423751424599
0.09631945708020029
0.019274916804573276
-0.12409313204865688
0.033442140494595346
0.028248099773637292
-0.13908673411413686
0.0719533634577498
0.1059288065737998
0.07493176454168836
0.1009894766787393
0.02701696153877617
-0.03575369954289587
-0.07896669076096499
0.0713789156809887
0.08910207429562725
0.12484971269818383
0.08153826983516459
0.050616289477869406
-0.02053230749620879
-0.06282409387785493
-0.008923854326889136
0.04656947439877973
0.028547896923632923
0.006346228390384595
0.12701131928930698
0.06582795171498326
-0.042321106430209754
0.006008958343006271
0.03014799334709649
-0.042543785975912456
-0.07499341300918645
0.0008896492315044781
0.08445478185318869
-0.05842672157125425
0.03863657735114692
-0.05595655470319885
0.07234774556086954
2.5673907444456745e-16
-0.03863657735114609
-0.0559565547031983
0.08445478185318753
0.05842672157125437
0.07499341300918662
0.0008896492315039611
0.03014799334709721
0.0425437859759126
0.042321106430209574
0.006008958343006965
0.12701131928930617
-0.06582795171498346
-0.028547896923633194
0.006346228390384637
-0.008923854326888386
-0.04656947439877962
0.02053230749620862
-0.06282409387785468
0.08153826983516445
-0.05061628947786956
-0.08910207429562775
0.12484971269818325
-0.07896669076096485
-0.07137891568098947
-0.027016961538776446
-0.03575369954289645
0.07493176454168776
-0.10098947667873874
-0.07195336345775064
0.10592880657380027
-0.14023949108010603
-0.10280181681138861
-0.1001933667548664
0.019717243717469607
0.017932289816764896
0.05442092878349408
0.006133410953758023
0.04306759338016811
0.026412799800531683
-0.04496807126093018
-0.11138703588457566
-0.027110491810743237
-0.010757932421813055
0.13448600744594288
0.09620894235593333
0.0199175899257511
-0.15405677117455255
-0.0803351384661522
0.046368198681860234
0.147242779024053
-0.036124251437159915
0.005493766618115431
-0.007665614151333017
-0.0696651826254869
-0.17880460537649961
-0.05763232058557005
-0.05140676883683257
0.09542094611622415
-0.2397202198219042
-0.01051353703876437
-0.023650682620733804
0.09261945036942912
-0.25664126403531085
4.440892098500626e-16
0.02365068262073259
0.09261945036942888
-0.23972021982190403
0.010513537038764453
0.05140676883683261
0.09542094611622379
-0.1788046053764997
0.05763232058557034
0.007665614151333183
-0.069665182625487
-0.036124251437159555
-0.005493766618115514
-0.04636819868186012
0.14724277902405322
-0.15405677117455285
0.08033513846615248
-0.09620894235593283
0.019917589925751496
-0.010757932421812444
-0.1344860074459429
0.11138703588457664
-0.027110491810743487
0.02641279980053149
0.04496807126093047
-0.006133410953758217
0.043067593380167364
0.01793228981676459
-0.054420928783494166
0.10019336675486606
0.019717243717469635
-0.14023949108010647
0.10280181681138942
-0.09284312006254175
-0.07192387445766751
-0.10660909212663174
-0.11141394988234053
0.019654577777555624
0.047024368697235044
0.05829541429321239
-0.0029974801336249413
-0.034948610298372
-0.0823081203671184
-0.04183728254789952
-0.018048931130589696
0.02442577607020502
0.032808970579995086
0.11333525198289021
-0.028668990408683745
-0.09293661014061146
-0.036976828567948455
0.07877435382852815
0.11313229893351187
-0.043010262768527985
-0.12516281388385192
0.034990870599539814
-0.03668776572250079
-0.1145758323293189
0.014858377539935172
0.1737384044422809
0.11652683384647945
-0.02832208658323343
-0.06344597823206291
0.0007447777743158079
0.005874383220168613
-0.0579340043889465
-0.05053021161936387
0.12620583780104636
6.938893903907228e-17
0.057934004388947344
-0.05053021161936393
0.0007447777743159849
-0.005874383220168561
0.028322086583233153
-0.06344597823206258
0.1737384044422809
-0.11652683384647967
0.11457583232931941
0.014858377539935269
0.034990870599539675
0.03668776572250036
0.04301026276852826
-0.1251628138838516
0.07877435382852747
-0.11313229893351155
0.09293661014061197
-0.03697682856794865
0.11333525198288924
0.028668990408683745
-0.02442577607020511
0.03280897057999508
-0.04183728254789976
0.01804893113058973
0.03494861029837214
-0.08230812036711863
0.05829541429321322
0.002997480133624851
-0.019654577777555485
0.047024368697235565
-0.10660909212663165
0.11141394988234046
0.09284312006254222
-0.07192387445766797
0.22221585667998778
0.1621838768724897
0.15072167791449254
-0.1356485156040037
-0.1434520278799052
-0.13834830140079787
-0.08853304532200085
0.04497028272924735
0.070731108944123
0.10060308647683881
0.1319228812913397
-0.09004682551922716
-0.1165833356972007
-0.14857679860361636
-0.02187098109379576
0.0895300775631473
0.05036677618954969
0.005779136517674671
0.06329125775222932
-0.06792855587159943
-0.1294373382871708
-0.054959509874517164
0.06887319598831099
0.13489223756246507
-0.035226402597070876
-0.06465515269138325
0.12806418591140012
-0.05917664464356108
-0.1276896751334048
-0.005118720536536697
0.0015053545661111722
0.0046607349052023885
-0.04926321634054549
-0.015284398159789454
0.017506178777630416
-0.010959580588237844
-0.007460355358341969
-5.551115123125783e-17
-0.017506178777630832
-0.010959580588237657
-0.04926321634054553
0.015284398159790547
-0.0015053545661105339
0.004660734905202281
-0.1276896751334047
0.005118720536536614
-0.1280641859113997
-0.05917664464356048
-0.03522640259707155
0.06465515269138405
-0.06887319598831088
0.13489223756246538
-0.1294373382871708
0.05495950987451703
-0.06329125775222852
-0.06792855587159996
0.050366776189549906
-0.005779136517674116
0.021870981093795566
0.08953007756314732
-0.11658333569720084
0.14857679860361633
-0.1319228812913399
-0.09004682551922674
0.07073110894412264
-0.10060308647683822
0.0885330453220006
0.0449702827292478
-0.14345202787990569
0.13834830140079768
-0.1507216779144925
-0.13564851560400382
0.22221585667998733
-0.16218387687248942
