65.11060397509166
1.1795519188584738e-15
2.832202711088133
-2.5108542449732436
2.4985364948088975
8.575567045863958e-16
-2.8322027110881405
-2.5108542449732387
3.4628802910806624
-1.0165436383812405
0.26059844381771347
0.30653789104663026
-1.7999833001085246
1.754554680895851e-16
-0.26059844381770514
0.30653789104662904
3.462880291080634
1.0165436383812405
1.9621870937048322
0.4057682761184718
-0.34552538110499253
0.019629006032095858
-0.8377279255553209
0.6349323008879625
0.3939977276176786
4.887563094832917e-16
0.8377279255553285
0.6349323008879656
-0.34552538110499026
-0.01962900603209569
-1.9621870937048356
0.4057682761184797
-2.5885139532482366
-0.10999134049151153
0.14072385397200615
-0.4320718908579611
-0.5452741092753604
0.35210692967655943
-0.21256400808878828
-0.15475491615636433
-5.160663141269648
-8.48901940130273e-16
0.21256400808879627
-0.1547549161563662
-0.5452741092753618
-0.3521069296765612
-0.14072385397200743
-0.4320718908579577
-2.588513953248243
0.10999134049151901
-0.28452268361022615
0.7107140309568319
0.07975670766045584
0.03992959229892342
0.06774984466602985
-0.050261597512716506
0.2041665955983989
-0.1962050315557104
-0.5926759701579053
0.3991363455084843
-1.0375185824970639
1.0204825546577652e-15
0.5926759701579052
0.39913634550848404
0.20416659559839867
0.19620503155571012
-0.06774984466603168
-0.05026159751271564
0.07975670766045659
-0.03992959229892201
0.28452268361023036
0.7107140309568324
-0.7919862873693708
0.4416571722646413
0.026721931557212586
0.08554930842577349
-0.3092132350502401
0.05275368377547862
0.15739330090174702
0.11712079459842306
-0.4697410857582436
0.011722333156424541
0.10924246640210528
-0.2896834484435115
1.047797473609862
1.1102230246251565e-16
-0.10924246640210494
-0.2896834484435103
-0.46974108575824486
-0.011722333156425138
-0.15739330090174766
0.11712079459842345
-0.30921323505024073
-0.05275368377547779
-0.02672193155721453
0.08554930842577285
-0.7919862873693719
-0.44165717226464296
-0.9895540883451616
0.30191741649836895
-0.0685646409325901
0.09530288037326623
0.09222066626997893
0.22897443566268172
-0.14008223661322874
0.021195684127763417
-0.42645260291734316
0.2069628726345048
0.09066649699058686
0.3363318621864017
0.6756832909023585
-0.23485931081571285
0.5534104428751208
-3.608224830031759e-16
-0.6756832909023587
-0.23485931081571082
0.09066649699058743
-0.3363318621864021
0.4264526029173435
0.20696287263450322
-0.1400822366132279
-0.02119568412776246
-0.09222066626997966
0.22897443566268233
-0.06856464093258871
-0.0953028803732661
0.9895540883451626
0.3019174164983686
0.2775680097909027
0.11021637949306705
-0.04927395652471814
0.026189550565658137
-0.20681207883736882
0.10896873804935658
-0.007861638666372378
0.008608400384763876
0.3423967102824756
0.005903306491910787
-0.24167323360682483
0.09420513994996974
0.2032548084970357
-0.07868949145194051
-0.16793445213218747
0.5328527571573122
1.158645739741794
3.608224830031759e-16
0.167934452132187
0.5328527571573123
0.2032548084970357
0.07868949145194133
0.24167323360682308
0.09420513994996965
0.34239671028247365
-0.005903306491909718
0.007861638666372628
0.008608400384763681
-0.20681207883737002
-0.10896873804935603
0.049273956524717166
0.026189550565658748
0.2775680097909045
-0.11021637949306734
-0.07427441045145675
-0.23948691231280006
-0.06675966623097587
0.027594660566742202
-0.27623285513947593
0.037247969660657104
0.06925675406520629
0.09823899411048238
0.13185789966808578
-0.18070133270046088
0.07686105060770254
-0.037375576624997076
-0.0009113181715240046
-0.16465624930662576
-0.18098963025704357
-0.30250225526012064
-0.002519282441855078
-0.11764943014501339
-0.1511527922417762
-7.771561172376096e-16
0.002519282441855064
-0.11764943014501258
-0.18098963025704407
0.30250225526012003
0.0009113181715248719
-0.16465624930662584
0.07686105060770254
0.03737557662499738
-0.13185789966808603
-0.18070133270046068
0.06925675406520532
-0.09823899411048281
0.2762328551394766
0.03724796966065705
-0.06675966623097565
-0.02759466056674112
0.07427441045145637
-0.23948691231279917
0.2682188305918112
-0.14030889575243274
0.0019120765009126572
-0.07179952248837099
0.046374774990769654
0.004256319213346353
-0.2259803764024997
0.12127133805998791
0.13326446337266493
-0.07245080656813693
0.00658617485584935
0.10127648961393373
0.13607558199964107
-0.029142097808625644
0.08209061132459022
0.04343713085937895
0.128602807634559
-0.004407335489000283
0.2761541702863913
-0.29263598473715247
-0.6223017901313391
5.551115123125783e-17
-0.27615417028639117
-0.2926359847371514
0.12860280763455859
0.00440733548899952
-0.08209061132459067
0.04343713085937906
0.13607558199964104
0.02914209780862617
-0.0065861748558483785
0.10127648961393412
0.13326446337266454
0.07245080656813654
0.22598037640249907
0.12127133805998842
0.046374774990769425
-0.0042563192133461755
-0.0019120765009131013
-0.07179952248837161
0.26821883059181056
0.14030889575243183
0.30546891322553815
-0.1987425587038994
0.013966080182020932
-0.029621114312383158
-0.03176042114898642
-0.1997257108482913
-0.0005324035214414671
-0.13165802392243287
0.14496965948148155
-0.14124966127094912
-0.1170864809764515
-0.11496534280952311
-0.11068715230162376
-0.1077241680128492
-0.05092623944633179
0.007356891345227601
0.24854723281432572
-0.11121675499044828
0.018534444535430183
0.138574019343004
-0.36378372445562945
0.04562221961139207
0.06555970160138824
-2.7755575615628914e-16
0.36378372445562945
0.04562221961139212
0.018534444535430128
-0.13857401934300417
-0.24854723281432514
-0.11121675499044964
-0.050926239446332094
-0.00735689134522749
0.11068715230162303
-0.10772416801284984
-0.11708648097645154
0.11496534280952306
-0.14496965948148227
-0.14124966127094962
-0.0005324035214414047
0.13165802392243325
0.03176042114898597
-0.19972571084829216
0.013966080182020842
0.029621114312383096
-0.3054689132255373
-0.19874255870389973
0.0629876290602395
-0.2898060007500779
0.090042490510157
-0.008327236290305504
0.11980679543207622
-0.06894588789955552
0.029602250171173634
0.005034154607153368
0.013456162142107347
-0.047262143157328046
0.1361530053989191
-0.07933842488984949
0.06675001720920096
-0.050184181750427236
0.0327541940475112
-0.1551314900416511
-0.1514761830798207
0.01177223056360252
0.038947694300401195
-0.20718343836265674
-0.08628763385273414
0.0557387125894825
-0.20082649126816385
-0.06918606121260942
-0.17200964636707766
-3.3306690738754696e-16
0.2008264912681634
-0.06918606121260899
-0.08628763385273387
-0.0557387125894815
-0.038947694300401806
-0.20718343836265635
-0.15147618307982158
-0.011772230563602493
-0.03275419404751151
-0.15513149004165167
0.06675001720920196
0.05018418175042788
-0.13615300539891875
-0.0793384248898499
0.013456162142107764
0.0472621431573282
-0.02960225017117374
0.005034154607152355
0.11980679543207653
0.06894588789955636
-0.09004249051015639
-0.00832723629030549
0.06298762906023989
0.2898060007500781
0.12308047825608917
0.05457807236464739
-0.026644309590225262
0.055078003500635075
0.20030289077227437
-0.08458779384797288
0.003628957115466569
-0.05954250925252447
-0.02581365498989263
-0.049910879018104176
-0.027879138352223554
0.06489256804979293
0.11871437426447123
-0.007104598353120495
0.05817162786870192
0.031200113770396165
-0.05556052444264341
0.09581775763590614
0.05636195750497198
0.01942246126820396
-0.07217749765062295
0.17184146681553975
0.09078996089221195
0.0012504300106928046
0.15033612171940297
0.09963615152285432
-0.08502535054559879
1.3877787807814457e-17
-0.1503361217194022
0.09963615152285377
0.09078996089221208
-0.0012504300106929989
0.07217749765062326
0.17184146681554022
0.05636195750497146
-0.019422461268204287
0.055560524442643
0.09581775763590683
0.058171627868701975
-0.031200113770396
-0.1187143742644709
-0.007104598353119995
-0.027879138352222832
-0.06489256804979317
0.025813654989892798
-0.049910879018104023
0.003628957115466319
0.05954250925252422
-0.20030289077227467
-0.08458779384797334
-0.0266443095902254
-0.05507800350063452
-0.12308047825608984
0.054578072364647824
-0.013888235992267708
-0.019805096130688843
-0.01241655661913893
-0.012859851249231752
0.0189088031631435
-0.057943688940973986
0.10733670543247156
-0.022833327292172106
0.03304610567545849
-0.007928397067648169
-0.0013853435872211856
-0.09239854259791064
-0.01362241211854634
-0.003716356890342304
0.030595620871209664
-0.07299631503808307
-0.051749155733924385
0.05885733991458027
-0.07100179263136415
0.0015287975196534576
-0.04514510065644123
0.006554662306596751
0.003294863114984222
0.0826927271327369
-0.047205501054546906
-0.02859722520321692
-0.021185271510485215
0.0972358925355018
0.22775278747129657
-5.551115123125783e-17
0.021185271510485437
0.09723589253550144
-0.04720550105454713
0.02859722520321728
-0.0032948631149847946
0.08269272713273641
-0.04514510065644152
-0.00655466230659639
0.07100179263136404
0.0015287975196534576
-0.05174915573392451
-0.05885733991458013
-0.03059562087120976
-0.0729963150380829
-0.013622412118546603
0.003716356890341971
0.0013853435872217823
-0.09239854259791094
0.0330461056754581
0.007928397067647586
-0.10733670543247198
-0.02283332729217169
0.01890880316314389
0.0579436889409735
0.012416556619138208
-0.012859851249231759
-0.01388823599226767
0.019805096130688038
-0.1494471608883874
0.058197788272039176
-0.008969960152637665
-0.017333040359458096
0.02713076569915418
0.04578030906134675
-0.0071026374029942285
0.07226507760602172
0.022034455905971376
0.061801270685794094
0.05533745012347899
0.04399658982014515
0.03055220848427273
0.09599873950036425
0.06950615368816554
0.004332736797866263
-0.10938781102591334
0.12319993711407098
0.05397780175855258
0.02008944239196476
0.1192068818186483
0.0846385772878963
-0.012392644293794011
-0.017179035922105665
-0.1415394186281932
0.006652296050935036
-0.01748715234992472
-0.03350490172672814
0.15716857372084636
-0.04062429328137407
0.09477981795025119
3.885780586188048e-16
-0.15716857372084647
-0.04062429328137496
-0.017487152349924318
0.03350490172672824
0.14153941862819186
0.00665229605093496
-0.01239264429379483
0.017179035922105738
-0.1192068818186493
0.08463857728789576
0.053977801758552296
-0.02008944239196539
0.10938781102591348
0.12319993711406982
0.06950615368816546
-0.00433273679786611
-0.030552208484272994
0.09599873950036447
0.05533745012347929
-0.04399658982014524
-0.02203445590597132
0.06180127068579391
-0.007102637402994924
-0.07226507760602185
-0.027130765699153767
0.04578030906134689
-0.008969960152637749
0.017333040359457708
0.14944716088838805
0.05819778827203945
0.057790651354519856
0.2127179253853645
0.0025698927685548767
0.011117012032847484
-0.0031184023055031984
-0.05286968841549586
-0.053488279483153475
-0.034457786465978774
-0.029879302919422077
0.039897952892519406
-0.01936781627388994
-0.003171640022072375
-0.020735585226400413
0.03911097593050282
-0.030284701595105795
0.051618917394801456
-0.027423348884415943
0.04590071787057809
-0.04633357710818872
0.10424869871961509
-0.0210127432232054
0.007181791118802433
0.03936310786097422
0.13218460350421657
0.10496580350953665
7.603764057617646e-06
-0.06578758307130762
0.13060185690426612
0.09846813893157338
-0.01490161214152122
0.14805493707819783
0.08399246269393945
0.013515849072779917
3.608224830031759e-16
-0.14805493707819775
0.0839924626939392
0.09846813893157276
0.014901612141521303
0.0657875830713074
0.1306018569042659
0.10496580350953591
-7.60376405783969e-06
-0.03936310786097409
0.13218460350421718
-0.021012743223204844
-0.0071817911188027245
0.046333577108188376
0.10424869871961508
-0.027423348884415208
-0.04590071787057827
0.03028470159510549
0.051618917394801844
-0.020735585226399858
-0.03911097593050316
0.019367816273890053
-0.003171640022072042
-0.029879302919421993
-0.03989795289251946
0.05348827948315321
-0.03445778646597844
-0.0031184023055035315
0.05286968841549625
-0.002569892768554169
0.011117012032847706
0.05779065135451876
-0.21271792538536374
-0.11279976868991295
0.0858771462017169
-0.019234300644093122
-0.035370436613586506
-0.07620943073223718
0.06365806826026221
0.027715218494150234
-0.006431654813506993
-0.0051710029992023746
0.06596045693584458
0.019640979131726563
-0.020716378656963963
-0.08849623280884354
0.0718868454262759
-0.0016680124608971086
-0.00627734232733998
0.02178187661433345
0.043263432652719064
-0.031918537550520196
-0.014307002348836029
-0.05365876124348543
-0.0330603758089274
-0.05209046336006537
0.004026131078963168
-0.009462414655626972
-0.08436079144033101
-0.030057242535771758
-0.0005956356186325798
0.06701213454062496
-0.08739761769092574
-0.03779018945609092
-0.02515446461566584
-0.2030757860456302
0.030294600177344033
-0.026733465748067176
2.7755575615628914e-17
0.20307578604563015
0.030294600177344144
-0.037790189456089834
0.025154464615666283
-0.06701213454062484
-0.08739761769092597
-0.030057242535772036
0.0005956356186323855
0.009462414655627041
-0.08436079144033012
-0.05209046336006479
-0.0040261310789630606
0.05365876124348551
-0.03306037580892712
-0.031918537550519814
0.01430700234883557
-0.021781876614333617
0.04326343265271955
-0.0016680124608971537
0.006277342327339827
0.08849623280884333
0.07188684542627531
0.019640979131726327
0.02071637865696374
0.005171002999202527
0.06596045693584476
0.027715218494150054
0.006431654813507548
0.07620943073223738
0.06365806826026235
-0.019234300644093316
0.035370436613586395
0.11279976868991295
0.08587714620171627
-0.028314433958787827
0.12206703070658542
0.060666722661330316
0.02469797912500858
0.0067720428788462655
0.09469057317512505
-0.055667025288324484
-0.005900078098892814
-0.03529655000935707
-0.008965575945480433
-0.009491139760247291
0.04262864427244571
-0.01939918507884497
0.04448168994747198
-0.035857079486302824
0.04755588139305425
-0.01973430349933214
0.0026792184539931596
0.022569111001594984
0.057213030048434116
0.02570741928535425
0.0013837298117219399
-0.042679054216278135
0.0384336026331456
0.058325356784807325
-0.05429232884556269
0.050902799624932216
-0.015228049893156806
-0.024861750968891733
-0.038700772578851156
0.019341067431496464
-0.077184390190321
-0.08568566782780958
-0.014770984643753565
-0.019913993783501976
-0.09135993921495994
-0.23557078541709847
-1.3877787807814457e-16
0.0199139937835021
-0.09135993921495922
-0.08568566782780918
0.014770984643753038
-0.019341067431496668
-0.07718439019032072
-0.024861750968892815
0.03870077257885085
-0.05090279962493209
-0.015228049893156993
0.05832535678480763
0.05429232884556276
0.042679054216277594
0.038433602633146116
0.025707419285354943
-0.0013837298117219676
-0.02256911100159585
0.05721303004843429
-0.019734303499331918
-0.0026792184539929514
0.03585707948630265
0.04755588139305408
-0.019399185078844583
-0.044481689947472154
0.009491139760247371
0.04262864427244499
-0.03529655000935661
0.008965575945480309
0.0556670252883244
-0.005900078098892814
0.006772042878846307
-0.09469057317512525
-0.060666722661330295
0.024697979125009026
-0.02831443395878787
-0.12206703070658587
