57.017418692253614
-8.660477242132546e-16
-2.1564894311272234
-1.7515551843325672
-11.615862651408912
-3.380647198937278e-15
2.156489431127222
-1.7515551843325607
2.5949533900066246
-0.24073900154590117
0.8763964746978227
0.06157270412133213
-8.608000732057027
-3.531237308761827e-15
-0.8763964746977962
0.06157270412133063
2.594953390006614
0.2407390015458963
-0.5431449004932187
0.03455938340566299
-1.1317105541807961
-0.07630166421706659
1.0849473708083106
0.04681743228509622
1.198846612014274
-8.988828189247929e-16
-1.0849473708083077
0.046817432285092234
-1.1317105541807928
0.07630166421707008
0.5431449004932124
0.03455938340566465
-1.4043744128448454
-0.1617623036658668
0.14300362500214597
0.15431329672393512
-1.523834921962891
-0.23914603427107348
-0.38386566615672235
-0.6458594915495253
-0.9934942828849075
-7.857528276717189e-16
0.38386566615672063
-0.6458594915495283
-1.523834921962894
0.239146034271071
-0.14300362500215236
0.15431329672393723
-1.404374412844843
0.16176230366586963
1.2147376279483706
0.08177885719638475
0.6519455401266431
0.11982131231114906
-0.3977362176835861
0.4755431704000431
0.13121010070003108
-0.22464476062549407
-0.10365393489181945
0.053061425865485866
2.48680973042505
-4.3667990787588043e-16
0.10365393489181746
0.0530614258654858
0.13121010070003447
0.22464476062549277
0.39773621768358636
0.475543170400041
0.6519455401266434
-0.11982131231114765
-1.214737627948355
0.08177885719638457
-0.32126044030934753
-0.2952233058872903
-0.30758941638905807
-0.09533129069447786
0.19093544990391198
0.34302454459360787
-0.13220553129211238
0.10940360367171464
-0.11180311611321125
-0.019535240460203177
-0.28928020393749027
0.02958975026887986
0.7257895589627581
-1.5543122344752192e-15
0.2892802039374913
0.02958975026888147
-0.11180311611321225
0.019535240460204474
0.1322055312921155
0.10940360367171359
0.19093544990391043
-0.3430245445936052
0.3075894163890598
-0.0953312906944771
-0.32126044030934636
0.2952233058872906
0.6167673748715906
0.06740932062541599
0.24015883825830042
0.06938143464012472
0.1056103251133205
-0.07506549664530576
0.23634986480191092
0.1485679664072061
-0.07905062576347116
0.11585787663390024
0.1515512313294676
-0.024889785549864096
-0.1246206200163914
0.14776708287328916
-2.261474122740599
-1.3877787807814457e-16
0.12462062001639018
0.14776708287329154
0.15155123132946852
0.024889785549863708
0.07905062576347155
0.11585787663389902
0.23634986480191122
-0.148567966407204
-0.10561032511332036
-0.0750654966453051
0.24015883825830042
-0.06938143464012458
-0.6167673748715914
0.06740932062541627
0.10014009262954413
0.1758287926513156
-0.0862335002308233
-0.06898320114313143
0.17136454594823441
-0.1371391711352148
0.04588368549891986
-0.0257746589114443
0.14098227179180306
0.14117530807573636
-0.27804466961691887
0.21117238301081168
0.32737447654982904
0.07056340568594355
0.4197315177002674
0.5609636157655346
-0.3197422323994908
7.494005416219807e-16
-0.41973151770026584
0.5609636157655379
0.3273744765498269
-0.07056340568594305
0.27804466961691854
0.21117238301081098
0.14098227179180367
-0.14117530807573592
-0.045883685498920496
-0.0257746589114458
0.17136454594823458
0.13713917113521445
0.08623350023082285
-0.06898320114313189
0.10014009262954418
-0.17582879265131462
-0.44987450017232666
0.20248941642822352
0.07443392245491523
-0.1338632710336559
-0.00225259667363463
-0.09100223932491347
-0.17038152855755506
0.02270162916216735
-0.05455914858501845
-0.058896240319837805
-0.19125615379921473
0.12121360182741348
0.1614550524773659
-0.07675630900654463
-0.3880413674784241
0.146497488882978
-0.0734071269994591
0.007833610969905924
0.5406576892562363
5.551115123125783e-16
0.07340712699945895
0.007833610969905591
-0.38804136747842455
-0.14649748888297914
-0.16145505247736622
-0.07675630900654487
-0.19125615379921457
-0.12121360182741266
0.054559148585020145
-0.058896240319837125
-0.170381528557556
-0.022701629162167003
0.0022525966736333114
-0.0910022393249128
0.07443392245491559
0.13386327103365508
0.44987450017232666
0.20248941642822355
-0.04575327221409926
0.42484925860660994
0.1835616726634648
-0.12627022826741785
0.0417191103901986
0.025813910112136518
-0.11870591839986189
0.08782722780594215
-0.056249772421251565
-0.015340464263872311
0.36377138710392054
0.025819065023511528
0.08244416952471678
-0.07838922647486465
0.10010294088869837
0.020266132158444458
0.023667787940691465
0.01110811167399288
-0.21576135566694848
-0.1442231442768392
0.41682535141846716
5.551115123125783e-16
0.21576135566694846
-0.14422314427683955
0.023667787940690077
-0.011108111673994607
-0.10010294088869955
0.020266132158443875
0.0824441695247175
0.0783892264748648
-0.36377138710391854
0.025819065023511473
-0.056249772421251065
0.015340464263872478
0.11870591839986383
0.08782722780594174
0.041719110390200015
-0.02581391011213635
-0.18356167266346368
-0.12627022826741746
-0.04575327221409885
-0.42484925860661
-0.5197060338244617
0.15182187931814123
-0.014837761660701054
-0.15440750959198207
-0.040053448232343046
0.03727474555919691
-0.07611038772492792
-0.05555795135727931
-0.10180655974963815
0.028522342107505025
-0.08049980932189471
-0.08497088541765191
-0.03186488760956749
-0.024474004560000498
0.055046507583030285
-0.02839978058580779
-0.012576777222827129
0.00659986060868098
0.3486828660750223
0.025895641289797447
-0.03267337948683682
0.05318510489785356
0.49367014887038696
1.3877787807814457e-15
0.03267337948683592
0.05318510489785162
0.3486828660750213
-0.025895641289797267
0.012576777222825769
0.006599860608681424
0.05504650758303031
0.02839978058580822
0.03186488760956857
-0.02447400456000061
-0.080499809321895
0.08497088541765128
0.1018065597496387
0.02852234210750601
-0.07611038772492756
0.055557951357280144
0.0400534482323429
0.03727474555919727
-0.014837761660702276
0.15440750959198268
0.5197060338244608
0.15182187931814178
-0.015434051768113521
0.12791853373284778
0.13956753322851295
-0.027643199134875895
-0.05697656641653348
0.08627536909857536
0.011847623684180728
-0.046912837277498676
-0.00760774927466365
0.012376529788975799
0.1432799455283681
0.024870662407935125
0.016344119345508612
0.0827018491315011
-0.19528591991269892
-0.04776308011549779
0.03170326167088229
0.012299947180728108
0.1279106179172932
-0.12445537602886889
-0.05012628382405124
0.05124001737089331
-0.013951921031381154
-0.11430671185770898
-0.26029876302986577
7.771561172376096e-16
0.013951921031382902
-0.11430671185770944
-0.05012628382405063
-0.051240017370893384
-0.12791061791729383
-0.1244553760288693
0.03170326167088383
-0.012299947180728056
0.19528591991270022
-0.04776308011549767
0.016344119345508307
-0.08270184913150222
-0.14327994552836737
0.02487066240793565
-0.007607749274662956
-0.012376529788975216
-0.011847623684181088
-0.04691283727749826
-0.05697656641653365
-0.08627536909857642
-0.13956753322851206
-0.027643199134876756
-0.015434051768112633
-0.1279185337328461
0.032519374183307415
-0.09136476154691642
-0.06695447259218812
-0.010400992925505309
-0.07837794958725036
0.0754131785814981
0.01924829889409914
-0.035462474534470545
-0.017425632739817287
0.003968653612262618
0.005990172774240993
-0.025753253032575474
0.12801244014586605
0.03320819667948033
0.18755379435471756
0.06478800913649779
0.005868564626834716
0.04638123319146137
0.043695515352042774
-0.057764942337360584
-0.09119769478120153
0.11430406977493979
0.08564182809698362
-0.05384382770432583
0.2530098930702156
0.09377873251747282
-0.48683445317283286
3.3306690738754696e-16
-0.25300989307021543
0.09377873251747176
0.08564182809698251
0.053843827704325914
0.0911976947812013
0.1143040697749407
0.043695515352043635
0.05776494233736015
-0.005868564626834161
0.046381233191462035
0.18755379435471672
-0.06478800913649711
-0.12801244014586582
0.033208196679480384
0.005990172774240798
0.02575325303257575
0.017425632739817787
0.003968653612263173
0.019248298894098653
0.03546247453447118
0.07837794958725097
0.0754131785814986
-0.06695447259218845
0.01040099292550467
-0.03251937418330714
-0.09136476154691636
0.00340371975225031
-0.25875552958566733
-0.08010470460999905
0.10024711358797805
-0.025378581008905943
0.022705559165583755
0.17869068202974817
-0.026823686221655124
-0.028016163137601566
0.032452221491461014
-0.1684434640155857
-0.01884131930113367
0.11668254832070568
-0.10888143475928774
0.08542252881152523
-0.04864516363318968
-0.0622588817565376
0.07843002710149015
-0.12493814840548421
-0.00043085160553303636
-0.052395578658767566
0.048970811066312986
-0.030480253414936903
0.06731950641214467
-0.022025549428156654
-0.005568785727951275
0.07318944383646955
0.13266063810567574
0.18151197902878713
-1.8041124150158794e-16
-0.07318944383647003
0.1326606381056767
-0.022025549428157945
0.005568785727951803
0.030480253414936154
0.06731950641214525
-0.052395578658766664
-0.04897081106631371
0.12493814840548484
-0.000430851605532967
-0.062258881756538764
-0.07843002710148983
-0.0854225288115249
-0.04864516363318962
0.11668254832070701
0.10888143475928802
0.16844346401558624
-0.018841319301133128
-0.028016163137601163
-0.03245222149146065
-0.1786906820297491
-0.02682368622165493
-0.025378581008905887
-0.022705559165583644
0.08010470460999944
0.100247113587978
0.003403719752250317
0.25875552958566755
0.22426892062453738
-0.16145264040705215
-0.040868580193441306
0.16482052361036537
-0.019000175541631248
-0.021930143622062928
0.041209745321743985
-0.06166849616222353
0.05511922120630945
0.024579157828698628
-0.0018457336231509358
0.1416115045748036
0.027491200374053393
-0.09762225142630263
0.12863522602225114
-0.040257144688434277
0.042646438690204846
0.0646353828853942
-0.10429758423989982
0.1193739072008763
0.1315546382984718
-0.0002055425687947504
0.11990885916981724
0.06717443020159575
0.1368197425852614
-0.08916762722311421
-0.1297991785193966
0.051664318114991205
-0.23998933240549525
-0.1699943190826253
0.46717858845407434
2.7755575615628914e-16
0.23998933240549472
-0.1699943190826269
-0.12979917851939776
-0.051664318114989935
-0.13681974258526164
-0.08916762722311242
0.11990885916981833
-0.06717443020159625
-0.13155463829847086
-0.0002055425687939802
-0.10429758423989982
-0.11937390720087714
-0.04264643869020435
0.06463538288539396
0.1286352260222503
0.04025714468843468
-0.027491200374054336
-0.09762225142630201
-0.001845733623150908
-0.14161150457480337
-0.05511922120631019
0.024579157828698683
0.04120974532174404
0.06166849616222428
0.019000175541631414
-0.02193014362206297
-0.04086858019344147
-0.1648205236103654
-0.22426892062453763
-0.16145264040705098
-0.11198276190236295
-0.24966462074224796
-0.08888351543140097
0.11365418598567575
-0.03761132181202895
-0.050511325112292504
-0.03879611056009477
0.02772496238927802
0.05485718239148235
-0.06175200819479504
-0.012193273636104424
0.026535905217630246
-0.040449713195887915
-0.01511873162365951
0.013230743356068803
-0.044138919137596225
-0.04554822380475438
-0.051818005026796676
0.016680126231582576
0.07402401698808275
0.06917464524391187
-0.040478519721927286
0.22954056764286926
-0.027609176202474828
0.12176637331151519
-0.0292959250791289
0.012835424424198438
-0.036949174416808034
0.2952771988367547
-0.009697181374531405
-0.058276237728533825
-0.12032206823146241
0.11747862694101951
0.0
0.058276237728532965
-0.12032206823146241
0.29527719883675496
0.009697181374532626
-0.012835424424198494
-0.03694917441680712
0.12176637331151634
0.02929592507912869
-0.2295405676428694
-0.027609176202475362
0.06917464524391193
0.040478519721926814
-0.01668012623158166
0.0740240169880837
-0.04554822380475427
0.05181800502679684
-0.013230743356068747
-0.044138919137595656
-0.040449713195889025
0.01511873162365851
0.012193273636104562
0.026535905217630024
0.05485718239148138
0.06175200819479515
0.038796110560094854
0.0277249623892779
-0.03761132181202945
0.050511325112292574
0.08888351543140194
0.11365418598567556
-0.11198276190236262
0.2496646207422477
0.0022619860993594587
-0.0229180755922668
0.02633969697749558
0.13081055865256463
0.009418290102107194
-0.0054588591781521145
-0.004015271226490022
0.13577032174490677
0.03004430022039642
-0.0956636041368335
0.11457682881118628
-0.042711207299447856
0.013758775605052398
0.0026440458718987384
-0.08693005819020155
0.03592146292505083
-0.018153964300126765
-0.026727102621274562
-0.0015095036991950028
-0.03173731249774733
0.09636230753855736
-0.04419386203337061
0.013144863287370884
-0.06536844560237044
-0.09756269068874274
-0.14402389860715636
0.07085532830904087
0.02617538887984032
0.07304192307021982
-0.17903776850873776
0.11789518218814957
0.02631364183762295
-0.004668461636233023
-0.11351134795746154
0.028176098959601048
5.273559366969494e-16
0.004668461636232302
-0.11351134795746165
0.11789518218814929
-0.02631364183762265
-0.0730419230702195
-0.17903776850873726
0.07085532830904066
-0.02617538887984097
0.09756269068874335
-0.14402389860715598
0.013144863287370766
0.06536844560237054
-0.09636230753855687
-0.04419386203337117
-0.001509503699196224
0.031737312497748194
0.01815396430012789
-0.026727102621274146
-0.0869300581902015
-0.03592146292504991
-0.013758775605051898
0.002644045871899342
0.114576828811186
0.04271120729944817
-0.030044300220395836
-0.09566360413683221
-0.004015271226489606
-0.135770321744907
-0.009418290102106652
-0.00545885917815167
0.026339696977496108
-0.13081055865256436
-0.002261986099359445
-0.022918075592267134
-0.05186995396303598
0.03470821716364447
-0.025322694766959808
0.03801532975070124
-0.02150078529825601
-0.00891064572058381
-0.057273393923340285
0.061647621534459865
0.007049339042308436
-0.07500452575686815
0.010196819363177734
-0.0674525257138696
-0.015582394769283386
-0.03120957017623799
-0.03467758363797341
0.05832840734896305
-0.011959150970709237
0.028014492124108836
0.06860252455355544
-0.015133487704521414
-0.02325918967317838
-0.005458647811440287
0.11658058142372774
-0.018925449546698725
0.14924402006108883
-0.008751230467958282
0.009010526418687409
-0.06188328525560867
0.07206416366059534
0.0008611623446128924
0.0335448510078718
-0.13702576027748692
-0.07365210269462998
-0.0011077843861984002
0.14006865681890598
-0.14966148688388992
-0.12153662559867022
-4.163336342344337e-16
-0.1400686568189065
-0.14966148688388947
-0.07365210269462868
0.0011077843861995451
-0.03354485100787123
-0.13702576027748667
0.0720641636605943
-0.0008611623446126773
-0.009010526418686937
-0.06188328525560802
0.1492440200610894
0.008751230467958504
-0.11658058142372651
-0.018925449546699016
-0.023259189673178776
0.005458647811440023
-0.068602524553555
-0.01513348770452079
-0.01195915097070871
-0.028014492124108684
0.03467758363797333
0.058328407348962386
-0.015582394769283858
0.031209570176238377
-0.010196819363176679
-0.06745252571386948
0.007049339042308325
0.07500452575686803
0.05727339392333983
0.061647621534459275
-0.02150078529825575
0.00891064572058406
0.025322694766960085
0.03801532975069999
-0.051869953963036536
-0.03470821716364436
