42.75340008583566
-1.15929519015597e-16
-2.049956777532321
-3.127086836363805
-2.5691608292692854
2.342729577482715e-16
2.0499567775323198
-3.1270868363638007
1.2149216952387007
2.1666609245311284
2.5113975564482836
0.9729128156378315
5.802586905648219
2.681350992499973e-15
-2.5113975564482764
0.9729128156378346
1.214921695238705
-2.166660924531126
-0.8244927052984701
0.6221452960443474
1.742678795528127
0.6027201871498423
0.16784833684303213
-0.8140816305865596
-0.44895041632269034
6.598507189938045e-17
-0.16784833684303258
-0.8140816305865627
1.742678795528128
-0.6027201871498378
0.8244927052984699
0.6221452960443529
-1.2702036681667082
-0.8314214048868099
-1.6348592064191847
-0.4498855198707051
0.5549333523608425
1.2204284562588532
0.3621955985773361
-0.2713268533368466
-2.524565096870372
2.912597596326318e-16
-0.3621955985773397
-0.27132685333684475
0.5549333523608471
-1.2204284562588514
1.634859206419184
-0.44988551987070297
-1.2702036681667073
0.8314214048868113
-0.1269085695999378
0.44120984715303785
-0.055031055557200004
0.26878132214200706
-0.2524073476207375
0.3118554327914841
0.03272653986278162
-0.2736051606577412
-0.3527325512858491
-0.11661787140533252
-0.8659021693764656
-2.8368566759246916e-16
0.3527325512858508
-0.11661787140533167
0.03272653986278051
0.27360516065773727
0.2524073476207353
0.31185543279148265
-0.05503105555720418
-0.2687813221420058
0.12690856959993757
0.441209847153037
0.13461375845047507
0.37239691089682186
0.6782267467441927
-0.4576525059853694
-0.7121814185507537
-0.9418214351180401
0.2207466587575786
0.21861007724874773
0.10628909090460448
0.03707107974273616
0.19376741012456677
-0.10658211136678097
-1.2980083195995786
-1.1102230246251565e-16
-0.19376741012456616
-0.10658211136677909
0.10628909090460237
-0.03707107974273699
-0.22074665875757976
0.21861007724874745
-0.7121814185507548
0.9418214351180421
-0.6782267467441903
-0.4576525059853686
0.13461375845047496
-0.37239691089682236
0.4685800891061238
0.18484340538204308
-0.08638645057408167
-0.6045177523613101
-0.07053604228782417
-0.04718551315868909
0.02551428908732558
0.030922320883555343
0.5749093344711544
0.12091977335340243
-0.1728065657116053
-0.47471737230365124
-0.3414751428413745
0.22185073039892148
0.792930584030113
-1.1379786002407855e-15
0.34147514284137553
0.2218507303989215
-0.17280656571160463
0.47471737230365263
-0.574909334471155
0.12091977335340315
0.025514289087327086
-0.030922320883554955
0.07053604228782356
-0.04718551315869007
-0.08638645057408115
0.6045177523613112
-0.46858008910612303
0.1848434053820451
-0.4178505944993819
-0.17966008736386982
-0.2700133601649001
0.7276585064565879
0.2727213647217901
0.12191810921289215
0.21888948901180139
-0.18892651044002695
-0.1874265269630956
-0.1715592185841559
0.029332686864389945
0.13218679231421668
0.10559661688270705
0.2765180878876129
0.23525773662335214
0.07813795049530914
0.08347799506790743
1.609823385706477e-15
-0.23525773662335414
0.07813795049531103
0.1055966168827065
-0.2765180878876118
-0.02933268686439
0.13218679231421648
-0.187426526963096
0.1715592185841565
-0.2188894890118017
-0.1889265104400255
0.2727213647217912
-0.1219181092128935
0.2700133601649005
0.72765850645659
-0.41785059449938233
0.17966008736387015
-0.32226023145309957
0.12032028269573786
0.026154723132663316
-0.037299711011238634
0.26968924774386227
0.013084104362164437
-0.1391526202154917
-0.14134891689389784
-0.18432293634920605
0.10461926134064148
0.01859763732818437
0.25904001995427833
0.18591506684427947
-0.12590844170953233
-0.6344201573728254
-0.141415336725953
-0.4980600305212422
0.06523942495591062
-0.39729997583686627
1.942890293094024e-16
0.49806003052124026
0.06523942495591051
-0.6344201573728252
0.14141533672595397
-0.18591506684427972
-0.12590844170953103
0.018597637328184313
-0.2590400199542785
0.18432293634920494
0.1046192613406417
-0.13915262021549107
0.1413489168938979
-0.26968924774386277
0.013084104362164214
0.02615472313266287
0.037299711011238856
0.32226023145310034
0.12032028269573725
-0.05676064847540596
-0.09833355487007508
0.10173152359484544
-0.2676360479005912
-0.32058338537704845
-0.21970954078871546
-0.24935234739090958
0.12725157559760764
0.012586637040841675
0.08696464167784396
0.20356213634149534
-0.14550339737221626
-0.053286025837961326
-0.11909357821715699
0.2639267291835441
0.26211421324290946
0.21370895522938524
-0.06590936296627459
0.27907903038611787
0.05115773902745542
0.09462985766152726
2.498001805406602e-16
-0.27907903038611725
0.051157739027455046
0.21370895522938413
0.06590936296627514
-0.2639267291835444
0.2621142132429077
-0.05328602583796149
0.11909357821715608
-0.20356213634149609
-0.14550339737221682
0.012586637040841037
-0.08696464167784529
0.24935234739090906
0.12725157559760805
-0.32058338537704956
0.21970954078871535
-0.10173152359484486
-0.2676360479005919
-0.056760648475405934
0.09833355487007547
-0.28223684635466284
-0.1613204316352752
-0.13108683266375365
0.07760396844844383
-0.010139896562777487
0.04475628541273877
-0.07322956906010905
-0.11700112201692206
0.06405443209672727
-0.14324349229032052
-0.23443158247896556
-0.17872955429840498
-0.13844106098354034
-0.008511104242699574
-0.08425205493303328
-0.09621884590498728
0.07749179777592932
-0.24052512061118328
-0.12020279645954968
-0.06638520517804589
-0.07098739088097562
-0.08050192217102031
0.23442088909251954
-2.7755575615628914e-16
0.07098739088097533
-0.08050192217102028
-0.12020279645954866
0.06638520517804584
-0.07749179777593015
-0.24052512061118278
-0.08425205493303348
0.09621884590498664
0.13844106098353964
-0.008511104242699997
-0.23443158247896656
0.17872955429840395
-0.06405443209672683
-0.14324349229032038
-0.07322956906010886
0.11700112201692098
0.010139896562776474
0.04475628541273685
-0.13108683266375426
-0.07760396844844407
0.2822368463546644
-0.1613204316352752
-0.1292095199308576
-0.0649674457305981
0.0934318127668341
0.08196313016546533
0.13398448641057373
0.028052654858633105
0.11150218851788318
-0.16417314499877733
-0.09432988339969411
-0.1729128871993709
-0.12680502366134372
0.16010921291729385
0.11119035019573861
0.05587949631465408
0.05300071852181608
-0.18174130704020877
0.106264431364361
0.10951900500071676
0.04207852571930229
0.016901411207115025
0.1686329362901055
0.14801282785867137
0.027644179216720466
-0.04762446180361771
-0.06086277121890793
-1.6653345369377348e-16
-0.027644179216721465
-0.04762446180361757
0.1686329362901055
-0.14801282785867192
-0.04207852571930286
0.016901411207115663
0.10626443136436176
-0.10951900500071697
-0.0530007185218159
-0.1817413070402092
0.11119035019573942
-0.05587949631465415
0.12680502366134416
0.16010921291729374
-0.09432988339969331
0.17291288719937076
-0.11150218851788266
-0.16417314499877816
0.13398448641057345
-0.028052654858633536
-0.09343181276683321
0.08196313016546586
-0.12920951993085739
0.0649674457305977
0.02625026845438662
-0.26292407216602925
-0.12967657726335124
0.11602910482446277
-0.16648376942566948
0.06835438040875626
0.056138908856239886
0.15125807074478692
0.05730543731579406
-0.030904636201126504
0.024506092613597687
-0.036562059806530156
0.0007627111474303172
-0.006531432446880467
-0.07528038634626033
0.14782804898624785
-0.03857136293790969
-0.028324073222771445
-0.03499421438470812
0.17539971779519703
-0.2606748588042227
-0.022125267926885073
-0.2508911669796624
0.24069498522706145
0.009921357219851337
0.005409546731370354
-0.32378302730984576
7.771561172376096e-16
-0.009921357219852059
0.005409546731369258
-0.2508911669796625
-0.24069498522706093
0.2606748588042229
-0.022125267926884074
-0.034994214384708094
-0.17539971779519598
0.03857136293791065
-0.02832407322277114
-0.0752803863462595
-0.14782804898624838
-0.0007627111474299009
-0.006531432446880564
0.02450609261359831
0.036562059806531155
-0.05730543731579324
-0.030904636201126684
0.05613890885624029
-0.15125807074478564
0.16648376942566961
0.06835438040875633
-0.12967657726335008
-0.11602910482446227
-0.026250268454387285
-0.26292407216602964
0.03489694418183431
-0.05986525352754167
-0.047182073651338016
-0.08467246182586399
-0.14507702949884577
0.09908607086640141
-0.015116670450621483
0.18425458769561895
0.1398024445263606
0.13490244240326948
0.0883286863666101
-0.17710682520787446
-0.15062609100718125
0.03749561053042978
0.019754566449602655
-0.025770387229567454
-0.07226975866760395
0.010151354005279317
-0.028875884860581597
-0.0647891080064168
0.04748754790560708
0.0076847918586868125
0.04930798229600081
0.005303956759243583
-0.10211954900295633
-0.15649974748541146
-0.11414085392320363
-0.20891445016354449
-0.2276696207077622
-1.1518563880486e-15
0.11414085392320343
-0.20891445016354465
-0.1021195490029553
0.15649974748541085
-0.04930798229600175
0.005303956759245096
0.047487547905606234
-0.007684791858687118
0.028875884860581666
-0.06478910800641663
-0.07226975866760396
-0.010151354005279015
-0.019754566449602037
-0.025770387229567385
-0.15062609100718208
-0.037495610530429296
-0.08832868636661079
-0.177106825207874
0.1398024445263612
-0.13490244240326937
0.015116670450621136
0.1842545876956193
-0.14507702949884538
-0.09908607086640077
0.04718207365133761
-0.08467246182586363
0.03489694418183459
0.059865253527540956
0.2635096807223767
-0.04845940046571329
0.1574133382586303
0.025024740197320844
0.08674652479841985
-0.18503944740034564
-0.13985130065466583
0.04503215116192767
-0.12317026131462787
0.12706751441795705
-0.02627446644246366
0.12241765942221913
0.01614073183460879
0.003628755261032235
-0.050477789633236514
0.016775019231677166
-0.12199887019961989
0.004497034495011071
-0.1527488424001328
0.09538130323311181
-0.07555964538367017
0.017599766422398466
-0.15208118189279474
-0.1026823500909029
-0.04105901312616034
0.07495359556150727
0.15094360172981405
-0.05974875705032942
0.0742460062153894
-0.0100375587652132
0.3144472591825861
-1.942890293094024e-16
-0.07424600621538907
-0.010037558765212909
0.15094360172981341
0.059748757050329324
0.0410590131261607
0.07495359556150791
-0.15208118189279546
0.1026823500909019
0.07555964538367065
0.01759976642239952
-0.15274884240013267
-0.0953813032331116
0.12199887019961929
0.004497034495011681
-0.05047778963323718
-0.01677501923167654
-0.01614073183461031
0.0036287552610316798
-0.026274466442464603
-0.12241765942221977
0.12317026131462744
0.127067514417957
-0.1398513006546664
-0.04503215116192816
-0.08674652479842071
-0.18503944740034603
0.1574133382586302
-0.02502474019732015
-0.2635096807223774
-0.04845940046571298
0.00820656045332363
-0.08485805552709044
-0.041473189728858495
0.013733745247831886
0.11756532118987945
0.019888894326542117
0.04688330645220329
-0.09269206102365621
-0.07230723523467715
-0.016177631249731927
0.013390898253851535
0.0617949638435438
0.021487474622655794
0.056471730240100076
0.07603016241952651
-0.08314141198714307
-0.004579267435129625
-0.03649636000013644
0.03460885745533809
0.006836959980312751
0.0221680187772256
-0.10115575791489323
-0.03666528651287854
-0.09144406630731514
0.07786557965069285
-0.03699667482218261
0.1571354864207225
-0.1524885981007687
0.012645770463723324
-0.010686460562592343
0.022054963996329557
-0.0041938392636510224
0.1778493755806171
5.48172618408671e-16
-0.022054963996328926
-0.0041938392636511335
0.012645770463722686
0.010686460562592232
-0.1571354864207223
-0.1524885981007698
0.07786557965069257
0.036996674822182274
0.036665286512878134
-0.09144406630731539
0.022168018777224574
0.10115575791489247
-0.03460885745533865
0.006836959980312446
-0.00457926743512907
0.03649636000013559
-0.07603016241952656
-0.08314141198714284
0.021487474622656377
-0.05647173024010063
-0.013390898253851369
0.06179496384354277
-0.07230723523467703
0.016177631249732077
-0.04688330645220298
-0.0926920610236569
0.11756532118987889
-0.01988889432654261
0.0414731897288593
0.013733745247832274
0.008206560453323186
0.08485805552709086
-0.08663228726491921
-0.043213744392593234
-0.04294914723136971
0.0689816801178262
0.16393231926374133
0.08263073259590355
0.18733459439792532
0.026141075551348952
0.14384913790134574
-0.13745022962240244
-0.1122632050491797
0.022171181645772142
-0.0832743012663064
0.09577530682508316
0.1401442633993483
0.09113225766707353
0.05810856690178526
-0.06919023842705671
-0.027953831068336432
0.06126257582365454
0.08750032334953804
0.18173747263259532
0.08543757587215411
0.029487404830511196
-0.06220697579403184
0.09962127042288815
0.07416708998898087
0.19128564793218664
0.10315319491446912
0.09039611848909318
-0.07004285737452548
0.15114494767424538
-0.07659656860256692
0.16471405985882995
-0.16956918181931846
6.245004513516506e-17
0.07659656860256636
0.1647140598588297
-0.0700428573745255
-0.1511449476742452
-0.10315319491447017
0.09039611848909301
0.07416708998898067
-0.19128564793218633
0.06220697579403133
0.09962127042288801
0.08543757587215467
-0.029487404830511224
-0.08750032334953814
0.18173747263259535
-0.027953831068336904
-0.061262575823655165
-0.05810856690178595
-0.06919023842705685
0.14014426339934904
-0.09113225766707372
0.08327430126630642
0.09577530682508328
-0.11226320504917907
-0.022171181645772586
-0.14384913790134626
-0.13745022962240255
0.18733459439792646
-0.02614107555134909
-0.16393231926374113
0.0826307325959036
-0.042949147231370596
-0.06898168011782685
0.08663228726491926
-0.043213744392594566
0.09111998982576015
0.004682113218222705
-0.05183061928699623
-0.035123862594316935
-0.042702465738431394
0.0006005031383336246
-0.04935849655707866
0.04817326332695156
0.09456343687193558
0.09937902003574847
0.03485431956301662
-0.03944575970724604
-0.11591837623609225
0.017104318618326397
-0.03281592583829082
0.14764828011696085
0.05891351479046289
0.05577919773430596
0.006594258101246225
-0.06047782307197758
-0.03504404598166755
0.028543064033178772
0.12063162230086784
-0.06918526611411854
-0.04756887147073116
-0.06579333961610254
0.10434951949043342
0.044185712042427085
0.046873257840308144
-0.08533793521232114
-0.07898862599698037
0.03381929761639306
-0.09013258728794536
0.008220549846244873
0.1156124691890682
0.006926789482769147
-0.24155047398536825
-4.163336342344337e-16
-0.1156124691890687
0.006926789482769882
-0.09013258728794486
-0.008220549846244679
0.07898862599698009
0.033819297616392796
0.04687325784030824
0.08533793521232079
-0.10434951949043325
0.044185712042426634
-0.047568871470730786
0.06579333961610284
-0.12063162230086827
-0.0691852661141183
-0.03504404598166762
-0.028543064033179133
-0.006594258101245726
-0.06047782307197766
0.05891351479046329
-0.055779197734306216
0.03281592583829074
0.14764828011696124
-0.11591837623609208
-0.01710431861832623
-0.03485431956301677
-0.039445759707246134
0.09456343687193525
-0.09937902003574825
0.04935849655707826
0.048173263326951876
-0.04270246573843145
-0.0006005031383339299
0.051830619286996574
-0.035123862594317656
0.0911199898257606
-0.004682113218222622
