45.40379952201813
-2.573662524685303e-15
3.8090345521454605
-3.1267448025578752
-6.105663427166363
-2.4067771727311727e-15
-3.8090345521454436
-3.126744802557876
2.1759416255411494
1.2606633033662638
-1.2699863362644557
0.029400155369014698
-7.019368214767034
-5.721530233831475e-15
1.269986336264459
0.029400155369016034
2.1759416255411432
-1.260663303366268
0.9386658406024673
0.9763118298005063
0.23035237452342883
-0.8992471668985987
-2.04897393375751
1.0709750809343033
0.943747652732487
4.0839446510681837e-16
2.0489739337575115
1.0709750809342997
0.23035237452342816
0.8992471668985995
-0.9386658406024737
0.9763118298005076
0.11681191043003783
-0.8875628499823573
0.25652879020046065
0.23770980013666804
-0.8929038250428143
-0.14956026990905308
1.2791838724651767
0.4574596220688295
-0.682529453820725
-3.0887773946047516e-16
-1.2791838724651683
0.4574596220688298
-0.8929038250428132
0.14956026990905252
-0.25652879020046004
0.23770980013666787
0.11681191043004091
0.8875628499823583
1.0712489186853091
0.9434723273602137
-0.2538761660090133
0.6130776706147697
-0.7741124050157583
0.030019584588048598
-0.2955745028349218
0.6024854949930113
0.5301829394400625
0.17616576930424285
0.866986617225431
2.090013384982483e-15
-0.5301829394400617
0.17616576930424402
-0.2955745028349216
-0.6024854949930113
0.7741124050157573
0.03001958458804932
-0.25387616600901286
-0.6130776706147707
-1.0712489186853078
0.9434723273602117
0.11003147168436223
0.11070265596599205
-0.4369926354878285
-0.37574089907166525
-0.4656326899205518
-0.06630392449976819
-0.013291330951681835
-0.24493505089650125
0.307983667340857
-0.24985488500631853
-0.5323795985336512
-0.6544277378383886
1.1545546738461736
-7.355227538141662e-16
0.5323795985336495
-0.654427737838388
0.30798366734085847
0.24985488500631794
0.013291330951681751
-0.24493505089650086
-0.46563268992055257
0.06630392449976766
0.4369926354878282
-0.3757408990716635
0.11003147168436239
-0.1107026559659926
-0.47292186738534703
-0.6454867684177262
0.1607603338147101
0.02084188888847799
-0.16297577989139786
-0.040232790017966674
0.11977104151161902
-0.06790571496812196
0.2704705177097918
-0.23757522429341954
0.1125042813110366
-0.1427466874550402
0.172188966644496
-0.26007047486261425
-0.8185191806837055
-6.869504964868156e-16
-0.17218896664449584
-0.26007047486261337
0.11250428131103593
0.14274668745503974
-0.2704705177097912
-0.2375752242934211
0.11977104151161971
0.06790571496812157
0.16297577989139667
-0.04023279001796723
0.16076033381471078
-0.020841888888478016
0.47292186738534703
-0.6454867684177259
-0.4805806443582801
-0.18288250293304698
0.1307368618557151
0.3756648855242587
-0.15419989830606698
-0.14479592127570662
-0.04849500913086378
-0.15814115169434168
0.3618184564495945
-0.009637267474792294
0.014168590509463064
0.04586015159746773
0.059875508201566285
0.11230256789970314
-0.18041429119110952
0.23804611549531862
-0.6572987302145769
-1.3877787807814457e-15
0.1804142911911105
0.23804611549531765
0.05987550820156606
-0.11230256789970205
-0.014168590509463383
0.04586015159746849
0.36181845644959393
0.00963726747479092
0.04849500913086412
-0.15814115169434179
-0.15419989830606423
0.1447959212757059
-0.1307368618557149
0.3756648855242596
-0.4805806443582822
0.1828825029330496
-0.3030943285512461
-0.38195361979235665
-0.1978136274695383
0.14517880906483838
0.20698734580288286
-0.16282748291507415
0.10394086409425694
-0.11834252530764582
0.200183352275507
0.07568892168899438
0.06915845928510936
-0.12240727409569468
0.1477122305004001
0.23370502430286264
-0.08955990617310682
-0.045710664601104636
-0.1573421815808682
0.016121242009992598
0.42969826848481063
-1.3322676295501878e-15
0.15734218158086988
0.016121242009992154
-0.0895599061731075
0.04571066460110357
-0.1477122305003987
0.23370502430286244
0.06915845928511033
0.1224072740956948
-0.20018335227550754
0.0756889216889943
0.10394086409425797
0.11834252530764415
-0.20698734580288178
-0.16282748291507376
-0.19781362746953884
-0.14517880906483827
0.3030943285512464
-0.38195361979235604
-0.5281567339780512
0.2508028555484836
-0.005311196294047638
-0.16207804726099506
0.22841197257493434
0.12108622774290279
0.022170767764153082
0.1295951635407284
-0.1737449408798353
0.25468253153731785
0.13583048235788386
0.1587599211021082
-0.1649042574679276
0.18648954917031466
-0.15661512139223022
0.014376387333912222
-0.3546678555350453
0.09820709996399302
0.4096053119448619
0.1691432589038721
0.36506695818652474
-1.5265566588595902e-15
-0.4096053119448633
0.16914325890387316
-0.35466785553504643
-0.09820709996399268
0.15661512139222888
0.014376387333912333
-0.16490425746792775
-0.18648954917031488
-0.1358304823578832
0.15875992110210824
-0.17374494087983583
-0.25468253153731923
-0.022170767764153276
0.12959516354072828
0.2284119725749339
-0.12108622774290234
0.0053111962940469715
-0.1620780472609954
-0.5281567339780486
-0.25080285554848303
-0.33774369960146255
0.36225196779419666
0.20676524698675589
-0.15500552040480803
-0.004957247235466922
0.10082706430482713
-0.017042968074296977
-0.04825420622550264
-0.13981933658575224
0.06061957160978554
0.062034656905754715
0.039513708201019626
-0.20474513692900081
-0.15411595911572165
-0.12326747930015312
0.06891583503876292
-0.2021911187028377
-0.19428644938814515
0.3479583801289394
0.044996577337698324
-0.05746413915556042
0.03912084564657538
-0.0937164245504527
-1.9012569296705806e-15
0.057464139155561866
0.0391208456465746
0.3479583801289391
-0.04499657733770035
0.2021911187028395
-0.19428644938814565
-0.12326747930015375
-0.06891583503876213
0.20474513692900068
-0.15411595911572248
0.06203465690575605
-0.039513708201020195
0.13981933658575074
0.06061957160978543
-0.01704296807429763
0.0482542062255035
0.004957247235466644
0.10082706430482789
0.2067652469867572
0.15500552040480758
0.33774369960146283
0.3622519677941975
-0.05436745562396322
0.10607622783729292
0.10892978374953208
-0.053421203402636785
-0.09215826056126267
0.0025870584734763724
0.02665525374660438
-0.016230453042050952
0.037941387217241426
-0.0840284610782622
-0.07618581924283896
-0.11729768039975358
0.11732364986897559
-0.1562717694546762
-0.10132553730513146
0.039843762520134524
0.0028898747682924164
-0.1442090919376523
0.13929287780749036
0.05610106463499406
0.3805510989790116
-0.14278897325372175
-0.2747939807576354
-0.17715238322704807
-0.2305238113535451
5.551115123125783e-17
0.2747939807576347
-0.17715238322704757
0.3805510989790102
0.1427889732537218
-0.13929287780749025
0.05610106463499383
0.0028898747682919654
0.144209091937653
0.1013255373051314
0.03984376252013394
0.11732364986897614
0.15627176945467536
0.07618581924283896
-0.1172976803997543
0.03794138721724133
0.08402846107826262
-0.02665525374660531
-0.01623045304205123
-0.09215826056126339
-0.002587058473476761
-0.1089297837495316
-0.05342120340263562
-0.05436745562396361
-0.10607622783729254
-0.14023127676825287
0.10735337204491158
0.04822511908624483
-0.14931507304789995
0.07995054084275231
-0.03330111320425805
0.17996844856281335
-0.03195232158054094
0.055597283736366826
0.03179878094492272
-0.049892318926610835
-0.028074976375440402
0.08904636220215353
-0.0675875028663076
-0.04935999662688961
-0.02970832997980305
0.07498974145184278
0.06757115284537527
0.124952594809569
-0.06156741697834862
0.07880329406838481
0.11098990716138324
-0.4074631221717369
-0.05571425574591128
0.14514285838794355
-0.012595334053455531
-0.13110145694088915
-1.5265566588595902e-15
-0.14514285838794366
-0.012595334053455975
-0.40746312217173697
0.055714255745909824
-0.07880329406838477
0.1109899071613828
0.12495259480957063
0.06156741697834875
-0.07498974145184266
0.06757115284537492
-0.049359996626889946
0.02970832997980294
-0.08904636220215349
-0.06758750286630694
-0.049892318926611
0.028074976375440014
-0.05559728373636663
0.03179878094492329
0.17996844856281274
0.03195232158054179
-0.07995054084275173
-0.03330111320425766
0.04822511908624422
0.14931507304789995
0.1402312767682523
0.10735337204491147
0.2030577692630389
-0.17316595755519132
0.16828528110603042
0.03185773039754469
0.13455514800587787
0.09520452443700647
0.025543670217877804
0.06010646435596817
0.05569232457327141
0.009078542779344695
-0.01291915130899246
0.008151911482041418
-0.011616633449751612
0.08441542689708542
0.06887485374522195
0.06595778623801185
0.03716652917012375
0.03346921431968711
0.126855660804466
-0.04927658856181601
0.05282203053818632
0.029921714462280147
0.019195324582526457
-0.02708394881519574
-0.22825604931206048
0.09267732099629537
0.08317464677772389
0.035137159941557444
0.1676537905423911
-6.661338147750939e-16
-0.08317464677772393
0.03513715994155821
-0.22825604931206078
-0.0926773209962958
-0.019195324582526
-0.027083948815195297
0.05282203053818613
-0.02992171446228087
-0.12685566080446503
-0.0492765885618166
0.03716652917012381
-0.033469214319686025
-0.06887485374522209
0.0659577862380119
-0.011616633449750988
-0.08441542689708517
0.012919151308993404
0.008151911482042001
0.05569232457327093
-0.009078542779344369
-0.025543670217877915
0.06010646435596876
0.13455514800587787
-0.09520452443700644
-0.1682852811060307
0.031857730397544914
0.20305776926303815
0.17316595755519062
0.20483334264067996
-0.12699297558761435
-0.013031775213592806
0.11423414933597718
-0.06864707668017114
0.10776205820655071
-0.1469577979955044
0.02012911125533387
-0.011276469702777944
-0.13002295759179322
-0.1410129260611181
0.08058775538372191
-0.07676693031040757
0.01430039335947772
0.03771467721688878
0.03370249779566874
-0.0647785657714971
0.06132938664583873
-0.12913501444029613
0.05510394003771048
0.012589780977264348
-0.011122926166785146
-0.11678094337555535
0.09222887055704887
-0.007264857533607838
-0.06494964587883229
0.12241836908388798
0.07935881101896042
-0.10250120565676796
0.0001381697687836414
0.1809491899695509
-9.992007221626409e-16
0.1025012056567684
0.0001381697687831418
0.1224183690838882
-0.0793588110189603
0.007264857533607394
-0.06494964587883356
-0.11678094337555531
-0.09222887055704808
-0.012589780977264486
-0.011122926166785674
-0.12913501444029557
-0.05510394003771017
0.06477856577149649
0.06132938664583937
0.037714677216888974
-0.033702497795668016
0.07676693031040777
0.01430039335947815
-0.14101292606111784
-0.0805877553837219
0.01127646970277807
-0.13002295759179405
-0.14695779799550418
-0.02012911125533423
0.0686470766801707
0.10776205820655013
-0.013031775213593152
-0.11423414933597804
-0.20483334264068054
-0.12699297558761413
0.02732148986509756
-0.03379978936150962
-0.1317058887775137
0.03573102832528521
0.022189542089844
-0.09831856715097084
-0.012925921525717768
-0.1285565934314337
0.0881794122203684
-0.02380077199611872
-0.10016813457050819
0.06949628478806624
-0.06256140450880054
-0.07245634136259901
0.028323677449526824
-0.020706827942815087
0.002642013343956029
-0.086207054209647
0.0007641412008224657
-0.013882284384984622
-0.03721701559595954
0.013836835325766378
-0.13715564505823244
-0.02179236290310224
-0.038108329187330314
0.022602551773045543
-0.1122992944178123
-0.04805496290069769
0.215243888334933
-0.06312739473589263
0.007152585362455513
0.029191172949286276
-0.15866263776970396
-6.661338147750939e-16
-0.007152585362456644
0.029191172949286914
0.21524388833493266
0.06312739473589263
0.11229929441781172
-0.04805496290069816
-0.038108329187330425
-0.0226025517730451
0.13715564505823225
-0.021792362903102123
-0.03721701559595944
-0.013836835325766156
-0.0007641412008228543
-0.013882284384984012
0.0026420133439556404
0.0862070542096468
-0.028323677449526713
-0.020706827942814837
-0.06256140450880068
0.0724563413625991
0.10016813457050776
0.06949628478806605
0.08817941222036887
0.023800771996119043
0.01292592152571747
-0.12855659343143316
0.022189542089843306
0.09831856715097079
0.13170588877751416
0.03573102832528505
0.02732148986509822
0.033799789361508986
0.17282748591702252
-0.04297928787447536
0.028285032900479457
-0.037497385594391
0.05835818991696501
-0.058106767124323715
-0.0032784575439260832
0.07032967964816733
0.007709194673972845
0.032621958019708824
-0.049416067944204625
-0.04091749610873248
0.048611124796274024
0.006420268252328526
-0.0058447436421231735
-0.01595438613299756
0.07617468219645601
-0.01900064194568271
-0.0015621146045117495
-0.020424875178236546
0.05098890567632039
-0.07943010251323548
0.10467343065710988
-0.03671161069645609
-0.04115698749678337
-0.0028299752003954834
-0.03629491061596267
-0.09886156022992215
-0.04298186067927656
0.05805301424134543
0.4931722839503655
-0.1555284280364911
0.041927098719830594
-0.07778194719008455
-0.3348208748256354
-1.5543122344752192e-15
-0.04192709871983105
-0.07778194719008451
0.4931722839503645
0.15552842803649092
0.04298186067927623
0.05805301424134565
-0.036294910615962295
0.09886156022992157
0.04115698749678376
-0.0028299752003946646
0.10467343065711049
0.03671161069645612
-0.05098890567632075
-0.07943010251323558
-0.0015621146045124157
0.020424875178236122
-0.07617468219645523
-0.01900064194568274
-0.005844743642123479
0.015954386132997517
-0.048611124796274316
0.006420268252327915
-0.049416067944204445
0.04091749610873206
-0.0077091946739724845
0.03262195801970902
-0.003278457543925875
-0.07032967964816744
-0.05835818991696404
-0.05810676712432388
0.028285032900478943
0.03749738559439078
-0.17282748591702177
-0.04297928787447412
0.14033322145270224
0.0457194640248654
-0.03206222211035975
0.07004725059636015
-0.040987932555847706
-0.01943205939382081
-0.0808412946023639
0.06436499052860803
-0.03136219043914457
-0.020551898199061655
0.014609586023597132
0.005529327419418001
-0.032016733730491485
0.016726834389316957
0.0808589625767756
0.01517898297556091
0.03410472618079974
0.046305819468767495
0.03161657739564511
-0.039170441068986095
0.018182118108453355
0.06902335053861983
-0.03725793205347128
-0.1104370074769214
0.052610653759411166
-0.011205592742590684
0.04533609324355013
0.05600368257944856
0.002496055840593453
-0.062194901546829884
0.16886515272938307
0.08718472171737118
-0.011446970985594912
-0.028440131389444567
-0.03328144341919889
-0.12379334159455999
0.026787994998430237
-5.551115123125783e-16
0.03328144341919945
-0.12379334159456086
-0.011446970985595106
0.02844013138944418
-0.16886515272938396
0.08718472171737125
0.002496055840592648
0.062194901546829384
-0.04533609324355058
0.05600368257944846
0.052610653759411555
0.011205592742590365
0.037257932053471415
-0.11043700747692134
0.018182118108452994
-0.0690233505386198
-0.031616577395644836
-0.039170441068985984
0.03410472618080018
-0.04630581946876741
-0.08085896257677556
0.015178982975560654
-0.032016733730491104
-0.01672683438931674
-0.014609586023597437
0.005529327419417862
-0.031362190439144344
0.020551898199062044
0.08084129460236389
0.06436499052860783
-0.040987932555847734
0.019432059393821144
0.03206222211035875
0.07004725059635947
0.14033322145270152
-0.045719464024864986
