54.80548938776126
-1.4641682133917349e-15
-4.676660780341143
4.534976859744729
1.1980556738526893
1.3001211228099597e-16
4.676660780341099
4.534976859744718
-2.389631727204894
-2.4800485096192273
-0.4784033279477795
1.5962702941937974
3.490370615043088
-1.4737427507008876e-15
0.47840332794777307
1.5962702941937925
-2.389631727204889
2.480048509619231
-1.2397436661748642
-2.602001800266279
0.09082084989570427
-0.4036680023301489
-0.8913347885556027
0.94138166582454
2.6866164239851185
1.1203068717021497e-15
0.891334788555608
0.9413816658245406
0.09082084989570349
0.4036680023301472
1.2397436661748642
-2.6020018002662813
-1.0862064177287962
0.3133029451254429
-0.12010353767347631
-0.06502849549171494
0.04404166675726001
0.6104496454384003
0.03161210200363329
-0.05192119683332805
-1.2495794739531279
-2.157858121122241e-15
-0.03161210200363285
-0.051921196833326876
0.04404166675726573
-0.6104496454384034
0.12010353767347373
-0.06502849549171211
-1.0862064177288093
-0.3133029451254339
0.29320695699881316
-0.9087652973912739
0.28466570184136664
0.20948464251715165
-0.25079586904715123
-0.8933799218018003
-0.1326693080527903
-0.3464903277103802
1.0670806254452527
-1.5947351754194414
-0.23854463535267065
2.293880486088661e-15
-1.0670806254452547
-1.594735175419441
-0.13266930805278573
0.34649032771037636
0.2507958690471511
-0.8933799218018007
0.28466570184136697
-0.20948464251715318
-0.2932069569988128
-0.9087652973912805
0.5307280528543207
0.8964345087055247
0.23747272121070007
-0.3201108811385892
-0.43932606991360035
-0.0637689764612544
-0.1389742034693247
-0.06556027413078314
0.4245276077579877
0.6383519646299546
0.08298784172553891
-0.6896217085746768
-0.8692373330830863
-9.71445146547012e-16
-0.08298784172553836
-0.6896217085746772
0.42452760775798515
-0.6383519646299535
0.13897420346932338
-0.06556027413078414
-0.43932606991359946
0.06376897646125487
-0.23747272121069857
-0.32011088113858777
0.5307280528543208
-0.8964345087055211
-0.8555768579837946
0.14129730401386154
-0.19820238733190035
0.1545109578667316
0.4009775522240519
-0.2888081557508604
-0.10659402764450732
0.22266470616191558
-0.3297373455573466
-0.2478168061100395
-0.0956820753050241
-0.30917338336249245
0.6635732680371973
-0.2513531963073036
-0.5649629570715788
1.1657341758564144e-15
-0.663573268037198
-0.25135319630730324
-0.09568207530502473
0.30917338336249284
0.32973734555734435
-0.2478168061100388
-0.10659402764450526
-0.22266470616191583
-0.40097755222404907
-0.28880815575086305
-0.1982023873318989
-0.154510957866731
0.8555768579837951
0.1412973040138601
0.04687421745335035
0.07810110580380847
0.21218078764129744
0.1737402573191123
0.07824856810731734
0.3925293819616835
0.04179073959853541
-0.05683593330486325
-0.5063077529363292
-0.3025713263347495
-0.14729922897405065
-0.13130579162608508
0.22651400044748426
-0.018214923699061414
0.1887625778429995
0.08020786514186773
-0.4358719748400838
-1.7763568394002505e-15
-0.18876257784300188
0.08020786514186751
0.22651400044748238
0.01821492369906208
0.14729922897405306
-0.13130579162608266
-0.5063077529363291
0.30257132633474854
-0.041790739598538185
-0.056835933304862474
0.07824856810731798
-0.3925293819616835
-0.21218078764129855
0.1737402573191128
0.0468742174533508
-0.07810110580380847
0.12566382949918464
-0.5625889276977902
-0.07618941882154132
-0.23963835756068447
-0.226750562675105
0.1988436047849605
-0.0782994376982121
0.22627927848474716
0.07927097703845148
0.23502044415640896
0.1330741923576232
-0.0023319326962789877
-0.3058549480147447
0.18158347664777708
0.09537954536138973
0.36915740388054497
-0.4016942294978914
0.3866332638755925
0.5433637408374082
-4.996003610813204e-16
0.401694229497891
0.38663326387559527
0.0953795453613914
-0.3691574038805433
0.3058549480147446
0.18158347664777763
0.1330741923576201
0.0023319326962768505
-0.07927097703845276
0.23502044415641038
-0.07829943769821045
-0.22627927848474774
0.22675056267510402
0.19884360478495744
-0.07618941882154125
0.2396383575606843
-0.12566382949918126
-0.56258892769779
-0.4304714815863575
-0.15920684171877275
-0.05796819429108696
0.14964941654819264
-0.1461124882151903
-0.06139751838904477
0.2072341422770531
0.14528354067204738
0.12954073619935602
0.012469498493277706
0.03402714314359245
-0.03714972427832036
-0.19649989070122031
0.1515821881082129
0.18597823004876493
0.20479033602521812
-0.2312183366378402
-0.15652310914331924
0.1284003998175153
-0.0919952558323438
-0.032059215707696764
-4.926614671774132e-16
-0.12840039981751622
-0.09199525583234133
-0.2312183366378403
0.15652310914332002
-0.18597823004876535
0.20479033602521846
-0.19649989070121915
-0.15158218810821253
-0.03402714314359212
-0.03714972427831981
0.12954073619935735
-0.012469498493278386
-0.20723414227705558
0.14528354067204863
-0.14611248821518935
0.061397518389046835
0.05796819429108868
0.14964941654819264
-0.4304714815863554
0.15920684171877153
0.022910673846797965
0.10308015324698622
0.16110423377593816
-0.040325836506954274
0.032322596685050664
-0.12499197810368637
0.013165017920122063
-0.21209065503351882
0.09834337929473908
0.08996344236938465
-0.08814451730125933
0.18029027809511453
-0.1443074765299
0.025429016011480066
0.01991645605186243
-0.12271961614194854
0.15952327073474837
-0.026408086995635308
-0.12033672037149491
-0.10057752325127364
-0.06940717009352448
0.14998003637863713
-0.15297071544092952
4.3021142204224816e-16
0.0694071700935236
0.14998003637863808
-0.12033672037149452
0.10057752325127192
-0.15952327073474834
-0.02640808699563485
0.01991645605186429
0.12271961614194965
0.14430747652990095
0.02542901601147826
-0.08814451730126141
-0.18029027809511453
-0.0983433792947398
0.0899634423693852
0.01316501792012506
0.21209065503351995
-0.03232259668505072
-0.12499197810368665
0.1611042337759373
0.04032583650695541
-0.0229106738467975
0.10308015324698483
0.040042586501084665
0.28989390171397
0.02325726531736405
-0.04398915026347133
-0.08827191105918059
-0.13478715594244123
0.03871900347765142
0.18018577936428604
-0.08015365083573317
0.06083339726113207
-0.0025597568358695644
0.059942087238485875
-0.013002898575303512
-0.06002790441659556
-0.03654153890765316
-0.032416673354834336
0.012398324536234684
0.03290578995113037
0.30307392656809573
0.05756804722358261
-0.01094071420345244
-0.001328600596568752
-0.18994445481520694
0.1936592409233137
-0.15734637646176863
0.0
0.18994445481520558
0.19365924092331283
-0.010940714203451996
0.0013286005965678083
-0.30307392656809595
0.05756804722358233
0.01239832453623485
-0.032905789951130596
0.03654153890765427
-0.03241667335483356
-0.013002898575303401
0.06002790441659739
0.0025597568358712852
0.05994208723848646
-0.08015365083573156
-0.06083339726113052
-0.038719003477651726
0.18018577936428531
-0.08827191105917886
0.13478715594244162
-0.023257265317364384
-0.04398915026347203
0.0400425865010845
-0.28989390171396817
-0.41589075494100936
-0.12594918414689452
0.048472011934868026
0.036085384251094366
0.04924759932117763
0.03558784078694155
0.10463115513359678
-0.04024314288524375
0.0701551150461445
-0.051375626816021036
-0.03304029166388722
-0.07280261249549377
0.19039482672316857
0.07023876244413985
-0.15252879167581768
-0.15749019603849143
0.018859779010911182
-0.09447269358437774
-0.24719489732648986
-0.0049000797413770725
-0.023876793551341702
0.13379207530727683
-0.09120185296320181
-0.1898133904817474
-0.1425954108039274
-0.10172031192037259
-0.3057952144991973
0.0
0.1425954108039289
-0.10172031192037251
-0.09120185296320354
0.18981339048174684
0.02387679355134195
0.13379207530727738
-0.24719489732649116
0.004900079741376406
-0.018859779010911515
-0.09447269358437743
-0.152528791675818
0.1574901960384913
-0.19039482672316865
0.07023876244413851
-0.033040291663887805
0.07280261249549293
-0.0701551150461445
-0.051375626816021286
0.10463115513359744
0.04024314288524475
-0.04924759932117863
0.0355878407869418
0.04847201193486589
-0.03608538425109392
0.4158907549410098
-0.125949184146895
0.02185937184793263
0.11979433309111223
0.0007298490423038352
-0.029754942811981946
0.02172307103237453
0.1914303897796642
0.010993454972410832
-0.024326084882758864
0.0071459483091268206
-0.2014339686757019
0.028568040949253304
-0.014450140936685424
0.04594068135239582
0.08200375458007658
0.05274889904817881
-0.05916272666344932
0.11871357892532519
0.006205168706436087
-0.17274218174245404
0.407695998231416
0.02133191721273267
0.017853042117068757
-0.028413421536830075
-0.12550381910154346
0.1182665057858065
-0.035001204299109634
-0.12293652392202847
0.13506368636265026
0.3765572805715116
-6.106226635438361e-16
0.12293652392202689
0.1350636863626516
0.118266505785807
0.03500120429910955
0.02841342153683045
-0.12550381910154249
0.02133191721273333
-0.017853042117068618
0.17274218174245373
0.40769599823141595
0.1187135789253253
-0.00620516870643642
-0.05274889904817817
-0.059162726663449544
0.045940681352395873
-0.08200375458007725
-0.028568040949252582
-0.014450140936686673
0.007145948309127126
0.20143396867570285
-0.010993454972410735
-0.02432608488275978
0.021723071032373448
-0.1914303897796645
-0.0007298490423023746
-0.02975494281198071
0.02185937184793349
-0.11979433309111127
-0.010458270994100839
-0.02401286289034149
-0.07078140886425022
0.011716346924318735
-0.25801227782908387
-0.07114037506617271
-0.017758916439553338
-0.005481465809963337
0.07507201742406461
0.06585454249244405
0.03325538222758695
-0.07946968622481249
-0.011942694681843391
-0.005004121275099208
-0.004186070352560883
-0.0050151036135297755
0.013588522813659576
0.1056889582382318
-0.0037294938823326795
-0.05066797209147533
-0.010503488801122347
-0.17587347160878175
0.06713606122055504
0.03284278817149616
0.03156327854891379
0.0427577103930389
0.16393148007342312
0.3286581752793386
0.09126415840059932
-0.031689397054871615
0.04247911882543552
-2.220446049250313e-16
-0.09126415840059865
-0.031689397054869506
0.1639314800734227
-0.3286581752793373
-0.031563278548913595
0.04275771039303916
0.06713606122055504
-0.03284278817149583
0.010503488801122458
-0.17587347160878242
-0.003729493882331708
0.050667972091475
-0.013588522813659451
0.10568895823823321
-0.004186070352560856
0.005015103613530053
0.011942694681843974
-0.005004121275098972
0.03325538222758673
0.0794696862248124
-0.07507201742406455
0.06585454249244299
-0.017758916439552998
0.005481465809963698
0.2580122778290851
-0.07114037506617268
-0.07078140886424986
-0.011716346924320428
0.010458270994098198
-0.02401286289034152
0.10095232682449518
0.1243770927751846
0.04521890934655255
0.0050059531357481415
-0.0046158876393495585
0.05469004219995455
0.001594881435587725
-0.004368612286747911
0.02400383225078012
0.019065455565561662
-0.0016867717461191423
0.009901009207446729
-0.009205578630696681
-0.10467330896219144
-0.06380159802527913
-0.01605357341066649
0.06325673755175834
0.047443423513028826
0.08192827501098719
-0.02705858462923566
0.0680988757989841
-0.03674945811220115
-0.05359176118597106
0.04880063474464906
0.1880262785996725
-0.013818590096541794
0.014264185114854222
0.04911218780334786
-0.04833432649132177
-0.04173993955937126
0.028486588435857996
-0.1357120749864381
0.08272010643236027
-2.7755575615628914e-17
-0.02848658843585862
-0.13571207498644008
-0.04833432649132131
0.04173993955937019
-0.014264185114854305
0.049112187803347696
0.18802627859967241
0.013818590096540628
0.053591761185971684
0.048800634744648755
0.06809887579898471
0.03674945811220248
-0.0819282750109867
-0.02705858462923494
0.06325673755175862
-0.04744342351302899
0.0638015980252794
-0.016053573410666516
-0.009205578630696293
0.10467330896219186
0.0016867717461185039
0.009901009207445466
0.0240038322507814
-0.019065455565562606
-0.0015948814355868646
-0.004368612286748785
-0.004615887639350558
-0.05469004219995488
-0.0452189093465516
0.005005953135749058
0.1009523268244971
-0.12437709277518694
0.11489652642296544
-0.14077582882268483
-0.023515645743271932
-0.11050630050447108
-0.041983884058876875
-0.05230532723862739
0.029996550178942316
-0.006977480974390438
-0.14689580990917472
0.0838139608599925
0.006620391492170419
0.08518636849226721
-0.06218623656864403
-0.006713238273884814
0.023359380292781284
0.002216765164357787
-0.05449280004337162
-0.043092883395999496
0.07499517156008705
0.017135061342955893
-0.04538412009841114
0.017716511616557455
0.00045445523858456127
0.050603127818415694
0.06226658421913578
-0.0763960792543279
0.16257274737977062
0.003915432226296589
-0.030527706547302746
0.0018114351532927953
0.011913184130647486
-0.051075479193650575
0.05171877972258676
0.03279456678910353
0.22063533922005796
-1.1379786002407855e-15
-0.05171877972258632
0.03279456678910317
0.011913184130647916
0.05107547919365041
0.030527706547302358
0.001811435153293392
0.16257274737976968
-0.003915432226296783
-0.06226658421913611
-0.07639607925432684
0.0004544552385842282
-0.05060312781841586
0.04538412009841038
0.01771651161655699
0.07499517156008688
-0.01713506134295628
0.05449280004337177
-0.04309288339599929
0.023359380292780382
-0.0022167651643587426
0.062186236568643805
-0.006713238273885147
0.006620391492170252
-0.08518636849226663
0.14689580990917372
0.08381396085999242
0.02999655017894079
0.006977480974391333
0.04198388405887557
-0.052305327238628296
-0.023515645743272195
0.1105063005044697
-0.11489652642296577
-0.14077582882268166
-0.3769884545568437
0.12900160362911295
-0.0334020463266807
0.05391214403299117
0.030220997372011227
0.04160983141482988
0.07959443799288812
0.0339646278021738
0.03858277814208633
0.018696375807272403
-0.0393225352194313
0.009841323138721048
-0.00963571211437142
-0.051925625492503735
-0.03468217333003282
0.00015181065925742865
0.008153645075298116
-0.028051230643277983
0.06488560586712515
0.03469725930242064
0.048963492277506765
0.019743952632005096
-0.06603117631095864
-0.025153863833706977
-0.007545613949096364
0.016312786173020163
0.10794694590583162
0.01083212561878523
-0.07386225180465078
-0.05135909464101733
-0.13086731865121692
-0.04608785941081925
-0.009930960610104594
-0.0770587347081308
0.08353603332561749
0.0877375738095798
-0.022384575874467072
1.4363510381087963e-15
-0.08353603332561829
0.08773757380957939
-0.009930960610103567
0.0770587347081296
0.13086731865121637
-0.046087859410819235
-0.07386225180464989
0.051359094641018926
-0.10794694590583133
0.010832125618786104
-0.007545613949096419
-0.01631278617302137
0.06603117631095845
-0.025153863833707338
0.04896349227750796
-0.019743952632004097
-0.06488560586712512
0.03469725930242055
0.008153645075296923
0.028051230643279246
0.03468217333003237
0.00015181065925728987
-0.009635712114371253
0.05192562549250335
0.03932253521943169
0.009841323138720354
0.03858277814208744
-0.018696375807272625
-0.07959443799288815
0.03396462780217285
0.030220997372010006
-0.04160983141482988
0.03340204632668087
0.05391214403299105
-0.37698845455684243
-0.1290016036291149
