55.30326258649576
-2.3563939894334374e-15
4.57995708077687
-3.9516910732580897
3.597489437323587
-3.77322658011278e-16
-4.579957080776861
-3.951691073258085
2.5083185907815664
-0.4616723680673118
1.1565400253869784
0.5589377725901565
-6.039431225955498
2.8827105570063357e-16
-1.1565400253869798
0.558937772590161
2.5083185907815606
0.461672368067306
0.4834197885597251
0.3786785529378458
-0.6711799259728415
0.7179811724811779
-1.8850213202833492
2.303228457541575
0.2840403992125238
-8.696956826063829e-16
1.8850213202833412
2.303228457541589
-0.6711799259728392
-0.7179811724811779
-0.48341978855972323
0.3786785529378415
-0.5749948965846047
-1.9206963817952294
-0.18153475133576377
-0.3996664118806702
-0.9253273833504413
0.7762084097834357
-0.11418494238819288
0.4968714533935164
-1.9058608898515725
3.18834429252356e-16
0.11418494238818785
0.49687145339351674
-0.9253273833504396
-0.7762084097834295
0.18153475133576585
-0.3996664118806674
-0.5749948965846008
1.9206963817952218
-0.20679194846502796
1.6661937500541075
-0.26631298454081864
-0.21686342315014406
-0.32397228119695387
0.4535480298990597
-0.25814376736284395
0.4927906265281585
0.2278881898961575
1.137919426860785
-1.11781645154966
-3.017625286421313e-16
-0.2278881898961582
1.1379194268607877
-0.2581437673628474
-0.4927906265281593
0.3239722811969529
0.45354802989905957
-0.26631298454081886
0.2168634231501428
0.20679194846502047
1.6661937500541055
-0.08767477515714495
0.25739222656858685
0.25007008262483443
-0.21314780397787164
-0.19177402532109558
0.03512117122850461
-0.4162584558172888
-0.06396826255337405
-0.5719654688432912
0.2477708230007683
-0.09376223658097471
0.22250117611510414
1.065415163944095
-4.996003610813204e-16
0.09376223658097646
0.2225011761151045
-0.5719654688432918
-0.2477708230007676
0.4162584558172901
-0.06396826255337337
-0.19177402532109541
-0.03512117122850483
-0.25007008262483393
-0.21314780397787142
-0.08767477515714439
-0.2573922265685873
-0.4647567412866311
0.6906288231104146
-0.04632776598960042
0.280175117328011
0.3391696198228234
0.02369353359975297
0.027125112208958913
-0.2513281866382633
-0.6938722326697062
-0.26647638311905775
-0.06717467990720905
0.18768056845326578
0.6856919869679663
-0.8679610229663294
0.12826465358447087
-9.71445146547012e-16
-0.6856919869679668
-0.8679610229663293
-0.06717467990720849
-0.18768056845326575
0.6938722326697045
-0.26647638311905836
0.027125112208958177
0.25132818663826395
-0.33916961982282257
0.023693533599754346
-0.04632776598960009
-0.2801751173280092
0.46475674128663313
0.6906288231104187
0.17135970193020023
0.37835829490321155
0.06855951231746027
-0.20715444058298432
-0.09926700399391615
0.020776968725937983
0.1900709906116964
0.03128251366728821
0.038882801437399306
-0.12387670468524027
-0.3141701648968576
0.05578888818387867
0.06941952663678685
-0.15758456245487637
0.3517080473404952
-0.14991991458140763
-0.5647465680190267
-4.163336342344337e-16
-0.35170804734049654
-0.1499199145814072
0.06941952663678619
0.15758456245487648
0.3141701648968588
0.05578888818387953
0.038882801437400555
0.1238767046852392
-0.19007099061169885
0.031282513667288334
-0.0992670039939169
-0.02077696872593751
-0.06855951231746016
-0.20715444058298416
0.1713597019301995
-0.3783582949032109
0.057444767554659826
0.7266304961406713
0.10149680012416054
0.3121143209895135
-0.037597690709580744
-0.1833027276757112
-0.03206493392774801
0.14828912905591646
0.09603125781855823
-0.3118580877029413
0.07859435438969192
-0.015085553165584381
0.14588533072683968
-0.2909603763148021
-0.20660573918963504
0.09436293887443738
-0.6719791606835275
0.004062094670936295
-0.056378014509217755
-5.551115123125783e-16
0.6719791606835256
0.00406209467093438
-0.2066057391896359
-0.09436293887443786
-0.14588533072683924
-0.2909603763148024
0.07859435438969234
0.015085553165584409
-0.09603125781855847
-0.31185808770294104
-0.03206493392774934
-0.148289129055917
0.0375976907095808
-0.18330272767571149
0.10149680012415914
-0.31211432098951275
-0.057444767554660325
0.7266304961406713
-0.527760899950993
-0.3958355823147358
-0.04546907828742561
-0.027949849262084853
0.05209592748524339
0.02461970927096624
-0.009576682379402568
-0.1539370704399606
-0.058666666016876465
-0.14656126397267386
-0.06895166993982156
0.04601691973175842
0.06801120737353382
-0.17309282697097716
-0.030183899872343784
-0.24056020796689975
-0.09907797054884471
0.06425985736056111
-0.37625435662878254
-0.22201285953415428
0.01668067213088098
-1.3877787807814457e-17
0.37625435662878226
-0.22201285953415434
-0.09907797054884465
-0.06425985736056139
0.03018389987234355
-0.2405602079668987
0.06801120737353392
0.17309282697097733
0.0689516699398223
0.04601691973175839
-0.05866666601687655
0.14656126397267288
0.009576682379402957
-0.15393707043996002
0.052095927485241555
-0.024619709270966156
0.04546907828742383
-0.02794984926208404
-0.5277608999509926
0.3958355823147357
-0.02250096903913748
0.04253389759768661
-0.04421515172288085
0.15095316795841335
-0.07935516144033616
0.021387007367994315
0.1092340870999125
0.18466607761549703
0.14222284752474862
-0.13374150356081818
-0.04644146235436736
-0.12420465090898541
-0.10296457330998238
0.1373938203789846
-0.07476958788916782
0.002475327387838344
0.12269030171654266
0.2363304422573826
0.02895175721707749
-0.11262268857684754
-0.008336948059205984
0.3329686972729942
-0.08186151163755362
-9.71445146547012e-16
0.008336948059205734
0.3329686972729916
0.028951757217077545
0.11262268857684764
-0.12269030171654294
0.23633044225738148
-0.07476958788916721
-0.002475327387837789
0.10296457330998388
0.13739382037898512
-0.046441462354367774
0.12420465090898639
-0.14222284752474867
-0.13374150356081815
0.10923408709991266
-0.18466607761549786
0.07935516144033705
0.021387007367993094
-0.04421515172288093
-0.1509531679584134
0.02250096903913812
0.04253389759768775
-0.107814218580804
-0.6728565114438458
-0.119610286383378
-0.13711882787040905
-0.13197822559429292
-0.08896768034712682
-0.073550442334813
0.022757025984761897
0.09476295090607928
-0.10586835836108183
-0.044614511072636504
-0.01570729519171353
-0.058343737614164004
0.09901830360304592
-0.06787968076866784
-0.09675013277529877
0.026745791341908742
0.13519169949939286
0.05598194541785123
0.003613555409932981
-0.040653994895699624
-0.10283076326602836
-0.05269087637339048
0.1453755513711219
0.11076294484747734
7.632783294297951e-17
0.05269087637338962
0.14537555137112207
-0.040653994895700596
0.10283076326602797
-0.05598194541785212
0.003613555409932717
0.02674579134190913
-0.13519169949939197
0.0678796807686673
-0.09675013277529976
-0.0583437376141647
-0.09901830360304609
0.04461451107263667
-0.01570729519171346
0.09476295090607856
0.10586835836108172
0.07355044233481459
0.022757025984761037
-0.1319782255942923
0.088967680347128
0.11961028638337812
-0.13711882787041
-0.10781421858080484
0.6728565114438458
-0.010476694002751974
-0.04064625861838969
0.06516893850942884
0.0022614113286572313
-0.04064505794903425
-0.010353337515000768
-0.10984985533593705
0.09116394133979694
-0.03507625215232091
0.04671632813299709
0.06227331098688693
-0.14657710648648492
-0.021178584647317256
0.039079684435574885
-0.07742317712123992
0.038550753709245045
-0.017929213386812082
0.2093842672764075
0.1391624408762437
-0.02259388764708027
-0.14874887304213325
-0.10067779406082934
0.029523163861279594
-0.021096250416074103
0.24999738189533027
-0.1641982274543879
0.16922593425793575
1.3877787807814457e-17
-0.24999738189532983
-0.16419822745438895
0.029523163861279747
0.021096250416074165
0.1487488730421328
-0.10067779406082918
0.13916244087624405
0.022593887647080695
0.01792921338681175
0.20938426727640552
-0.07742317712123989
-0.038550753709245655
0.0211785846473182
0.039079684435573914
0.06227331098688718
0.14657710648648434
0.0350762521523201
0.04671632813299803
-0.1098498553359368
-0.09116394133979623
0.04064505794903378
-0.010353337515001892
0.06516893850942812
-0.0022614113286582443
0.010476694002752945
-0.04064625861839016
-0.22864137839615684
-0.30125428465346593
-0.07964892550413102
-0.06178488977903206
0.04576880499933447
-0.16676312784305086
-0.10742581150358896
-0.17488759493456907
-0.017852157810582664
0.00766993750964251
-0.03263087839155382
0.09194120119554343
0.07711429136663797
0.058376472938211826
0.008278204469144373
-0.09038366685917454
-0.06941687891729999
-0.016164915641578473
0.006649509716019943
0.18737035741935126
0.005082000681144755
-0.01358960907255058
-0.04321303984845587
0.04336671156573861
-0.0301476098942271
-0.1028194804519966
0.2347719906063464
0.06449330257326943
-0.16332624630250553
-4.440892098500626e-16
-0.23477199060634688
0.06449330257326996
-0.030147609894228045
0.10281948045199746
0.04321303984845526
0.043366711565739124
0.005082000681144783
0.01358960907255092
-0.006649509716020269
0.18737035741935087
-0.06941687891730025
0.016164915641577793
-0.008278204469144415
-0.09038366685917523
0.07711429136663701
-0.05837647293821078
0.032630878391553764
0.09194120119554319
-0.017852157810582803
-0.007669937509643343
0.10742581150358887
-0.17488759493456807
0.04576880499933533
0.16676312784305208
0.07964892550413166
-0.06178488977903192
-0.2286413783961574
0.3012542846534676
0.321496735605692
-0.20704802142337175
0.0483391353116599
-0.028646037627485507
-0.00031942405977047894
0.04705877532528023
0.09510307054817252
-0.013736275040248422
0.012557101069895063
-0.01444512201951742
-0.05938473235390493
-0.0916805513226568
0.03848782594801496
0.15563526378156453
0.10036875636848139
0.020605241685293457
-0.05057166188018511
-0.12360391004060511
-0.03595034436953588
0.03726900708868111
0.0008329950573783412
-0.0205652851357688
0.009625043573147071
0.02572323090536728
0.14342810640696013
-0.1769396756776414
-0.054739532070896435
0.011625814077042385
-0.17747928557916093
0.05316539144208654
-0.22681325901767074
-1.3877787807814457e-16
0.17747928557916037
0.053165391442086374
-0.05473953207089621
-0.011625814077042163
-0.14342810640696044
-0.17693967567764102
0.009625043573147335
-0.025723230905367128
-0.0008329950573779943
-0.02056528513576808
-0.0359503443695349
-0.03726900708868216
0.05057166188018519
-0.12360391004060531
0.10036875636848178
-0.020605241685293332
-0.03848782594801563
0.1556352637815642
-0.05938473235390533
0.09168055132265675
-0.01255710106989466
-0.014445122019516705
0.09510307054817184
0.01373627504024796
0.0003194240597696463
0.04705877532528005
0.048339135311660286
0.02864603762748498
-0.32149673560569225
-0.20704802142337062
-0.0005075374205570915
0.20080822532331377
-0.00012602826060958972
-0.020176415778991902
-0.04418264583463978
-0.08470543576515244
-0.08018082268291304
-0.05679945763566102
0.03511760372240505
0.029048204673373157
0.03876805574375802
-0.02594225307053734
-0.06739552867490148
0.018880888971076315
0.018531755002520384
0.08810059976273998
0.012016127280489883
-0.0028004158060166984
-0.035732926080761535
-0.07078768357098655
-0.1473070486079988
-0.09350862123202497
0.017132082331658652
0.05083466109580653
0.05059827247828241
0.012598828569092224
-0.00044461191584282966
-0.13699594239786705
-0.12897707392443986
0.12815112092610742
-0.12859092504857517
-0.12933242818097768
-0.0408009287190384
-8.049116928532385e-16
0.12859092504857544
-0.12933242818097757
-0.12897707392444047
-0.12815112092610703
0.0004446119158436901
-0.1369959423978657
0.0505982724782833
-0.012598828569092113
-0.017132082331657694
0.05083466109580634
-0.14730704860799923
0.09350862123202422
0.035732926080761424
-0.07078768357098664
0.012016127280489883
0.0028004158060166706
-0.01853175500251958
0.08810059976274033
-0.06739552867490106
-0.018880888971076648
-0.03876805574375773
-0.025942253070536825
0.03511760372240513
-0.029048204673374184
0.08018082268291327
-0.0567994576356613
-0.04418264583463878
0.0847054357651526
0.0001260282606095342
-0.020176415778992374
-0.0005075374205581462
-0.20080822532331405
0.0888544870555531
0.15803928292400557
0.047521609845570384
0.022388815906510803
0.15352808481382182
-0.06781155022655413
0.05471588059042937
-0.028761696963787456
0.08343994384247463
0.09564816988509564
0.049670672439338454
-0.02238520910361727
0.013891072372152202
-0.09637927489290979
0.003640728008554167
0.006590605519973869
0.0003921595445318393
-0.00014363545517570575
0.018518681724834597
0.05554928427902711
0.0004155202015535542
-0.07362009749369676
-0.06871654568907193
-0.05363114632776053
-0.016436072667051146
-0.006097789351658778
-0.08370497823373141
-0.024557072126866364
-0.026504745547756135
0.1602098988674356
-0.07149822896758376
0.036574787275824916
0.061338952297934624
0.035751685191727084
-0.07954282919938135
6.106226635438361e-16
-0.0613389522979359
0.035751685191727486
-0.07149822896758382
-0.036574787275825305
0.02650474554775474
0.16020989886743583
-0.08370497823373207
0.024557072126866447
0.01643607266705166
-0.006097789351658056
-0.06871654568907129
0.053631146327759865
-0.0004155202015536652
-0.07362009749369702
0.018518681724834396
-0.05554928427902722
-0.00039215954453215157
-0.00014363545517556697
0.003640728008553931
-0.0065906055199742054
-0.013891072372152168
-0.09637927489291055
0.04967067243933805
0.022385209103617576
-0.08343994384247344
0.09564816988509621
0.0547158805904302
0.028761696963787428
-0.15352808481382232
-0.06781155022655419
0.04752160984557077
-0.0223888159065104
-0.08885448705555277
0.1580392829240055
0.10912776512334188
0.05546746664744312
-0.01245656601795464
0.04696801995209374
0.015470168461553701
0.10304800829806365
0.03623867872469999
-0.018661926169105697
0.005344869670497909
0.01738239071424269
0.04601919459539123
0.07026117825208526
0.04944920865102391
0.016398418921793334
0.027415577247219925
-0.03940255918712793
-0.10083028426813306
-0.023713446760343544
0.02434373604236452
0.04349421072314784
0.04830567275057704
-0.11390547854958703
-0.04516029777572127
-0.060795569696062424
-0.11107398764487457
0.11535373938596705
-0.012094935784222938
-0.1069288198746478
0.03692019826899747
0.03537631948810305
0.040043328510687204
0.055129072754624815
0.018943137341657257
-0.029519177590138335
-0.030951823186108673
0.025280577856099273
0.06622793179075426
2.3592239273284576e-16
0.030951823186109062
0.025280577856098913
0.018943137341655758
0.02951917759013868
-0.04004332851068659
0.05512907275462557
0.03692019826899853
-0.0353763194881028
0.012094935784223437
-0.1069288198746483
-0.11107398764487447
-0.11535373938596682
0.045160297775720226
-0.06079556969606281
0.04830567275057612
0.11390547854958666
-0.02434373604236474
0.04349421072314762
-0.10083028426813319
0.02371344676034294
-0.027415577247220563
-0.039402559187128254
0.04944920865102387
-0.016398418921792918
-0.046019194595391506
0.07026117825208544
0.005344869670497021
-0.017382390714242357
-0.03623867872470016
-0.018661926169105808
0.01547016846155453
-0.10304800829806479
0.012456566017954918
0.0469680199520941
0.1091277651233421
-0.0554674666474434
