40.58895552021839
6.174536580712017e-15
-0.9137843829282399
-8.407541937763643
-2.1504242722261484
2.585816111655864e-15
0.9137843829282177
-8.407541937763625
5.6692511415949065
-0.3733644831466782
1.2944306595314947
-2.171667323086403
2.405545699182626
-2.3398658278943392e-15
-1.2944306595314976
-2.171667323086404
5.669251141594896
0.3733644831466751
0.5217967890363192
-4.6426071619225855
0.6095984010300296
1.679616576452893
0.13431603342265264
-2.2578877670759154
-0.4400307153196401
-3.835119344517888e-15
-0.1343160334226573
-2.2578877670759194
0.6095984010300339
-1.6796165764528899
-0.5217967890363223
-4.642607161922579
1.0380983674189639
0.05308380250243018
0.13335821889480676
-0.029839868635122405
1.0018794162616602
0.04164703768493672
0.28378892878345696
-0.5272927407007832
-0.6901717839426809
1.8404553475779414e-15
-0.28378892878345074
-0.5272927407007841
1.0018794162616602
-0.04164703768492875
-0.13335821889481195
-0.02983986863511367
1.0380983674189612
-0.05308380250243115
0.7958015570622226
-1.5042810667509596
0.3001341132285047
0.628950853286909
0.19990448086723844
-1.124476171235697
0.4649579361518985
0.42512923579065043
-0.15539518676683545
1.3837849819079746
0.4069739306704987
8.68755122896177e-16
0.1553951867668395
1.3837849819079722
0.4649579361518972
-0.42512923579064504
-0.19990448086723803
-1.1244761712356977
0.3001341132285023
-0.6289508532869156
-0.7958015570622188
-1.5042810667509572
0.03243917682550712
0.7082567720830304
-0.39570776753913894
0.2241256212464637
0.6663276861653007
-0.3808641965152783
-0.2273441263662301
0.28938309897698966
-0.26241801944753257
-0.36334441492408276
-0.027840208967650548
0.10363922860243724
0.21123392227956253
1.8735013540549517e-15
0.02784020896764805
0.10363922860243735
-0.26241801944753196
0.363344414924086
0.2273441263662272
0.28938309897698833
0.6663276861652979
0.3808641965152776
0.3957077675391416
0.2241256212464627
0.032439176825504776
-0.7082567720830303
0.33756513720699854
-0.0038044204117428926
0.09604043636066634
-0.03321090512535718
0.16068423853921066
-0.3657657334354235
0.23532896201665032
0.18041877140499482
-0.14136979584485254
0.7872911367349481
0.38023924726659825
-0.025516492435567417
-0.07451980331719657
0.3413135335012503
0.20645257496568167
3.660266534311063e-16
0.07451980331719199
0.3413135335012487
0.3802392472665978
0.025516492435566474
0.1413697958448502
0.7872911367349484
0.23532896201664846
-0.18041877140499551
-0.16068423853921016
-0.36576573343542684
0.09604043636066889
0.03321090512535638
-0.33756513720699466
-0.0038044204117411162
0.1576291291554086
0.5301857722616488
-0.047058533135508396
0.36128254140108096
0.322966211846773
-0.0459122261095627
-0.47720073175558086
0.1663278049780147
0.36479282359349585
-0.29149652906745055
-0.2580178046328273
0.10788922190542377
0.0907993702222732
0.19693085441903047
-0.10195476831206449
-0.3667960128926534
0.5727282540860127
-2.4147350785597155e-15
0.10195476831206168
-0.3667960128926506
0.09079937022227363
-0.19693085441903413
0.2580178046328273
0.10788922190542205
0.3647928235934939
0.29149652906745
0.47720073175558303
0.16632780497801114
0.3229662118467753
0.0459122261095645
0.04705853313550795
0.36128254140108085
0.15762912915540994
-0.5301857722616485
0.03134251289072021
0.14249543232436176
0.032438571267788624
0.08138303982919065
0.2338272918406548
0.18291140632155867
-0.0029591446107840036
-0.11175485821186684
0.08441942062277874
0.27540793299098093
-0.009490364789801198
0.18899874688739982
-0.16685326078287568
0.06682535609572493
0.2461616761340027
0.21121241395084106
0.30182557308770425
-0.10974434741460942
0.19811939367565562
-6.38378239159465e-16
-0.30182557308770547
-0.10974434741460865
0.24616167613400253
-0.21121241395084212
0.16685326078287638
0.0668253560957234
-0.009490364789799699
-0.18899874688740037
-0.08441942062277935
0.2754079329909778
-0.002959144610781117
0.11175485821186451
-0.2338272918406536
0.182911406321559
0.03243857126779065
-0.0813830398291896
-0.03134251289072121
0.1424954323243609
0.620662951560488
0.168999498163746
-0.23714391173012403
0.19160886410387257
0.3325992594211434
0.24062809484469905
-0.006020993047117368
0.1633219914506609
0.40101361552324927
0.0360928548480659
-0.2745618675247068
-0.10180655123152141
0.1460189747375474
0.17773077776994675
-0.011400382564087944
0.036848721076474404
0.27693752361585666
0.21269414578088497
-0.04889527655820833
0.18281060684436534
-0.06365803435260747
-9.992007221626409e-16
0.04889527655821027
0.18281060684436518
0.27693752361585694
-0.21269414578088724
0.011400382564088873
0.03684872107647261
0.14601897473754794
-0.17773077776994772
0.2745618675247078
-0.10180655123152205
0.40101361552325193
-0.03609285484806657
0.006020993047118679
0.16332199145066428
0.33259925942114305
-0.24062809484469888
0.2371439117301229
0.19160886410387223
0.6206629515604889
-0.16899949816374762
0.04945380317163239
0.22422890060698902
-0.019955815752096095
-0.02496267591423007
-0.1279176863846284
-0.021091349290229267
-0.05686316201355052
0.08088258242434171
0.12892549961311162
0.14249974358150952
0.10511462279605654
0.029477628490970575
0.18561694652345656
-0.005892496323537652
-0.14961699960775862
0.16394342278538088
0.03613555833654988
-0.05219178169125849
0.047289782793989286
-0.009427795478272133
0.021597716156335794
0.020923255646634678
0.04276902025239135
-7.771561172376096e-16
-0.021597716156331742
0.020923255646634442
0.04728978279398954
0.009427795478271939
-0.03613555833654644
-0.052191781691257225
-0.14961699960775876
-0.1639434227853804
-0.18561694652345434
-0.005892496323536278
0.1051146227960584
-0.029477628490969354
-0.1289254996131094
0.14249974358151257
-0.056863162013551516
-0.08088258242434065
0.12791768638462897
-0.02109134929023171
-0.019955815752096817
0.024962675914228682
-0.04945380317162951
0.22422890060699263
0.546393551932391
0.13816705216886296
-0.14072348032618373
0.18472027060322005
0.6038178436420208
-0.04981422098408472
-0.25208960011063003
-0.06801942857023406
0.32879146596864095
0.23797576181444954
-0.09821339722281182
-0.023860561282015774
0.33073667519363803
0.24333357839858916
-0.10014742720529994
0.021586177791788924
0.041303722899825576
-0.060056310600702656
-0.13398062842948566
0.32635567158625256
-0.028366777247886568
0.056054382743836784
-0.08601783317145095
0.14649018734736874
0.03403675416992824
1.0269562977782698e-15
0.08601783317145206
0.14649018734737074
-0.028366777247886124
-0.05605438274383512
0.1339806284294867
0.3263556715862526
0.041303722899825576
0.060056310600702656
0.10014742720529977
0.02158617779179034
0.33073667519363814
-0.24333357839858855
0.09821339722281319
-0.023860561282011722
0.32879146596864084
-0.2379757618144488
0.2520896001106301
-0.06801942857023369
0.603817843642024
0.04981422098408597
0.1407234803261852
0.18472027060322146
0.5463935519323923
-0.13816705216886502
-0.05225304160545896
0.13240613528557554
-0.07115866172308277
0.038187641245600645
0.09696059624143011
0.18802557658409247
0.0017006645343239368
-0.12144672456531375
-0.06976701847220926
-0.05836494087652508
0.02179209664359233
-0.027491424517466223
-0.0908916053531389
0.08893780005949789
0.0020087299370072087
0.00953761727497171
0.15982526719266776
-0.0008142142337450031
-0.07227236551200958
-0.2414626111368629
-0.15701466889014307
-0.027476516713297483
0.11677105741483881
-0.08145107909972929
-0.18933664328011354
0.004013944995918173
0.17295396084325318
1.1102230246251565e-15
0.18933664328011068
0.004013944995917312
0.11677105741484034
0.08145107909973191
0.15701466889014237
-0.02747651671329862
-0.07227236551201018
0.2414626111368629
-0.15982526719266887
-0.0008142142337445035
0.002008729937006612
-0.009537617274972238
0.09089160535313956
0.08893780005949947
0.02179209664359061
0.027491424517468083
0.06976701847220837
-0.05836494087652486
0.0017006645343258797
0.12144672456531463
-0.096960596241431
0.18802557658409433
-0.07115866172308258
-0.038187641245599986
0.05225304160545963
0.13240613528557715
0.20314179533671117
0.08935443579373498
-0.12282719592581157
0.1107663169768392
0.5283603725765141
0.06482441305447512
-0.1325821411797932
0.14697881621932044
0.3927652943553504
0.14832900844871266
-0.03105147846804021
-0.01057149675834013
0.11470020666609064
-0.04397462758405185
-0.2917827642558789
0.07956224685870215
0.06227705760713258
0.09889742537587604
-0.1258720461707872
0.08125550526743969
0.06609689857330814
-0.23222436237714106
-0.06106457860028142
0.056601225665988006
-0.01641485614241244
0.05675239518510669
-0.03204150892366586
0.1984810421339669
0.0021313850054506256
3.3306690738754696e-16
0.032041508923664946
0.19848104213396922
-0.016414856142411977
-0.05675239518510714
0.06106457860028003
0.0566012256659867
0.06609689857330797
0.23222436237714142
0.12587204617078937
0.08125550526743827
0.06227705760713098
-0.09889742537587609
0.2917827642558801
0.07956224685870258
0.1147002066660888
0.04397462758405221
0.031051478468038962
-0.010571496758341167
0.3927652943553492
-0.14832900844871413
0.13258214117979333
0.14697881621932274
0.5283603725765128
-0.06482441305447345
0.12282719592581122
0.11076631697683834
0.20314179533670948
-0.0893544357937349
-0.039620264579149855
0.03698993326679656
-0.17984436739446585
0.007002089985929785
0.0740541298965578
0.21780212655219133
0.005113009575260383
-0.07969279278170921
-0.07246783329300438
0.22166289982429171
-0.06845535040268513
0.032340951696502224
0.019541568916300905
0.022733480276102364
-0.01941927695833548
-0.2387101816296118
-0.02824162624510429
0.1252158851252668
-0.011682742801576496
-0.25055350991966485
-0.06072265112246639
0.06271858728740773
0.18843365710461124
-0.028675472341259417
-0.17139631750558176
0.01493633617060014
0.014504150353216796
-0.05439329392639862
0.11242424356553293
0.09699557418811416
-0.1202239302861508
5.48172618408671e-16
-0.11242424356553367
0.09699557418811444
0.01450415035321534
0.05439329392639794
0.17139631750558215
0.01493633617060075
0.18843365710461218
0.0286754723412585
0.060722651122466796
0.06271858728740812
-0.011682742801576107
0.2505535099196661
0.02824162624510429
0.12521588512526624
-0.019419276958338116
0.23871018162961355
-0.019541568916303043
0.022733480276101725
-0.0684553504026863
-0.03234095169650272
0.07246783329300638
0.22166289982429144
0.005113009575257288
0.07969279278170999
-0.07405412989655924
0.21780212655218772
-0.17984436739446635
-0.0070020899859297575
0.03962026457915031
0.036989933266795866
-0.021195019386712588
0.13443017678320143
-0.08200987063060675
-0.014717300160263569
0.10897653604089863
0.06346937042315257
-0.061998337706180046
0.13662887047702232
0.2594827034953282
0.04244291633492753
-0.15899347225696348
0.11667610461456676
0.12633580918697931
0.0623075299656944
-0.06816357734378767
0.0785759628161581
-0.08701045236782051
0.00823314179554345
-0.014528595714907305
0.039838953157739686
-0.007584076896801073
-0.10812066493918335
-0.07346869833460301
0.15443164743113674
0.0030242035874873674
0.03664408525312812
-0.043700096153004936
0.09018989110163053
-0.08027287596091609
-0.059173011366640965
0.035113504456221585
0.00712542828229179
-0.013896208608225998
-7.771561172376096e-16
-0.03511350445622152
0.007125428282290902
-0.08027287596091554
0.059173011366640105
0.04370009615300493
0.090189891101631
0.0030242035874859796
-0.036644085253127234
0.07346869833460187
0.15443164743113946
-0.00758407689680024
0.10812066493918351
0.014528595714906348
0.039838953157739596
-0.08701045236782048
-0.00823314179554388
0.0681635773437865
0.07857596281615632
0.12633580918697862
-0.06230752996569633
0.1589934722569639
0.11667610461456493
0.2594827034953253
-0.04244291633492736
0.061998337706179046
0.13662887047701944
0.10897653604089974
-0.06346937042315248
0.08200987063060673
-0.01471730016026257
-0.021195019386713337
-0.13443017678320107
-0.050865902115059494
0.13571974399277303
-0.12439441694934679
-0.07489482195234771
-0.00854327554052562
0.15843248257302897
-0.19479794909670725
-0.12955583286474562
-0.053574289304454514
0.2971234529605312
-0.11047121935606044
-0.17453826305849496
-0.09814569475311863
0.1762374173621953
-0.08049576153710328
-0.13782904989321806
-0.046893998418764626
0.16784546323715363
0.03765419858905257
-0.09159606084792626
-0.026719453913053914
0.10845293932928243
-0.10798005714151014
0.00297710480445168
0.05169678566218644
0.03265575737306048
-0.19737144715100338
-0.05048612226511692
-0.019264393258763723
0.18243964085700476
-0.10153322895393482
-0.015462589612900236
0.022206763717972255
-0.059590048541787705
-0.01162065958671285
-5.551115123125783e-17
-0.022206763717972478
-0.05959004854178768
-0.10153322895393507
0.015462589612901423
0.01926439325876364
0.1824396408570041
-0.19737144715100485
0.05048612226511692
-0.05169678566218805
0.03265575737306067
-0.10798005714151153
-0.0029771048044527904
0.026719453913053706
0.10845293932928227
0.03765419858905372
0.09159606084792415
0.04689399841876385
0.16784546323715327
-0.08049576153710142
0.13782904989321781
0.0981456947531199
0.1762374173621948
-0.11047121935606019
0.17453826305849562
0.05357428930445468
0.2971234529605307
-0.19479794909670572
0.12955583286474381
0.008543275540524836
0.15843248257302936
-0.12439441694934689
0.07489482195234841
0.050865902115061645
0.13571974399277276
-0.27209581387265536
0.11286659813988557
-0.04945765871481243
-0.027784069337952303
-0.137190852503368
0.10267482016830175
-0.02519379611285516
-0.055919309088670544
-0.12886715184105763
-0.07733967401232061
0.03461575545895457
-0.0010110493016428357
0.0029511622142160687
-0.08287418992051979
-0.010617733032389658
-0.061398828009291195
-0.10325140645094263
-0.04303578890441409
0.021961646152709124
0.05806405200555094
-0.09964174543746684
0.029520157198024914
-0.02754533002097391
-0.07566644923108741
0.01911969526042412
0.11842225340953957
0.06409116032794303
-0.13942114957166332
-0.13408213613176792
0.02849781620307934
0.06845365386102949
-0.06912442581348399
0.031914677964009874
-0.053353731536045834
-0.0777329763449864
-0.03458554949636766
0.031217104628353816
9.43689570931383e-16
0.07773297634498741
-0.03458554949636755
0.031914677964010874
0.05335373153604535
-0.06845365386103058
-0.06912442581348385
-0.134082136131768
-0.028497816203079646
-0.0640911603279421
-0.13942114957166316
0.01911969526042337
-0.11842225340954082
0.027545330020975062
-0.07566644923108656
-0.09964174543746684
-0.02952015719802545
-0.021961646152708375
0.0580640520055522
-0.10325140645094258
0.043035788904413924
0.010617733032388776
-0.06139882800929164
0.002951162214216846
0.08287418992052006
-0.0346157554589553
-0.001011049301642447
-0.12886715184105732
0.07733967401232134
0.025193796112856104
-0.055919309088668656
-0.13719085250336702
-0.10267482016830193
0.04945765871481311
-0.027784069337952216
-0.27209581387265663
-0.11286659813988575
