54.18928897053554
9.378161143715588e-15
3.5098680016116823
1.2192629106405035
0.6603510152279961
2.537265411097182e-15
-3.509868001611658
1.219262910640516
-7.535997780556986
-1.3493510108606137
1.1323090936849969
-1.4245103507038552
5.3278656319488
-2.6427115944333774e-15
-1.1323090936849982
-1.424510350703849
-7.535997780556956
1.3493510108606235
0.25954204975732925
-0.5846389363122032
0.6206690464634725
0.6190050987380197
-0.4955722920899119
0.3904757235638177
0.9291741598009825
-3.3495093417783366e-15
0.49557229208990977
0.39047572356381527
0.6206690464634761
-0.6190050987380167
-0.2595420497573302
-0.5846389363122025
0.60946821975686
1.0337538882432185
-1.2588167894550688
-0.06594803258069198
-3.4983538251071384
-0.6179475660607113
-0.4560324402293886
0.6677279060609453
-0.987720815769237
2.707512027836725e-16
0.4560324402293892
0.6677279060609449
-3.4983538251071415
0.6179475660607161
1.2588167894550613
-0.0659480325806901
0.6094682197568586
-1.033753888243217
-0.1323359312643672
0.2144567808027969
0.08278017577255792
-0.5472574077337659
0.05272018981569304
-0.3467037854987509
-0.7227631943357289
0.02538703077504963
0.4452597369082801
-0.5952546058426809
0.4101588044911943
1.452440186895183e-15
-0.4452597369082769
-0.5952546058426819
-0.7227631943357256
-0.025387030775052496
-0.05272018981569215
-0.3467037854987554
0.08278017577255958
0.5472574077337667
0.13233593126437126
0.21445678080279637
0.9300128564127106
-0.5003485992214517
0.4120670831371327
0.55093923451152
-0.4790705355225735
0.2937676628812923
-0.2000079221224449
-0.2880964533081231
0.9945165288442066
0.4098734064295564
0.0822204786614062
0.07974747629820916
-1.2779311106102522
7.216449660063518e-16
-0.08222047866140544
0.07974747629820704
0.9945165288442046
-0.4098734064295551
0.2000079221224452
-0.28809645330812383
-0.4790705355225744
-0.29376766288129375
-0.41206708313713236
0.5509392345115185
0.9300128564127137
0.5003485992214511
-0.12789242399918144
-0.11344344607882331
-0.2640342718799642
0.27128092652846114
-0.57754595116518
-0.0006866817783724444
0.17591791917188615
-0.07270623996200942
0.35892423047964134
0.2581408815697562
-0.07071231205036213
0.06475828545574153
-0.6264856363347193
0.12096985807478017
-0.09914859551289268
-6.262351748276274e-16
0.6264856363347197
0.12096985807478004
-0.07071231205036291
-0.06475828545573917
-0.3589242304796422
0.258140881569757
0.17591791917188668
0.072706239962009
0.5775459511651786
-0.0006866817783735824
-0.2640342718799623
-0.2712809265284625
0.12789242399918022
-0.11344344607882523
-1.4612884753460724
0.32326756574889254
-0.16046147127088087
-0.17127903009170964
1.0442970818075668
0.18497150266015655
-0.14205812451465213
0.24936871001407984
-0.3437436499582837
-0.20209067119245344
0.21486081292079023
0.06802704804198656
0.9650407648816058
-0.045008480967740905
-0.013830601424875355
-0.1948620707718962
-0.2963413397686405
1.3877787807814457e-16
0.013830601424875244
-0.19486207077189482
0.9650407648816064
0.045008480967740794
-0.21486081292078935
0.068027048041986
-0.34374364995828327
0.20209067119245358
0.14205812451464978
0.24936871001408017
1.044297081807566
-0.18497150266015816
0.16046147127088028
-0.17127903009171075
-1.4612884753460724
-0.32326756574889015
-0.4229418548296977
0.08566189276821956
0.08349289142122068
-0.0941332099292724
0.6516980373848745
0.2025960431707846
-0.0035983873076345096
0.016427994437487797
-0.22086478885834362
-0.08019040108219355
0.09769340955919795
-0.0767649868446068
0.4051217337407112
0.11436435365447054
0.24398226762252215
-0.12528015088344757
-0.1425269108335568
0.02596773036568864
-0.41834550727766245
6.938893903907228e-16
0.14252691083355612
0.025967730365689112
0.2439822676225213
0.12528015088344718
-0.4051217337407105
0.11436435365446879
0.09769340955919747
0.07676498684460592
0.22086478885834357
-0.0801904010821921
-0.003598387307635148
-0.01642799443748947
-0.6516980373848753
0.20259604317078392
0.08349289142122285
0.09413320992927243
0.4229418548296925
0.08566189276821885
0.7891508169077408
-0.13723137958009335
0.09645726673723437
0.11082519124806829
-0.43039531823139043
0.08649092984883722
0.138323344894963
0.0675727099646177
0.258245698173819
0.18370191832377558
-0.1794722710691678
-0.03015866158559016
-0.2801833657386672
0.12154914904590747
0.040313174506788424
0.13152824032413918
0.2051159464407376
0.052236336082079005
-0.21655128966684656
0.12825640413182415
0.3599936243480215
7.216449660063518e-16
0.21655128966684667
0.1282564041318227
0.20511594644073794
-0.05223633608207787
-0.04031317450678907
0.13152824032414054
-0.2801833657386681
-0.1215491490459086
0.17947227106916855
-0.03015866158559067
0.2582456981738196
-0.18370191832377586
-0.13832334489496412
0.06757270996461764
-0.43039531823139054
-0.08649092984883852
-0.09645726673723412
0.11082519124806801
0.7891508169077406
0.13723137958009302
0.32533936216012316
-0.11678424775204778
0.02199676335357007
-0.023936339060343204
-0.1726065566814127
-0.24433567323947747
0.029014706305996715
0.019671838804165676
0.12673599667965468
0.022600590334076742
0.023470559497865917
-0.012239891894487542
-0.04582956751377387
-0.11793428816080917
-0.009383404849602747
0.0613451113853086
-0.12545959975726326
-0.10255683543126443
0.03386218124015071
-0.03203319016920167
0.15129090647358656
0.04459009413834997
0.3273684620643478
-9.922618282587337e-16
-0.15129090647358823
0.0445900941383498
0.03386218124015106
0.03203319016920242
0.12545959975726279
-0.1025568354312649
-0.009383404849604315
-0.06134511138530792
0.04582956751377376
-0.11793428816080925
0.023470559497865362
0.01223989189448807
-0.12673599667965646
0.022600590334077714
0.029014706305996785
-0.01967183880416712
0.17260655668141328
-0.2443356732394788
0.02199676335357012
0.023936339060341344
-0.3253393621601239
-0.11678424775204715
0.08850322679044181
-0.04492296351926256
0.02297773003384214
-0.128815768645914
0.23192515883500983
-0.18229233766874775
0.09158843731634625
0.03149214102464187
-0.19296247375367684
0.05623305214615115
0.09069271639986545
0.12500219681941194
0.02425995180821988
-0.0235134168625038
0.08100134453735737
0.01591774337186555
-0.10530895947049873
0.021953851712722926
-0.07343534196129348
0.042055875857561556
-0.11889423927303497
-0.04168875503204167
0.26237422339163435
0.014468340712074257
-0.3840554544212119
-3.885780586188048e-16
-0.26237422339163297
0.014468340712076144
-0.11889423927303577
0.04168875503204078
0.07343534196129173
0.04205587585756208
-0.10530895947049884
-0.021953851712724126
-0.08100134453735736
0.015917743371865273
0.024259951808221696
0.023513416862503606
-0.09069271639986654
0.1250021968194115
-0.19296247375367787
-0.0562330521461506
-0.09158843731634653
0.03149214102464154
0.2319251588350108
0.18229233766874825
-0.022977730033841813
-0.1288157686459132
0.088503226790442
0.044922963519261866
0.18448936283420259
0.09645741373789468
-0.09739490059953336
-0.045054128302800214
-0.13060705617628918
0.055745778394274775
0.03331026684707866
-0.04905490194094875
-0.03456600260506246
-0.035839058780353206
-0.026657564818060725
0.01109561381168922
-0.056875591200837836
-0.03385836712007545
0.018386925068736293
-0.07452310556260511
0.06395587185166302
-0.005213985197239257
-0.16660690165201555
-0.053518260834552855
-0.003929795119464813
-0.137937150910936
0.10579327900173216
0.017742094842566385
-0.060693556865869525
-0.14182337983321466
-0.24173965264826117
-3.677613769070831e-16
0.06069355686586925
-0.14182337983321502
0.10579327900173202
-0.01774209484256653
0.003929795119465701
-0.13793715091093625
-0.1666069016520148
0.05351826083455302
-0.0639558718516623
-0.005213985197238313
0.018386925068736126
0.07452310556260519
0.05687559120083757
-0.033858367120076255
-0.02665756481806128
-0.011095613811689164
0.03456600260506365
-0.035839058780351374
0.033310266847077025
0.049054901940948026
0.13060705617628904
0.05574577839427371
-0.09739490059953268
0.0450541283028002
-0.18448936283420342
0.09645741373789543
-0.19780112519911586
0.10324019249242616
0.03516987753368151
0.08549193687672416
-0.019462580776653915
0.1061389972625254
-0.007949854852369265
-0.08609747669267326
0.12600101497207494
-0.06406565353943194
0.05888218036394158
-0.04577842855039824
-0.015690360521672747
0.035590311432767086
-0.04862108055720579
-0.0069585126346951715
-0.02905252921009263
-0.05874376668867143
0.08266039107449677
-0.04887325597837701
0.1303594037421417
0.0607848465442572
0.1019078928000011
-0.08025629524470151
-0.21204781284720903
0.030444170182069907
-0.2306911138940293
-0.02930402628072072
0.194928457580491
-3.191891195797325e-16
0.23069111389402835
-0.029304026280722317
-0.21204781284720936
-0.030444170182069297
-0.10190789280000159
-0.08025629524470046
0.13035940374214122
-0.060784846544258045
-0.08266039107449721
-0.04887325597837762
-0.02905252921009232
0.05874376668867093
0.04862108055720602
-0.006958512634695338
-0.015690360521672234
-0.03559031143276706
-0.058882180363941786
-0.0457784285503981
0.1260010149720745
0.06406565353943072
0.007949854852369737
-0.08609747669267356
-0.019462580776653804
-0.10613899726252524
-0.035169877533679644
0.0854919368767249
-0.1978011251991156
-0.10324019249242622
-0.15290623664895373
-0.01994258324050846
0.10240774144676683
0.18483861091487586
0.06075682899457038
0.07159548321939058
-0.11758550074092419
-0.03483699775188648
-0.05334320775174753
-0.014836594652413986
0.011686432665213062
-0.03591409556834643
-0.02086027461052098
0.009122623598817658
-0.116876676253717
-0.005971802385502545
-0.06786642004351265
-0.03167387337634331
0.08676031651726646
0.01977394406600992
0.002902630741329848
0.055548909862525045
-0.09444118719563296
-0.05019189217461584
-0.2256603119505458
0.05651228783456282
-0.16448264747825664
0.0020933501405306365
0.14739297289073316
0.08650314638710091
-0.044345628254719105
6.106226635438361e-16
-0.14739297289073372
0.08650314638710116
-0.1644826474782569
-0.00209335014053158
0.22566031195054598
0.05651228783456189
-0.09444118719563215
0.05019189217461606
-0.0029026307413293484
0.05554890986252449
0.08676031651726593
-0.019773944066010907
0.06786642004351227
-0.03167387337634249
-0.116876676253717
0.005971802385503287
0.020860274610520285
0.009122623598816847
0.011686432665213603
0.035914095568346543
0.05334320775174822
-0.01483659465241377
-0.11758550074092458
0.03483699775188748
-0.06075682899456997
0.07159548321939094
0.10240774144676593
-0.1848386109148753
0.1529062366489551
-0.019942583240506406
0.16205022735109653
-0.1055542035724224
0.006725562502189933
-0.01509187989500331
-0.07478140092572438
-0.05833001643657823
0.06898914478479763
0.04950091620239556
0.05816964063610773
0.06550395115344032
-0.04080468202630588
0.0642353593315332
0.03767744269838272
-0.007430592905834907
-0.017147101254477992
-0.002941845819260519
0.1261957769902805
0.045494642249081084
-0.01914291535229634
-0.0175047024873142
-0.09196534337218515
-0.0970147569685764
-0.02185514864595081
0.04637818942339208
0.14720133649099426
-0.03315221630621676
0.013973910134556788
-0.0362660640206281
0.00914056083625226
-0.026253862689756366
0.08605104451156298
-0.06382545057483252
0.1130064708418016
3.469446951953614e-17
-0.08605104451156259
-0.06382545057483135
0.009140560836252448
0.02625386268975674
-0.013973910134557066
-0.03626606402062893
0.1472013364909942
0.033152216306216654
0.021855148645951755
0.046378189423392883
-0.09196534337218557
0.09701475696857739
0.01914291535229596
-0.017504702487313714
0.12619577699028023
-0.04549464224908259
0.017147101254477676
-0.0029418458192611574
0.03767744269838466
0.007430592905835892
0.040804682026306285
0.06423535933153268
0.0581696406361068
-0.06550395115344002
-0.06898914478479798
0.0495009162023944
-0.07478140092572466
0.05833001643657879
-0.0067255625021883925
-0.015091879895003296
0.16205022735109542
0.1055542035724217
-0.20933380648066494
-0.01685832036693069
0.08759102735171168
-0.23098626864741667
-0.009953113031262353
-0.006243730089620508
-0.06759172763604943
0.1916093377098576
-0.007976599231545478
-0.014728195613262163
-0.02654684773375457
-0.08060679271426612
-0.04432178855690344
0.014591792681441992
0.040797347240737636
0.03410571989935257
0.14163424422705256
0.04420880541061745
0.030402062226064737
-0.05622732262368817
-0.0760759630372162
0.03126057234929966
-0.08582984947279076
0.09735715043525289
0.07776272309962817
-0.002607044353221108
0.10972984047724132
0.008076511327326036
-0.033138060303672154
0.1098990416395654
-0.05230279741757496
0.03169551136545347
0.0666425133680077
0.05603000576832201
0.15354792632519199
-6.661338147750939e-16
-0.06664251336800775
0.056030005768322316
-0.0523027974175745
-0.031695511365452816
0.033138060303673264
0.10989904163956563
0.10972984047724141
-0.008076511327326966
-0.07776272309962817
-0.002607044353221566
-0.08582984947279043
-0.09735715043525235
0.07607596303721709
0.031260572349299486
0.030402062226064997
0.05622732262368746
-0.14163424422705287
0.04420880541061739
0.040797347240737705
-0.03410571989935311
0.044321788556903274
0.014591792681441812
-0.026546847733755125
0.0806067927142649
0.007976599231545423
-0.014728195613262274
-0.06759172763604926
-0.19160933770985705
0.009953113031262104
-0.006243730089619426
0.08759102735171165
0.23098626864741717
0.20933380648066607
-0.01685832036693008
-0.09291493525720373
-0.040657607225869724
-0.07309726803572834
-0.06416346122864838
0.04407293341401783
-0.1009419829343576
0.06812523223361505
-0.12275789969188745
-0.06945931064127554
-0.0022965197142393035
0.10563878235448529
0.02754753155804192
0.1642900945316927
0.07828366260706307
0.011158566364039765
-0.010828113816975432
-0.0733100781975666
-0.0012722103104613747
0.05429359786318233
0.11363933141724532
0.0324201686779329
0.050647437674464724
-0.07584063738704981
-0.08348886413686979
0.02418001494677785
0.06654583251495683
0.052858672172243715
0.03699964247854436
0.06337602854461466
-0.01786127039946238
-0.1303746773646451
0.05307941902088345
0.05901114500067328
0.024694345085634242
0.10532389096938788
0.07191847379661212
0.10744828267723366
3.0531133177191805e-16
-0.10532389096938816
0.07191847379661187
0.05901114500067345
-0.02469434508563495
0.1303746773646448
0.05307941902088373
0.06337602854461491
0.017861270399462337
-0.052858672172243326
0.036999642478543884
0.024180014946778378
-0.06654583251495763
0.07584063738704945
-0.08348886413687046
0.032420168677932626
-0.05064743767446356
-0.05429359786318168
0.11363933141724619
-0.0733100781975666
0.001272210310460875
-0.011158566364040223
-0.010828113816975349
0.16429009453169424
-0.07828366260706265
-0.10563878235448504
0.027547531558042126
-0.06945931064127628
0.0022965197142390953
-0.06812523223361544
-0.1227578996918875
0.04407293341401916
0.10094198293435769
0.07309726803572991
-0.06416346122864755
-0.09291493525720373
0.04065760722586993
