45.780217088921205
-1.0512865637021832e-15
-0.26213564385580224
-0.627592275529447
-2.1323401115576157
-1.3808737259250025e-15
0.2621356438558128
-0.6275922755294381
-4.603814456065833
-0.2559819310458534
0.5224813237552928
-0.1200103199535353
-0.2993402421011325
1.5124755331410393e-15
-0.5224813237552924
-0.12001031995353706
-4.603814456065829
0.25598193104585115
0.007313436129533557
0.7439999664461737
0.27951771877053966
0.3015118101847627
0.10288676016703607
0.30975677784188854
-0.1646061345615708
1.6245012147817194e-16
-0.10288676016703649
0.30975677784188704
0.2795177187705424
-0.3015118101847646
-0.007313436129535833
0.7439999664461778
-1.043135243226775
-0.14210148404257975
0.19528804882686107
-0.29112112139026164
0.2872514540945284
-0.03787293268024063
-0.3068506431134161
0.18147811669756636
-3.6453272021193674
-2.3812757579107507e-16
0.3068506431134149
0.1814781166975656
0.287251454094529
0.037872932680240716
-0.19528804882686104
-0.29112112139026297
-1.043135243226775
0.142101484042579
0.111667369640474
-0.04409794150554203
0.15477515063528902
0.14075881294038897
0.01695048573472893
0.06231332586157809
0.3454779950880433
-0.20915420411109947
0.2049397673927476
-0.07372926277324597
0.43374725314070006
-3.2899965303029447e-16
-0.20493976739274775
-0.07372926277324461
0.34547799508804494
0.2091542041110993
-0.016950485734729848
0.06231332586157841
0.1547751506352876
-0.14075881294038922
-0.11166736964048107
-0.04409794150554164
1.34333220036815
0.0624140410967318
0.10171675838388422
-0.0637408666701293
-0.16016469424002533
-0.14287121791104412
0.1367560071980562
0.061330915589358284
0.9998273397035181
0.17911879829430513
-0.005967358236517256
-0.14825825677282894
0.9078718981673961
2.220446049250313e-16
0.005967358236517638
-0.14825825677282845
0.9998273397035191
-0.17911879829430413
-0.1367560071980564
0.061330915589358395
-0.16016469424002452
0.14287121791104446
-0.10171675838388439
-0.06374086667012885
1.3433322003681498
-0.062414041096731945
-0.04907215578366002
-0.23911651001727702
-0.005474953566621744
0.0005300325592151045
0.13556393302977252
0.0697849726071624
0.1181385435984938
0.0049535793923347424
0.08001952692657421
-0.24548350949233128
-0.16921583270538687
0.009961290410237175
-0.23436986724433534
0.02421350412741849
0.2956733288843518
-2.203098814490545e-16
0.23436986724433462
0.024213504127418434
-0.16921583270538482
-0.009961290410236905
-0.08001952692657405
-0.245483509492332
0.11813854359849413
-0.004953579392334456
-0.13556393302977238
0.06978497260716301
-0.0054749535666209215
-0.0005300325592158261
0.049072155783661
-0.2391165100172777
-0.20620920227215167
-0.02064821802494468
0.1273947127844502
0.05704738695870812
0.48747106577354493
0.016319125332102113
0.16531589420361958
-0.04356678612434743
0.08425896417692702
0.1147367877826274
-0.11488960809000451
0.1088202160054999
-0.0740150408754785
-0.14796204462338564
0.18457069773161225
0.012380856037259483
0.548082033642771
-3.191891195797325e-16
-0.18457069773161258
0.012380856037259719
-0.07401504087547828
0.14796204462338525
0.11488960809000592
0.10882021600550067
0.08425896417692694
-0.11473678778262722
-0.16531589420362042
-0.043566786124347556
0.4874710657735448
-0.016319125332101725
-0.12739471278445091
0.057047386958708285
-0.20620920227215195
0.02064821802494432
-0.011624043707185838
0.20081446193175978
-0.024089011646029335
-0.023367706229545676
0.005658934912191604
-0.059020278465701514
-0.04096738742635117
0.07273587210594673
-0.021053024393779346
-0.01845805746163781
0.07757295344815604
-0.06858430716049423
0.03466414636955095
0.07632325725999839
-0.17880395431622406
0.11363058791452173
0.08180733456000017
-0.08228975205569228
-0.022907049613471786
-4.0245584642661925e-16
-0.08180733456000068
-0.08228975205569286
-0.17880395431622487
-0.11363058791452174
-0.034664146369550286
0.07632325725999795
0.0775729534481564
0.06858430716049423
0.02105302439377907
-0.018458057461637645
-0.04096738742635139
-0.07273587210594651
-0.005658934912191688
-0.05902027846570093
-0.02408901164602978
0.02336770622954551
0.011624043707186407
0.20081446193175945
-0.2790689763755288
-0.014057708473384334
0.14519126570028967
-0.03971840865970623
0.09843535222576291
-0.03447947006250336
0.09107580371370577
-0.008890547877555943
-0.12206669496967573
-0.0741983282935344
-0.023101832656751226
0.06293333352991456
0.07866730144022929
0.011124437357420525
0.023276498671274626
-0.07960098210993605
-0.32360844473820005
0.04242597636339576
-0.14490791102566225
0.12202380469788568
-0.1754253753056496
1.942890293094024e-16
0.14490791102566247
0.122023804697886
-0.32360844473820016
-0.042425976363396456
-0.023276498671274626
-0.07960098210993624
0.07866730144022965
-0.01112443735741997
0.02310183265675031
0.06293333352991412
-0.12206669496967565
0.0741983282935344
-0.09107580371370588
-0.008890547877555333
0.09843535222576366
0.03447947006250367
-0.1451912657002896
-0.03971840865970605
-0.27906897637552835
0.014057708473384167
0.010673295333900101
0.01041998088714393
0.009074662407850903
0.0453583446993317
0.02872071066811873
0.06777196415093226
0.10992771442952964
-0.018451910196368312
0.12111510246096524
0.08958344381968392
0.008930127566348353
-0.026291113240544936
0.02967252678487599
-0.032466177302713124
-0.01657585800206611
0.02767315963834635
-0.04218521018431465
0.07811333307872864
0.29020873120245316
-0.10414768272576443
0.019788855755840967
0.08330202926344793
-0.13581056781460052
-3.469446951953614e-16
-0.019788855755840294
0.08330202926344839
0.29020873120245294
0.10414768272576443
0.042185210184314426
0.07811333307872886
-0.016575858002066193
-0.0276731596383461
-0.029672526784875697
-0.03246617730271299
0.008930127566348589
0.02629111324054542
-0.12111510246096577
0.089583443819684
0.10992771442952917
0.018451910196369048
-0.02872071066811898
0.06777196415093338
0.009074662407850556
-0.04535834469933243
-0.010673295333899914
0.010419980887144381
0.30245787586952233
0.013496277357373854
0.026374994723366883
-0.013662596807705124
-0.023084739109587887
0.001279509657406079
0.14521431570700727
-0.01524470626460897
0.14210026145020013
0.007764700654129014
0.030459076086078216
-0.03134550382592968
-0.18715488946655595
0.0465875684952954
-0.03188117847499127
-0.004630298613470696
0.10777387828207652
-0.06132167010281454
0.09258147425641788
-0.018653941638901564
0.11919290131505884
0.02722823449780841
0.001524840042056521
-0.1425972920762955
0.03974646754689859
-6.487865800153259e-16
-0.0015248400420557473
-0.1425972920762956
0.11919290131505801
-0.02722823449780886
-0.0925814742564176
-0.01865394163890116
0.10777387828207668
0.06132167010281428
0.031881178474991695
-0.004630298613470668
-0.1871548894665548
-0.04658756849529529
-0.03045907608607841
-0.03134550382593014
0.14210026145020016
-0.007764700654128556
-0.14521431570700621
-0.015244706264609276
-0.023084739109588637
-0.001279509657406655
-0.02637499472336652
-0.013662596807705402
0.30245787586952233
-0.013496277357374055
0.0010624880866407435
-0.15673383941465455
0.01816475867403898
-0.030112192147149136
0.011840137431638375
0.030106012098157945
0.06717466763236696
0.00964915177158486
0.07871234351929973
-0.027476051667921275
0.06421126205460369
0.02465921381857057
-0.0007009821143822911
0.0016845573399816294
0.11619013688290816
-0.036656317429068525
0.03705661702602413
0.03809906458268949
-0.054422348525936415
0.025098779866262147
0.021803178374202745
-0.05552155513546833
0.16966577255518125
0.03600984891694087
-0.05586533349956521
0.0012158300325545296
0.16702973868129856
-1.1102230246251565e-16
0.05586533349956529
0.0012158300325541688
0.169665772555181
-0.03600984891694111
-0.021803178374202453
-0.055521555135468345
-0.054422348525936845
-0.025098779866262147
-0.03705661702602392
0.038099064582689
0.11619013688290762
0.036656317429068774
0.0007009821143822842
0.0016845573399816849
0.06421126205460304
-0.02465921381857064
-0.07871234351929954
-0.027476051667921154
0.0671746676323668
-0.00964915177158468
-0.011840137431637837
0.030106012098158313
0.0181647586740387
0.030112192147148775
-0.0010624880866403896
-0.15673383941465455
-0.009022640432372553
0.019734114454451022
0.028995599986821663
0.05081608523073772
0.17899949275148436
0.012519575134741667
0.09743828663617114
0.002665600216099989
0.05737285122973257
0.02236042048763079
0.013328595126652878
0.005760430761413311
0.05826317146399809
0.004079414873307574
0.009227833684406272
0.013281636929713861
0.08220564770564794
0.018029228193320618
0.04921069478893134
-0.04416412352352801
-0.03459718901039313
0.021713887831118828
-0.04468225626203809
0.029964413222821607
0.19624764667856226
-0.030021025688314655
0.0026071044974490185
0.04043714464757209
0.03910973324518448
-8.326672684688674e-17
-0.002607104497449074
0.04043714464757195
0.19624764667856232
0.030021025688314856
0.04468225626203791
0.02996441322282116
-0.034597189010393214
-0.021713887831118876
-0.0492106947889318
-0.044164123523527235
0.08220564770564819
-0.01802922819332034
-0.009227833684406328
0.013281636929713736
0.05826317146399801
-0.004079414873307846
-0.01332859512665309
0.005760430761412893
0.05737285122973326
-0.02236042048763094
-0.09743828663617149
0.0026656002161002668
0.1789994927514837
-0.012519575134741431
-0.028995599986822135
0.05081608523073788
-0.00902264043237297
-0.019734114454450245
-0.01656513898145534
0.11088675871605941
-0.01867442448880157
-0.04256577864974068
0.0178864999930455
-0.1372070336160839
-0.014755434876479553
-0.007191293677584629
0.018153354211347426
-0.016875835731311038
0.09619908202477212
-0.024284358789871882
0.025757278454923038
-0.01830437298086507
-0.09361048034378834
0.006018685637818939
-0.021496962090039946
-0.06122075025813206
0.03580059492927738
0.04070495382566955
-0.016514060201190728
-0.011593021199988549
0.05488938771098867
-0.0262312108935379
0.031189121933146616
-0.0387302908241787
-0.1783764648244925
0.009202674179642815
-0.009271756970886808
-0.08045962640692392
-0.04139879727083684
1.734723475976807e-17
0.009271756970886898
-0.08045962640692379
-0.17837646482449193
-0.009202674179642892
-0.03118912193314642
-0.03873029082417859
0.054889387710988724
0.026231210893538547
0.016514060201191116
-0.01159302119998851
0.03580059492927723
-0.04070495382566924
0.021496962090040067
-0.06122075025813217
-0.09361048034378816
-0.006018685637818738
-0.02575727845492319
-0.01830437298086561
0.09619908202477237
0.024284358789871778
-0.01815335421134706
-0.0168758357313109
-0.014755434876479678
0.007191293677584559
-0.017886499993045493
-0.13720703361608377
-0.01867442448880132
0.04256577864974103
0.016565138981455257
0.11088675871605963
-0.13426545704835685
-0.003425544158276339
0.04431349284279492
0.0166386081623123
0.04510407001154319
0.04206940310218237
0.05792431091323174
0.026710056336100102
0.11293500655803251
-0.02084920481546149
0.07046942499709766
0.016920752399694886
0.044863778365950034
-0.009805553697765854
-0.011538672281921587
0.003115193527373654
-0.07117658988105809
-0.0038322379523813704
-0.029534403259422262
0.02092819135423174
0.1351322612653255
-0.04234610886153215
0.03703943380050323
0.03494908319647558
-0.04841140650250243
0.02654558900242356
-0.04163302350252733
0.026666683623852244
-0.011854109122241968
0.007323207347399829
0.023183892134846142
0.06292108982694523
-0.041075430569460725
2.7755575615628914e-17
-0.023183892134845688
0.06292108982694548
-0.011854109122241746
-0.0073232073473997635
0.04163302350252723
0.02666668362385277
-0.04841140650250233
-0.026545589002423264
-0.03703943380050307
0.034949083196475106
0.13513226126532524
0.042346108861532394
0.029534403259422304
0.020928191354231768
-0.07117658988105813
0.003832237952381145
0.011538672281921283
0.0031151935273740147
0.04486377836595001
0.009805553697765562
-0.07046942499709762
0.016920752399694816
0.11293500655803239
0.02084920481546125
-0.05792431091323133
0.0267100563361007
0.0451040700115439
-0.04206940310218214
-0.044313492842794816
0.016638608162312336
-0.13426545704835707
0.0034255441582766166
-0.0014639043208325847
0.061330826933594276
-0.027609889672183953
-0.0033805489699823207
-0.008752949525333148
0.029941299638127472
0.03357487257322775
-0.018794356614863533
0.036687796746317836
0.005224652809611194
-0.011567664063142497
0.001937260134327469
0.05403195320044399
-0.02639390607517368
0.008317863588905967
0.009496528789085041
-0.010238862755997558
0.014033039189334046
0.02130737002577318
-0.028020830150960907
0.03395188279016084
0.021043454118256654
-0.12141354965862255
0.001877005985907676
0.019942430741309358
-0.022667747362793315
0.0969519639071214
-0.009990285717120628
-0.049809226168334775
0.06392296926790257
-0.06055145785211655
-0.00970302755513719
0.03119222396425015
0.07276687092005091
0.02114184938329415
4.787836793695988e-16
-0.031192223964250122
0.07276687092005134
-0.060551457852117074
0.009703027555137286
0.049809226168334886
0.06392296926790267
0.09695196390712153
0.009990285717120628
-0.019942430741309178
-0.022667747362793377
-0.12141354965862239
-0.0018770059859078703
-0.033951882790161175
0.021043454118256658
0.02130737002577318
0.02802083015096095
0.010238862755998238
0.014033039189333685
0.00831786358890646
-0.009496528789085044
-0.05403195320044385
-0.026393906075173893
-0.01156766406314233
-0.0019372601343277118
-0.036687796746317336
0.005224652809611041
0.03357487257322751
0.018794356614863228
0.008752949525333245
0.029941299638127722
-0.027609889672184217
0.0033805489699824456
0.0014639043208325014
0.061330826933594394
0.10367156078527817
-0.0034701453694677836
0.009066092073042736
-0.02330784198154302
-0.0777252671388936
0.022771036538944744
0.036707180446062124
0.023869540817112816
0.07813438710447011
0.002490474707332581
0.05519249306223138
-0.005493369465490616
-0.03839666892423058
0.019268693787496814
-0.009616283773539264
0.00025407762981610044
0.04926660073397848
-0.011699499589313447
0.012337693747139666
0.011611684461913727
-0.06288858133533799
0.010262034425260233
0.029088446231879533
-0.011784324551199557
-0.02826304467300768
0.015797203203534588
-0.016049003102541044
0.021668772495977873
0.03141816512003137
-0.02709253390083541
0.024907819497407113
-0.04194368234137643
-0.06961060410564074
0.007376741077002771
-0.010502687760363737
-0.04705017573525089
-0.037207016530485804
-1.3877787807814457e-16
0.01050268776036329
-0.047050175735250985
-0.06961060410564036
-0.007376741077002355
-0.024907819497407127
-0.04194368234137667
0.03141816512003123
0.027092533900835616
0.016049003102541072
0.021668772495977734
-0.028263044673007456
-0.015797203203534865
-0.029088446231879422
-0.01178432455119896
-0.0628885813353378
-0.010262034425260136
-0.012337693747139881
0.011611684461913283
0.049266600733978844
0.011699499589314044
0.009616283773539278
0.0002540776298162739
-0.03839666892423045
-0.019268693787497182
-0.055192493062231326
-0.005493369465489978
0.0781343871044698
-0.0024904747073329694
-0.036707180446061846
0.023869540817112872
-0.0777252671388928
-0.022771036538945237
-0.00906609207304282
-0.02330784198154333
0.10367156078527812
0.0034701453694678842
