46.54939894888027
7.000284438148735e-16
4.440430472385849
-7.627014493080701
-4.943592099111393
-3.784753651044259e-15
-4.4404304723859
-7.627014493080717
3.194167411726065
0.40745968792886694
-0.23302124714970837
0.744186537339558
-0.21706727354838073
-5.192372578578443e-15
0.23302124714970374
0.7441865373395544
3.1941674117260606
-0.40745968792887605
-0.10131000947210522
0.45416288361640367
-0.03552014439357121
0.25102453675745184
-0.07187615828176619
1.8002030902068833
-1.5404083110192315
-8.745510354592987e-16
0.0718761582817738
1.8002030902068769
-0.03552014439356979
-0.251024536757456
0.10131000947210544
0.45416288361640483
-1.2393231249062249
-0.9573197345167527
-0.11646361026690469
0.7183062733242203
0.9013039244035369
0.897235925373245
-0.30058338735759293
-0.523006147122394
-2.7411624981361897
-7.612021824804227e-16
0.3005833873575908
-0.5230061471223906
0.9013039244035443
-0.8972359253732385
0.11646361026690433
0.7183062733242236
-1.2393231249062224
0.9573197345167559
-0.5335367042022815
0.6080630251411856
-0.4526941412441771
0.12160521036275615
-0.3783861827479327
0.40705508488415565
0.3013406089432231
-0.6450307446132036
-0.0059475445928816595
1.4859552083157894
1.1367187848241043
4.915015029347834e-16
0.005947544592871057
1.4859552083157919
0.3013406089432238
0.6450307446132044
0.378386182747935
0.4070550848841558
-0.4526941412441793
-0.12160521036275485
0.5335367042022757
0.6080630251411836
0.4724220564844769
-0.6724109169434375
-0.04445826602993652
-0.5372838038849418
0.10505434533162972
-0.17301263827969904
0.5041446622645003
0.18134287344212013
-0.19249429504494364
0.21170063208167178
-0.021505265998354978
-0.6043499225987612
0.3077834027538498
-1.6237011735142914e-15
0.02150526599835495
-0.6043499225987607
-0.19249429504494386
-0.21170063208167256
-0.5041446622645009
0.1813428734421204
0.1050543453316307
0.17301263827970015
0.044458266029936466
-0.53728380388494
0.47242205648447744
0.6724109169434368
0.683079226856817
0.2790872948206826
0.24444723441150956
-0.34454053845416455
-0.055243219081129225
0.18458025252449942
-0.20814343677010586
0.26915883993330786
-0.2111773809180036
0.20552776501409925
0.08352695635714569
-0.3060935932859259
-0.07621857869815252
-0.5150533108549419
-0.5457266839337782
-6.661338147750939e-16
0.0762185786981529
-0.5150533108549429
0.08352695635714422
0.3060935932859272
0.21117738091800367
0.20552776501409786
-0.20814343677010705
-0.26915883993330647
0.0552432190811285
0.18458025252449933
0.24444723441150956
0.3445405384541644
-0.6830792268568171
0.2790872948206846
0.5146870630818106
0.9338804384458568
0.27976166664953933
-0.049255967391186595
-0.07388797485261922
-0.4074171840441898
-0.04292806068162147
-0.3565362833456519
0.08138548116477212
-0.013639146074970309
0.35348249325834674
-0.37216480434525734
-0.29371301696517155
-0.4215563140293177
-0.3739575118618004
0.054630453383064576
0.48580443557077746
1.609823385706477e-15
0.3739575118617982
0.05463045338306469
-0.29371301696517066
0.42155631402931776
-0.35348249325834685
-0.3721648043452578
0.08138548116477202
0.013639146074969896
0.04292806068162083
-0.3565362833456516
-0.07388797485262183
0.40741718404418825
-0.2797616666495405
-0.049255967391186345
0.5146870630818097
-0.9338804384458566
0.4805555151077848
0.7013733490689997
0.08651593127318119
0.2005389185410647
0.22645053859393044
-0.07604575549003595
0.10895059461240292
-0.13000767463947796
-0.05930958022182767
-0.06077151591134569
0.013547213332796043
-0.015455088496164615
0.39423588481989014
-0.25432392678268007
-0.18861918152944324
0.19129875895837772
-0.1824276546444103
0.06370020625558331
-0.11487007514908208
5.551115123125783e-17
0.1824276546444089
0.06370020625558309
-0.18861918152944135
-0.19129875895837875
-0.39423588481989114
-0.254323926782681
0.013547213332795835
0.015455088496164449
0.05930958022182907
-0.060771515911346
0.10895059461240385
0.13000767463947738
-0.22645053859392872
-0.07604575549003564
0.08651593127318113
-0.20053891854106526
-0.4805555151077844
0.7013733490689982
-0.502143998225427
0.3511443919677421
-0.17765166000266244
0.20164953023892554
0.052380437612215475
0.16061028524264842
0.06677887835276931
-0.010024795862494884
-0.21631445940229552
-0.285581493155804
-0.1173406715663584
-0.07656160168312753
0.10546110863598956
-0.0039734220497593675
-0.024119725760309102
0.116922500319868
-0.22070113880871087
0.24032117375545703
-0.07059963162389522
0.2699941802699738
-0.19350585447185575
-3.3306690738754696e-16
0.07059963162389588
0.2699941802699752
-0.2207011388087111
-0.24032117375545703
0.024119725760310684
0.1169225003198687
0.10546110863598993
0.003973422049758868
0.11734067156636002
-0.0765616016831261
-0.21631445940229493
0.2855814931558052
-0.06677887835276958
-0.01002479586249546
0.052380437612218236
-0.1606102852426472
0.1776516600026623
0.20164953023892485
-0.5021439982254243
-0.3511443919677426
-0.39926742894591716
-0.2953121716406514
-0.23817588293726108
0.0962978025023443
0.14292661320938105
0.2932900909919762
-0.07118019693392466
0.08801497510199752
0.20058180282405913
-0.2693078256456805
-0.02486608290679654
0.08439013188811845
0.025413095560469584
0.2445482653801602
0.049989109024870304
0.03897869487278799
-0.04021422133730181
-0.18245701093363836
-0.1673252765896484
0.0733976005305526
0.0454989729362647
-0.003357553093157356
0.418612086648284
-5.551115123125783e-17
-0.04549897293626484
-0.003357553093156579
-0.16732527658964774
-0.0733976005305507
0.040214221337301626
-0.18245701093363922
0.049989109024869416
-0.03897869487278677
-0.025413095560468446
0.2445482653801589
-0.024866082906797107
-0.08439013188811853
-0.20058180282405874
-0.269307825645682
-0.07118019693392413
-0.08801497510199802
-0.14292661320938094
0.293290090991978
-0.2381758829372604
-0.09629780250234322
0.3992674289459181
-0.2953121716406507
-0.23063007141475156
-0.45271520756942
-0.18231152863393202
-0.18585311212911326
-0.1707581758840769
0.15761392692779203
-0.1881251644409282
0.07601498424447338
0.0314372801127476
-0.017003931929495814
-0.12193694655406903
0.014581563440690011
-0.21994335537244686
0.13157825873486445
-0.04452175780911588
-0.08307052042239468
0.16303103639300084
-0.12012762330787674
-0.2572844610453341
0.11132419919089276
0.008090443784004947
0.029568559825710265
0.3095520387960046
-0.19952896521949404
0.4056324922251966
1.2212453270876722e-15
-0.3095520387960077
-0.19952896521949262
0.008090443784006543
-0.029568559825709773
0.2572844610453333
0.11132419919089194
0.1630310363930005
0.12012762330787646
0.04452175780911523
-0.0830705204223961
-0.21994335537244664
-0.13157825873486428
0.12193694655406995
0.014581563440690282
0.03143728011274799
0.01700393192949634
0.18812516444092775
0.07601498424447276
-0.17075817588407705
-0.15761392692779078
0.1823115286339314
-0.18585311212911232
-0.2306300714147526
0.4527152075694204
-0.009522317910437117
-0.02655863963076535
0.06863072600712936
-0.22843821054659902
-0.07225347973895924
-0.020374590248865593
-0.11310290963035868
0.12974364589551413
-0.14050360011189358
0.20559400615252327
-0.0379579501860077
-0.007663001874615938
-0.02455316779999578
-0.17227238928529928
0.13017681135462733
0.0042346678857068665
0.1984402631935388
0.06412840707996575
0.09871245002932535
0.15131367569134155
-0.1008377998534497
-0.018030978175236856
0.17622396945779736
9.944241747600335e-05
0.3030025852332857
-0.08500210314525972
-0.3231209042328206
-9.020562075079397e-16
-0.3030025852332864
-0.08500210314525825
0.1762239694577984
-9.944241747705806e-05
0.10083779985344951
-0.01803097817523726
0.0987124500293256
-0.15131367569134246
-0.1984402631935383
0.06412840707996528
0.130176811354628
-0.004234667885707033
0.024553167799995834
-0.1722723892852997
-0.03795795018600684
0.007663001874616493
0.1405036001118929
0.2055940061525249
-0.11310290963035813
-0.12974364589551438
0.07225347973895885
-0.02037459024886612
0.06863072600712805
0.22843821054659796
0.009522317910436173
-0.026558639630767544
0.12270275667696726
0.5123680686135532
0.24624660233578624
-0.018683698422468975
-0.11280045246561615
-0.08743841509076605
-0.1576102360769466
-0.14413087739226807
-0.20585562996801182
0.03073270274362172
0.0017139187512186238
0.06540013855765267
0.07285714609095398
-0.04682048150946662
-0.12220330903343554
0.1062199433643438
-0.04318197624887944
0.1191856142273326
0.0432063115816739
0.13021619368841622
0.15408621855063404
-0.03686919918863257
-0.2750498450319317
0.11876898346335944
0.12985740910663712
-0.039576213068551865
-0.10305311179050101
-0.02809974522115008
0.20832004053267478
-1.8318679906315083e-15
0.10305311179050124
-0.028099745221148886
0.12985740910663815
0.039576213068551996
0.27504984503193264
0.11876898346336084
0.1540862185506336
0.03686919918863214
-0.04320631158167254
0.13021619368841805
-0.043181976248879615
-0.11918561422733116
0.12220330903343511
0.10621994336434393
0.07285714609095284
0.046820481509467826
-0.0017139187512190263
0.06540013855765348
-0.20585562996801224
-0.030732702743621665
0.157610236076946
-0.14413087739226843
-0.11280045246561654
0.08743841509076514
-0.24624660233578546
-0.018683698422470044
0.12270275667697089
-0.5123680686135543
-0.2881505274145604
0.05982499881860501
0.09893787335791762
0.14009332972817073
-0.06371270000812423
-0.007943994533943177
0.04709615452437216
-0.15635018324875147
0.05272291880875864
-0.07635742539570847
-0.019525792205546677
0.13007372550680893
-0.06229552030253817
-0.038894756376809336
-0.07589090985895397
0.029544753132776977
-0.05539707847604647
-0.06479542174251812
-0.12168372306631002
0.003459696115516775
0.1838220531593741
-0.011856826661557407
-0.3686329252772114
-0.14454908350583098
0.007389736744650793
0.15522530122696968
-0.18337237105088472
-0.14450810323097063
0.06375164271430583
0.10758935685296579
-0.2867929174042478
-3.885780586188048e-16
-0.06375164271430589
0.10758935685296606
-0.1833723710508873
0.14450810323097169
-0.007389736744651029
0.15522530122696881
-0.368632925277213
0.144549083505832
-0.18382205315937397
-0.011856826661558184
-0.12168372306631034
-0.003459696115514277
0.05539707847604575
-0.06479542174251862
-0.07589090985895519
-0.029544753132777296
0.062295520302537266
-0.03889475637681093
-0.01952579220554717
-0.1300737255068098
-0.05272291880875904
-0.07635742539570986
0.04709615452437303
0.15635018324875025
0.06371270000812264
-0.007943994533942678
0.09893787335791954
-0.14009332972816962
0.28815052741456193
0.05982499881860642
-0.21459029032287907
-0.19128689939055687
-0.08834803316496428
0.10241373186434694
-0.0056672993697332585
0.2353704489378915
0.19585069516037867
-0.004743929636196659
0.055958603927907746
0.005505751966281336
-0.13284129978991693
-0.049488392721542984
-0.04382532892856858
0.008768489794503675
-0.016274977758785586
-0.005370223567878543
0.0902672226576775
0.013092226800475976
-0.20413059254225974
-0.017738314301115887
0.07216787125084545
0.0907662529131996
-0.04826041826098046
-0.2421282848970659
-0.14552285496183165
0.08943702023966871
0.11911776150437403
-0.20508416892843792
0.08753562535479793
0.06120019543199299
0.024123002986541374
-0.06304485634420098
-0.165124675089705
-1.2004286453759505e-15
-0.024123002986542214
-0.06304485634420151
0.08753562535479834
-0.06120019543199268
-0.11911776150437556
-0.2050841689284385
-0.14552285496183076
-0.08943702023966776
0.048260418260979876
-0.24212828489706728
0.0721678712508455
-0.09076625291319995
0.2041305925422578
-0.017738314301115776
0.09026722265767743
-0.013092226800476392
0.01627497775878478
-0.005370223567879945
-0.04382532892856841
-0.00876848979450412
0.13284129978991788
-0.04948839272154326
0.05595860392790819
-0.0055057519662821686
-0.19585069516037856
-0.004743929636195354
-0.005667299369733592
-0.23537044893789189
0.08834803316496545
0.1024137318643486
-0.21459029032288057
0.191286899390558
0.026698249724567753
-0.1344057671025261
-0.03261414193409279
-0.06503108200186859
-0.16617073976338115
-0.11373534068672037
0.08329985095158315
0.07675169578152974
0.025992290405638704
-0.0620789253918104
0.08183941756124036
-0.11887773156125167
0.08591393052888399
-0.019750464717951166
-0.02051062487810046
0.017108896364363524
0.05556344971992283
0.0011534168462356414
-0.055714155863715545
-0.21235738570770105
-0.0024757466025471936
0.04167292182799118
0.1561135106425156
-0.109520115919444
-0.036733898076112714
0.039246659381441285
0.2055352220125318
-0.12638851917237848
-0.04899101915520415
0.036750669566947364
0.2790771375022279
-0.017326886959455556
-0.10116143215189413
-0.03225890410999373
0.24686520487911093
-1.0824674490095276e-15
0.10116143215189426
-0.03225890410999405
0.27907713750222896
0.017326886959454335
0.04899101915520368
0.036750669566947704
0.20553522201253244
0.1263885191723778
0.03673389807611238
0.03924665938144194
0.156113510642516
0.10952011591944255
0.002475746602547596
0.041672921827991746
-0.05571415586371509
0.21235738570770002
-0.05556344971992244
0.0011534168462358219
-0.020510624878099876
-0.017108896364364634
-0.08591393052888302
-0.019750464717950972
0.0818394175612402
0.11887773156125198
-0.025992290405637226
-0.06207892539181081
0.08329985095158385
-0.07675169578152913
0.16617073976338204
-0.11373534068672186
-0.03261414193409283
0.06503108200186805
-0.026698249724568093
-0.13440576710252794
0.09108622363712432
-0.02305628915922736
0.012580527083514918
-0.01117572439713621
-0.042807452544431426
-0.1777778191504823
-0.02429964658396498
0.11837622360588113
0.06815039067300321
0.049155290540527585
0.0830700852667283
0.0600723615521576
0.07178905578189457
0.04942119745822306
-0.019689654441520404
0.0880923069377415
0.05116923481731098
0.07201215498557961
0.09757653361010066
-0.07185473872910908
-0.001647594556756754
0.07489603790052601
0.030278929292147344
0.12207755378085686
0.06655830236055697
0.05105721229590668
0.1509799318465486
0.14411629998911302
-0.15789003217563216
0.011814027756660794
-0.04849685970001723
0.2930043687563089
0.09078072081538266
-0.11363332905120466
0.14747151521356822
0.14335239076349868
0.11008229232537965
-8.604228440844963e-16
-0.14747151521356777
0.14335239076349812
0.09078072081538216
0.11363332905120499
0.04849685970001734
0.29300436875631064
-0.15789003217563197
-0.011814027756660378
-0.1509799318465479
0.14411629998911463
0.06655830236055685
-0.05105721229590632
-0.0302789292921469
0.12207755378085708
-0.0016475945567575867
-0.0748960379005253
-0.0975765336101001
-0.071854738729109
0.051169234817310616
-0.0720121549855799
0.019689654441520432
0.08809230693774184
0.07178905578189418
-0.04942119745822354
-0.08307008526672854
0.060072361552158185
0.06815039067300405
-0.04915529054052695
0.024299646583964107
0.1183762236058809
-0.04280745254443201
0.17777781915048213
-0.01258052708351503
-0.0111757243971361
0.09108622363712479
0.023056289159227077
