39.36387256608021
-2.7474844637748436e-15
-0.5219554243960243
0.598158548708002
1.5114377092211004
3.2257169224779904e-15
0.5219554243960438
0.5981585487079969
-7.109463918733523
0.4800301873083561
0.3478611484386616
0.712018365673697
5.298268161954896
3.036768085468744e-15
-0.3478611484386629
0.7120183656736977
-7.109463918733541
-0.48003018730836233
0.09911297903032215
-1.6689145428178307
-0.5774593335102565
-0.15820136787250802
-0.26660787187514945
-0.5617270991046404
2.2343954056089883
-6.165240307493848e-17
0.2666078718751512
-0.5617270991046375
-0.57745933351025
0.15820136787250774
-0.09911297903031757
-1.6689145428178391
0.6346685961119339
-0.02008671827689708
0.1216932936229172
-0.015872484301696445
-1.717320286724439
0.23889137614195663
0.060766101154662314
-0.1309193659512061
-2.06128908452511
-1.1717948557871045e-15
-0.060766101154662855
-0.13091936595120401
-1.717320286724449
-0.23889137614195455
-0.12169329362292072
-0.015872484301695463
0.6346685961119273
0.02008671827689882
0.0661267287926619
0.9221450542050814
-0.0109946723517228
0.10638955649366694
-0.13014587948737197
-0.6654161901785977
-1.0249834275543772
-0.10500904428196879
0.4406034407791104
0.6219437214262272
0.5157481623042357
-6.444950553361309e-16
-0.4406034407791105
0.6219437214262242
-1.0249834275543805
0.10500904428196904
0.13014587948737372
-0.6654161901785958
-0.010994672351725965
-0.10638955649366762
-0.06612672879266222
0.9221450542050864
0.5842838548002416
0.059316569857025214
0.39222357457188606
0.0823432459704293
-0.1675748444462476
0.20847889719950613
0.19946094925994942
0.12526157651017755
0.6690862580138828
-0.3733915876264091
-0.33291123511016585
-0.4546855256478236
0.35498097715849763
1.3461454173580023e-15
0.3329112351101653
-0.4546855256478225
0.6690862580138842
0.37339158762640867
-0.19946094925995098
0.1252615765101763
-0.1675748444462492
-0.20847889719950688
-0.39222357457188806
0.08234324597043108
0.5842838548002389
-0.0593165698570258
-0.05970206431701219
-0.0005259218003056537
-0.06808668711122698
-0.357042124748825
-0.056992879880437275
0.3827215278348993
0.21280844022975093
-0.2565752068479593
-0.2662913956784817
0.3877230774431202
-0.11144621358546913
0.16489710421870343
-0.10582780551217275
-0.5270717609792529
-0.8409488824600428
5.134781488891349e-16
0.10582780551217193
-0.5270717609792523
-0.11144621358546805
-0.16489710421870335
0.26629139567848154
0.38772307744312107
0.2128084402297512
0.25657520684795904
0.056992879880437164
0.38272152783489843
-0.06808668711122912
0.3570421247488237
0.05970206431701136
-0.000525921800302899
-0.4686817927373814
-0.1054914564728939
-0.031374558271344916
0.06676599927135411
0.372298318493741
0.11407588082519232
0.044275563748553015
0.19221100382389245
0.106708983487558
0.11962218680200981
-0.04090108767705608
-0.08181273641125031
0.3287180290398571
0.20533318287862684
0.08320109790115518
0.20930468498937443
-0.3380181523783145
9.43689570931383e-16
-0.08320109790115447
0.20930468498937424
0.32871802903985603
-0.20533318287862673
0.04090108767705579
-0.08181273641125089
0.10670898348755825
-0.11962218680201171
-0.04427556374855299
0.19221100382389197
0.37229831849373946
-0.11407588082519043
0.031374558271344735
0.06676599927135454
-0.46868179273738253
0.10549145647289171
0.05211712253928452
-0.3124486767207334
-0.11140323911926796
-0.10852684134471403
0.08669369348088002
0.2840803615662121
0.029933911549741607
-0.11809667547570113
-0.13696499130165238
-0.2906842639341435
0.05091480745034008
-0.07410070293811634
0.31966927051457517
0.22935887193638713
0.4850686721710398
-0.009789323031655889
-0.07499880758834711
0.10383729563201918
-0.05177577391725646
3.8163916471489756e-17
0.07499880758834684
0.103837295632019
0.485068672171037
0.009789323031655951
-0.3196692705145763
0.22935887193638776
0.05091480745034016
0.07410070293811705
0.1369649913016524
-0.2906842639341442
0.02993391154974219
0.11809667547570055
-0.08669369348088157
0.2840803615662121
-0.11140323911926836
0.10852684134471288
-0.0521171225392848
-0.31244867672073295
0.27803221032794295
0.08688153979233738
-0.16299141388830032
0.10429398253980626
-0.002444305347793753
-0.08968135275806585
0.04014195056667093
-0.052545811734415165
0.2636904167225428
0.1603833393275793
-0.14002566548132128
0.08150438897994206
-0.36275299935894423
-0.17247987086946
-0.1681916185172648
-0.05448341404089821
0.23493980805454992
-0.00769034598418189
0.1777792012234761
0.200490431022903
-0.5295883749102795
-9.43689570931383e-16
-0.1777792012234767
0.20049043102290376
0.23493980805454973
0.007690345984182265
0.1681916185172648
-0.054483414040898126
-0.3627529993589428
0.1724798708694602
0.14002566548132178
0.08150438897994085
0.2636904167225426
-0.1603833393275811
-0.04014195056667191
-0.052545811734415054
-0.0024443053477941346
0.08968135275806724
0.1629914138883003
0.10429398253980582
0.27803221032794323
-0.08688153979233765
-0.09755131608847523
0.29251353554882326
0.11809892269770879
0.06785279362846205
-0.0793481302302147
-0.34609890854892056
-0.245296018429017
-0.07086629392309994
0.01391754276379508
-0.015887145960079514
0.1254301973316742
0.10248065261835337
0.041443818166490044
0.019338193974423573
-0.24247889407419848
0.27237933339811715
-0.023229788057399274
-0.18563978915961443
0.07873734323638046
-0.08996350711654731
0.08081745969176497
0.3505561130165421
0.21228154904083577
1.942890293094024e-16
-0.0808174596917664
0.3505561130165434
0.07873734323638085
0.08996350711654794
0.023229788057400377
-0.1856397891596141
-0.24247889407419992
-0.2723793333981186
-0.041443818166490204
0.019338193974423414
0.12543019733167338
-0.1024806526183519
-0.01391754276379352
-0.015887145960078664
-0.24529601842901683
0.07086629392309983
0.07934813023021386
-0.34609890854892134
0.1180989226977069
-0.06785279362846203
0.09755131608847448
0.2925135355488223
-0.022624716195090877
-0.08914706283666962
0.04272942253858192
-0.05132900355120251
0.2000140668100483
-0.041563848041124715
-0.0002742200745650819
0.0796378421842267
-0.13710488813398733
0.03271367392422745
0.008093366979418537
-0.07334947567648484
0.24014673654501573
-0.09382891367923987
0.1493734770492629
-0.10874124200663926
-0.25129744618320193
0.053949567078616874
0.09963624366627737
0.16383521566807763
0.1328928294783344
-0.16737405145252798
-0.1616507426023016
-0.11301366987567632
0.44998424565116585
2.220446049250313e-16
0.1616507426023018
-0.11301366987567639
0.13289282947833397
0.16737405145252726
-0.09963624366627767
0.1638352156680783
-0.2512974461832026
-0.053949567078616395
-0.1493734770492637
-0.10874124200663887
0.24014673654501598
0.09382891367923991
-0.008093366979416941
-0.07334947567648581
-0.13710488813398605
-0.032713673924228207
0.0002742200745652623
0.07963784218422693
0.2000140668100483
0.04156384804112528
-0.04272942253858214
-0.051329003551204774
-0.022624716195092154
0.08914706283666926
0.05128618602615673
-0.15628541685224548
-0.045274741243124556
0.0650984165072796
-0.08113816859961463
0.1684720668386623
0.06880380717546963
-0.03644814706861099
-0.030942972703875582
-0.02131037836122214
-0.16016941342393276
0.07619677396700983
-0.1383654122777138
-0.15721152094544572
0.10354203118817573
-0.07691514359293589
0.10930483893961784
0.059166266681514236
-0.09793668834664396
-0.16339917198784804
-0.18615227613063218
-0.004613812392597609
0.07823021700925813
0.10712546050428076
-0.11585824999105554
-0.4359493842821095
-0.22978193136771435
3.0184188481996443e-16
0.11585824999105486
-0.43594938428210833
0.07823021700925778
-0.10712546050428096
0.18615227613063262
-0.004613812392597578
-0.09793668834664321
0.1633991719878476
-0.10930483893961808
0.05916626668151363
0.10354203118817541
0.0769151435929354
0.13836541227771276
-0.15721152094544583
-0.16016941342393384
-0.07619677396700875
0.03094297270387484
-0.02131037836122187
0.06880380717547036
0.036448147068611325
0.08113816859961502
0.16847206683866273
-0.045274741243125194
-0.06509841650727896
-0.051286186026157865
-0.15628541685224578
-0.07537743136191555
0.10846982713988385
0.04291521799361399
0.00575112417184713
0.003464212084970497
-0.02321295727754119
-0.031237180391119668
0.02163759913837554
0.2709681068241756
-0.07684308215389007
0.15812334355095964
-0.11940090350174129
-0.09562045921098267
0.0968942847314028
-0.010056925383316942
0.030911704724601807
-0.10513510571560192
-0.06098531906098803
-0.13433831368038282
-0.0435169136256046
0.2514361655273347
0.038640515199987346
0.06313907670225846
-0.14651972358578053
-0.25818611372516903
0.22075107719514953
0.054063761630073454
-0.11564031005731946
-0.2599155704341896
1.8041124150158794e-16
-0.054063761630073356
-0.11564031005731966
-0.2581861137251693
-0.2207510771951487
-0.0631390767022589
-0.14651972358578141
0.25143616552733433
-0.03864051519998825
0.1343383136803835
-0.04351691362560403
-0.10513510571560308
0.06098531906098917
0.010056925383315804
0.030911704724601974
-0.09562045921098217
-0.09689428473140267
-0.15812334355095947
-0.11940090350174104
0.27096810682417566
0.07684308215389007
0.031237180391120167
0.02163759913837643
0.003464212084970608
0.02321295727754176
-0.04291521799361467
0.005751124171846381
-0.0753774313619151
-0.10846982713988312
-0.07416808074371384
0.02219960624180964
0.01791914975324258
-0.08503476594476851
-0.10136188812122471
-0.11860017801827395
-0.054045148395016895
0.07799975117411578
-0.07920399679485338
0.02745186859742904
-0.04612366305077516
-0.03772509185384138
0.013773363965652347
0.017416974002818643
-0.13630734121505766
-0.06199138654516552
0.0656269602082076
0.11990596698307274
0.14170415843645334
0.13526787957919012
-0.10702664870899235
-0.09967830168666625
-0.0840309837540269
0.03196840817304979
0.19973540531646602
0.006533463007986601
-0.03578103733681656
-0.10923945956960823
0.08572962561012899
0.23823949756370125
-0.1505471889679022
1.249000902703301e-16
-0.08572962561012906
0.238239497563701
-0.03578103733681687
0.10923945956960844
-0.19973540531646672
0.006533463007985824
-0.08403098375402707
-0.03196840817305017
0.10702664870899325
-0.09967830168666535
0.1417041584364539
-0.13526787957919081
-0.06562696020820684
0.11990596698307222
-0.1363073412150576
0.06199138654516477
-0.013773363965652659
0.017416974002819264
-0.04612366305077521
0.03772509185384146
0.07920399679485288
0.027451868597428597
-0.05404514839501637
-0.07799975117411512
0.10136188812122549
-0.11860017801827415
0.017919149753241756
0.08503476594476868
0.07416808074371344
0.02219960624180914
0.1120824168170988
-0.0171947868722436
-0.06560659609192247
-0.004732309588972666
0.029485802617945422
0.055172090786684086
-0.019039440408907496
-0.026159988611660197
0.05270772867194129
-0.02354671126527507
0.011528836629410705
0.0436849430558848
0.01161628935276987
0.04056641656744969
-0.1391913477358728
-0.004734574625742567
0.10859214091033983
-0.08861276743536203
0.07318764521908966
-0.012611745503001995
-0.11686907192079218
0.09918769519692713
0.0858550953298121
0.043150699237834905
-0.040706710260233925
-0.11810305541162754
-0.13370726231422725
0.0031202245020800837
0.08084798130069903
-0.11179695708166155
0.03215810827934741
0.07517660433599051
0.2260693584276846
-2.220446049250313e-16
-0.03215810827934833
0.07517660433599194
0.08084798130069831
0.11179695708166146
0.13370726231422805
0.003120224502079494
-0.040706710260233286
0.11810305541162845
-0.0858550953298128
0.04315069923783398
-0.11686907192079177
-0.09918769519692838
-0.0731876452190893
-0.012611745503001096
0.10859214091033836
0.08861276743536244
0.13919134773587213
-0.004734574625742796
0.01161628935277105
-0.04056641656745068
-0.011528836629410968
0.04368494305588559
0.05270772867193996
0.023546711265274425
0.019039440408908315
-0.026159988611659774
0.02948580261794645
-0.055172090786685335
0.06560659609192179
-0.0047323095889724165
0.1120824168170989
0.017194786872244253
0.1249298658514595
0.13279005249329678
0.041001448191253245
0.0412528634734125
-0.13395683892245008
-0.12307791596264267
0.00869984090404357
0.10751128105086674
-0.014957431885773004
-0.117523020505603
-0.09166000308450409
-0.07479943882950427
0.03583878649855793
0.021212320613304497
0.05182820901107732
0.09375930787322875
-0.04322877264036942
-0.0042180162209152425
0.025576598887096437
0.05966466037355303
0.04307166922517756
-0.04050058480883462
-0.16848309437613224
-0.10868612256979397
-0.013616157577768101
0.16236382275777386
0.16438537671302397
0.08686527318153785
-0.14454017714101453
0.0013396729409321517
-0.1365367784645461
0.053564754972616424
0.003726621862221585
-0.09386004029710782
0.23883950790264996
-8.326672684688674e-17
-0.0037266218622217517
-0.09386004029710723
-0.1365367784645457
-0.053564754972616715
0.1445401771410149
0.0013396729409327346
0.16438537671302364
-0.08686527318153786
0.013616157577767768
0.16236382275777267
-0.16848309437613265
0.10868612256979365
-0.043071669225177675
-0.04050058480883462
0.025576598887097263
-0.05966466037355346
0.043228772640370804
-0.004218016220914958
0.051828209011077056
-0.09375930787322814
-0.03583878649855843
0.0212123206133054
-0.09166000308450349
0.07479943882950385
0.014957431885771921
-0.11752302050560337
0.00869984090404377
-0.10751128105086728
0.1339568389224503
-0.12307791596264273
0.04100144819125387
-0.041252863473412754
-0.12492986585145963
0.13279005249329587
-0.06381052487092731
0.12779680902806217
-0.07897952327227889
-0.017594901913579764
0.13624289464106432
0.08281575091338654
0.11214270239945695
-0.05791011509651503
-0.14516760801203601
-0.10244897060914393
-0.04867658837072744
-0.042733492420684
0.12950728508627934
-0.02535756664587495
0.04447299012861242
0.028877297151715497
-0.16320804313187018
0.007823162996961688
0.11355927356182534
0.05641295639377783
0.032499145023436316
-0.0066721965881947065
-0.11786956916875471
0.06339001486442361
0.03258786140924265
-0.048158124090540405
0.04645548808556136
-0.008447455807415502
0.12128141573045761
0.10888465375087503
0.13046756073822485
0.12420993424404386
-0.08605504913459258
0.007049141429824213
-0.12247359867760516
0.0700676360736102
0.014904280886514298
2.7755575615628914e-17
0.1224735986776055
0.07006763607360947
-0.08605504913459264
-0.007049141429824161
-0.13046756073822607
0.1242099342440443
0.12128141573045763
-0.1088846537508749
-0.04645548808556098
-0.008447455807414378
0.0325878614092423
0.04815812409054043
0.11786956916875516
0.06339001486442267
0.03249914502343692
0.006672196588194474
-0.11355927356182566
0.05641295639377786
-0.16320804313187084
-0.007823162996962507
-0.044472990128612735
0.028877297151715053
0.12950728508627934
0.02535756664587567
0.04867658837072719
-0.042733492420683736
-0.14516760801203704
0.10244897060914301
-0.11214270239945662
-0.0579101150965152
0.13624289464106484
-0.08281575091338694
0.07897952327227895
-0.01759490191357861
-0.0638105248709272
-0.12779680902806267
