47.011655605428274
9.295385910483454e-16
-1.0436071619725862
0.615640466882832
-2.9725204859188468
-8.462829073935898e-16
1.0436071619726075
0.6156404668828309
-5.507116651522147
-0.44783518918581783
-0.5995871071892622
0.5787748346834676
-6.907616877303078
1.5041250345802518e-15
0.59958710718926
0.5787748346834688
-5.507116651522143
0.4478351891858182
0.6925844057258549
-0.8377268547031471
-0.36100113452259913
-0.02816653625107575
0.5269369125995166
-0.029803866980031814
-0.013490746726200542
-3.4149610998373096e-16
-0.5269369125995054
-0.029803866980032144
-0.3610011345225935
0.028166536251074802
-0.692584405725851
-0.8377268547031459
-0.09078846397586032
-0.08258420265582987
-0.19143182686039606
-0.11508693723375292
1.6758398860844002
0.06967551388793701
0.15787981241951687
-0.4246148637577781
-1.571391134467252
-6.013367604209317e-16
-0.15787981241952626
-0.4246148637577768
1.6758398860844088
-0.06967551388793562
0.19143182686039287
-0.11508693723375273
-0.0907884639758598
0.08258420265582493
0.31598564267084894
0.18903215112191793
0.16158285957230034
0.2601155482558715
-0.2268945351680286
0.30125329323482997
0.3379834505743746
-0.3392594810121588
0.43980664835473704
0.07592321428631287
0.6797504580373497
6.529772993481614e-17
-0.43980664835473854
0.07592321428631307
0.33798345057438167
0.3392594810121591
0.22689453516802371
0.301253293234831
0.16158285957229918
-0.26011554825587063
-0.31598564267084844
0.18903215112191646
1.1224348048867219
-0.07980889343689411
-0.1073653591003469
0.2928137076239383
-0.31693730471447745
0.04163917313353546
0.31538665033913404
-0.018574128557546844
0.6474496666565388
-0.005131575467313382
-0.5875661140201104
0.34573164982242277
1.4656699734760816
5.828670879282072e-16
0.5875661140201104
0.34573164982242355
0.6474496666565386
0.00513157546731369
-0.3153866503391346
-0.018574128557547007
-0.3169373047144763
-0.04163917313353623
0.10736535910034661
0.2928137076239388
1.1224348048867252
0.07980889343689335
-0.2776633958015112
0.017355449638410514
-0.29015583765151753
-0.017210110877976924
0.06510710553393251
-0.05936894941400394
-0.004831281912362706
-0.16438187000181984
0.13553507960234656
0.039496282541548564
-1.0905879902406073
0.23164001222648664
-0.12085283092747695
-0.09340684724289591
0.0657171043047391
9.159339953157541e-16
0.12085283092747617
-0.09340684724289613
-1.0905879902406097
-0.2316400122264868
-0.13553507960234717
0.03949628254154755
-0.004831281912361207
0.16438187000182014
-0.06510710553393279
-0.059368949414003516
-0.2901558376515171
0.017210110877976886
0.2776633958015111
0.017355449638410417
-0.45769390795615056
0.1662472405680925
-0.010892917848701202
-0.188951528608873
-0.03120358036883962
0.05808772557324523
0.06667779438123381
-0.19186247686763908
0.004484983957927652
0.10167660651137068
-0.2502332751056607
-0.02881617102355996
-0.6181786358155383
-0.022165632861727083
0.5786903343303712
-0.2209863181772287
-0.9861590070078552
3.365363543395006e-16
-0.5786903343303718
-0.22098631817722816
-0.6181786358155386
0.02216563286172735
0.25023327510566007
-0.028816171023560294
0.004484983957928568
-0.10167660651136991
-0.06667779438123336
-0.19186247686763913
-0.03120358036883905
-0.05808772557324496
0.010892917848701736
-0.18895152860887124
-0.4576939079561497
-0.16624724056809204
0.14034437044331122
0.10342591304945697
0.02411856986486155
-0.19070785479760438
0.0002279644823255378
-0.011835492548299256
0.040261002092700865
0.05268730366267649
-0.28560873718850566
-0.015588372434199665
0.10319273972674751
0.09991294691145608
0.3379356363913156
-0.2008519877533657
0.5169424583718665
-0.06814503031180254
-0.5350885053527371
0.011452471571800571
-0.07308778134743943
6.938893903907228e-17
0.5350885053527383
0.011452471571800182
0.5169424583718671
0.06814503031180333
-0.33793563639131585
-0.2008519877533659
0.1031927397267477
-0.0999129469114559
0.28560873718850555
-0.015588372434199013
0.04026100209269995
-0.052687303662676585
-0.0002279644823256488
-0.011835492548299686
0.02411856986486181
0.190707854797605
-0.14034437044331022
0.10342591304945642
-0.03759542342186617
0.13398869607965302
-0.021519542009245045
-0.14292551054285782
0.056527546585831534
-0.03964686827375388
0.051838068386256264
0.11879876133347708
-0.3841121744802506
-0.10599022128414462
0.20936264632265178
0.16410755045023695
0.20286010861582726
-0.13313528043290668
-0.15901612092307527
-0.06453639131735464
0.008820849343376347
0.054614968901227905
0.18227378130067357
0.0784406544752335
0.2703821675675038
4.787836793695988e-16
-0.18227378130067354
0.07844065447523386
0.00882084934337557
-0.0546149689012277
0.15901612092307454
-0.0645363913173547
0.20286010861582796
0.13313528043290634
-0.20936264632265203
0.16410755045023612
-0.3841121744802507
0.10599022128414495
-0.05183806838625596
0.1187987613334768
0.05652754658583223
0.039646868273753716
0.021519542009245343
-0.1429255105428564
-0.03759542342186609
-0.1339886960796533
0.1626917873173048
0.09269526719492326
-0.009198021593973732
-0.018953858507933283
0.012621837994428786
0.03352606891534465
0.04957172481511907
0.12036935196487965
0.11508050702911055
-0.09918430546040609
0.15926195219185368
0.05930297310329756
-0.009037212454958005
0.002116669377413616
-0.12795960651085098
-0.011719881396426402
-0.08391401944397894
0.1192122021239536
0.17385861419439225
0.046539146858480734
0.18131212207262598
-0.05663660289245859
-0.03559945546673654
5.134781488891349e-16
-0.1813121220726257
-0.05663660289245841
0.17385861419439322
-0.046539146858481
0.08391401944397889
0.11921220212395373
-0.12795960651085153
0.011719881396426733
0.00903721245495831
0.0021166693774140252
0.15926195219185302
-0.05930297310329827
-0.11508050702911049
-0.0991843054604058
0.049571724815118845
-0.12036935196487933
-0.012621837994429286
0.033526068915344195
-0.009198021593973954
0.018953858507934004
-0.16269178731730466
0.0926952671949224
0.27899315019953314
-0.04346076109171137
-0.09285148279643869
0.0018712897621954439
-0.058752119466940936
0.06162467009190082
0.026805652624786867
0.07397517825110894
0.12798743813815378
-0.0016973441493329522
-0.010582449101808944
-0.05941120256108509
-0.03439997755228588
0.039125299821645435
0.04388053074568865
-0.012522295792711143
-0.044506490723641545
0.1372222920800503
0.01626165491570432
0.02724133236593867
0.1730803591090559
-0.08766780399379437
-0.07157592820382536
-0.03589170154115316
0.26924467704503424
6.938893903907228e-16
0.07157592820382608
-0.03589170154115403
0.17308035910905573
0.08766780399379406
-0.016261654915704193
0.027241332365938925
-0.044506490723641656
-0.13722229208004988
-0.04388053074568924
-0.012522295792711774
-0.034399977552285355
-0.039125299821645115
0.010582449101809291
-0.05941120256108531
0.12798743813815355
0.0016973441493335906
-0.02680565262478747
0.07397517825110908
-0.058752119466940804
-0.06162467009190088
0.09285148279643957
0.0018712897621953883
0.27899315019953325
0.04346076109171167
-0.20090787033764798
-0.013069157556444883
-0.04533204806753452
-0.07274932477056198
-0.002724535892244806
0.016092025566391284
0.0236542993882716
0.00551433093075596
-0.05856186052573181
-0.026038503482138098
-0.07581715415856122
-0.014986649051294168
-0.14673427290550395
-0.03363616724430413
0.07595061042502574
0.027411395337648033
0.029296662254065964
-0.044045545475844994
-0.06908588233744906
-0.007707077541420138
-0.06696177420250274
-0.10257083918130483
-0.13944363343058785
0.021726090803939085
-0.048559532414625066
0.03602055943401003
-0.3063743996970517
3.7470027081099033e-16
0.04855953241462563
0.03602055943400896
-0.13944363343058852
-0.021726090803939023
0.06696177420250252
-0.102570839181304
-0.06908588233744933
0.0077070775414201514
-0.029296662254065353
-0.04404554547584452
0.07595061042502532
-0.027411395337647804
0.14673427290550342
-0.03363616724430393
-0.07581715415856133
0.01498664905129421
0.058561860525732035
-0.02603850348213834
0.023654299388271738
-0.005514330930755942
0.0027245358922446394
0.016092025566390854
-0.045332048067534714
0.07274932477056295
0.20090787033764843
-0.013069157556445042
-0.24165734443032433
0.026420227455467682
0.12469864313870008
-0.06581703378691856
0.012629723488364275
0.008226286836681182
0.017206598339358396
-0.038048061834324326
0.011317214326933136
-0.030505482591337785
-0.04432629489725068
-0.03421807222884296
-0.0038481407086411734
0.03231204341408666
0.08648856874564925
0.012097837110144949
0.0425061087264508
-0.06721673906658539
-0.0930164236167083
-0.03948952336616504
0.053165186262178116
-0.06209892339921837
0.13527581019965518
0.02051724392648084
-0.34591571190416975
0.06535013983647067
-0.11140172773926377
-0.0697795415734661
-0.008800501147220724
6.661338147750939e-16
0.11140172773926338
-0.06977954157346575
-0.34591571190417064
-0.0653501398364704
-0.13527581019965565
0.020517243926479953
0.053165186262178574
0.06209892339921833
0.09301642361670813
-0.03948952336616465
0.04250610872645044
0.06721673906658514
-0.08648856874564989
0.012097837110145115
-0.0038481407086409097
-0.03231204341408721
0.044326294897251095
-0.03421807222884228
0.011317214326932966
0.030505482591338257
-0.017206598339358607
-0.03804806183432462
0.012629723488364386
-0.008226286836682292
-0.12469864313870035
-0.06581703378691936
-0.24165734443032438
-0.02642022745546804
-0.0354141182097345
-0.00504141535720222
0.14676356076675873
0.004359354969487084
-0.07639071126652826
0.0019397976866854794
-0.007132030520948518
0.026942336352514917
-0.006840003629997413
-0.02715829797239034
-0.05662098983322629
-0.019745809177127954
0.15809777559144023
0.06703367579669901
0.01025880693787434
0.0009519005302572048
-0.07864765210846869
-0.03303954909362638
0.007954096630400496
0.0670679961234733
-0.005206094213537002
0.03638669986375109
0.040173300286242525
0.0138560179508644
0.042285535913451966
0.022864595193364395
0.29538650860909377
-0.04751441541084868
0.12484239959767293
-0.016025921914555583
0.08439808473765387
1.1032841307212493e-15
-0.12484239959767296
-0.016025921914554847
0.2953865086090933
0.04751441541084894
-0.042285535913452035
0.02286459519336416
0.04017330028624323
-0.013856017950863692
0.005206094213536794
0.0363866998637519
0.007954096630400219
-0.0670679961234732
0.07864765210846822
-0.03303954909362623
0.010258806937874461
-0.0009519005302573574
-0.15809777559144053
0.06703367579669911
-0.05662098983322623
0.01974580917712837
0.006840003629997038
-0.02715829797239029
-0.0071320305209483514
-0.026942336352515417
0.07639071126652794
0.0019397976866859096
0.14676356076675895
-0.0043593549694866535
0.03541411820973443
-0.0050414153572024
-0.07967999663116149
0.03329105768543689
0.08206627048846732
0.029282249321965763
-0.05118525648469008
0.012066688862857809
-0.013127163980840614
0.028128972855606213
-0.020790613728150498
0.028654546778373424
-0.016886555019002547
-0.03319022194444844
0.0720865363442113
0.07834368591118183
-0.0983952649921949
-0.054176643546644775
-0.05463919409161552
-0.015190527462574821
0.04994515482017131
0.06630576897287906
-0.15350680925740495
0.07444473879601886
-0.051634967508487756
0.004992005397486121
0.18185150803596425
0.00012430278830553865
-0.04570808852711858
-0.01938481447886633
0.09509999051192787
0.02963532887636576
-0.12094954619898007
0.0584561186429676
0.1585590015734549
8.881784197001252e-16
0.12094954619898002
0.05845611864296756
0.0950999905119281
-0.02963532887636612
0.04570808852711855
-0.019384814478866287
0.18185150803596484
-0.0001243027883062256
0.05163496750848799
0.004992005397485913
-0.15350680925740495
-0.07444473879601866
-0.049945154820171506
0.06630576897287939
-0.05463919409161605
0.015190527462574446
0.09839526499219509
-0.05417664354664449
0.07208653634421144
-0.07834368591118158
0.016886555019002908
-0.03319022194444815
-0.020790613728150276
-0.02865454677837316
0.013127163980840129
0.02812897285560618
-0.05118525648469016
-0.012066688862857514
-0.08206627048846782
0.029282249321965062
-0.07967999663116174
-0.03329105768543664
0.018684888910599218
0.04040470741305206
0.02468542637777192
0.08365671537505814
-0.024432794130874236
0.044206105305931276
-0.03505063077877329
-0.006301016205588483
0.07901725543947494
0.02756237927104427
0.01617763594030981
0.008373708755500212
-0.0335700994871911
-0.001794144051199556
-0.07193362877358209
-0.008433061359343505
0.006909563929351423
-0.0035902919486200738
0.07788170222042594
-0.021310075397359702
-0.04113301615382443
-0.008012201363830115
0.08826915344442358
-0.08762483312781483
0.043310306100249774
0.036026824445311856
-0.16795357444300804
-0.0324121782043892
-0.18711273488365485
0.05870129792984677
0.10059015549373668
-0.028325395328357095
0.18270541536005933
-0.00383465490280592
0.04624424335181898
-1.491862189340054e-16
-0.18270541536005905
-0.0038346549028052818
0.1005901554937359
0.02832539532835697
0.18711273488365499
0.05870129792984644
-0.16795357444300726
0.032412178204389255
-0.043310306100249774
0.03602682444531196
0.08826915344442329
0.08762483312781465
0.0411330161538242
-0.008012201363830282
0.0778817022204259
0.021310075397359705
-0.006909563929351145
-0.003590291948620119
-0.07193362877358186
0.008433061359343574
0.03357009948719103
-0.0017941440511994033
0.016177635940309874
-0.008373708755500253
-0.07901725543947549
0.0275623792710442
-0.035050630778773045
0.00630101620558865
0.02443279413087493
0.044206105305931546
0.024685426377772463
-0.08365671537505827
-0.018684888910599162
0.04040470741305163
0.08922344946664446
-0.13311265036525213
-0.0878117886586425
-0.0003113040472517842
-0.08221516968509968
0.025019235544217148
-0.029383827263201823
-0.021057604920540676
0.04077759876259568
-0.026192068927086157
-0.042246052784848
0.0073319329479835105
-0.031488376544826197
-0.01880042009188617
-0.011233410564261581
-0.041138104741364145
0.04232379977911402
0.07373991891923326
-0.026427477077040247
-0.05284185202672735
0.1133019607368821
-0.048647266214245144
0.012835087653630095
-0.077380912126991
0.060968454486473526
-0.01697813751341827
-0.08234852699561868
0.022176551209442313
-0.07121353879642095
0.002495381960343747
0.19797453198641535
-0.031339823749663466
0.24814213063670956
-0.06797446435389023
-0.17344332844358754
0.003949902414591394
-0.12955640338597063
7.7021722333370235e-16
0.17344332844358754
0.003949902414591339
0.2481421306367106
0.06797446435388997
-0.19797453198641554
-0.031339823749663404
-0.07121353879642082
-0.0024953819603433444
0.08234852699561865
0.02217655120944278
0.06096845448647338
0.01697813751341823
-0.012835087653630319
-0.07738091212699152
0.11330196073688173
0.04864726621424542
0.026427477077040094
-0.05284185202672709
0.042323799779113366
-0.07373991891923334
0.011233410564261165
-0.04113810474136423
-0.03148837654482642
0.0188004200918859
0.04224605278484811
0.0073319329479837325
0.04077759876259601
0.026192068927086573
0.029383827263201573
-0.02105760492054072
-0.08221516968509968
-0.02501923554421761
0.08781178865864256
-0.00031130404725235317
0.08922344946664401
0.13311265036525186
