66.6602539906042
1.146340440479129e-16
2.8544565355978015
-1.5299986433904074
1.8104689219773202
-1.1945061907294317e-15
-2.8544565355978175
-1.5299986433904114
1.0286258549697038
-0.12477655777968397
0.06967343247840585
-0.13042454127494435
2.4331855089339522
-1.7035461220461566e-15
-0.0696734324783989
-0.1304245412749422
1.028625854969699
0.12477655777968605
0.8685680582141352
0.3743539984451279
0.1439354607475884
-0.06964837278625016
-0.5045378050722991
0.22383624447611747
0.9176013340343883
-6.956868076037613e-16
0.5045378050722956
0.22383624447611614
0.1439354607475894
0.06964837278625186
-0.8685680582141542
0.37435399844512196
-3.208725419246401
-0.09039617377196894
0.05894130434835396
0.04425984592044145
0.0047289723364231095
0.03515776785946664
0.07944566216821414
0.03371257559787788
-5.529814723046733
1.0138822494375264e-15
-0.07944566216821702
0.033712575597879026
0.00472897233642483
-0.03515776785946545
-0.058941304348359785
0.044259845920441604
-3.2087254192464085
0.09039617377197222
-0.62933773699286
0.4091437162818211
-0.060128764922549705
0.06299485252420779
0.2619134670591906
0.1723513576955826
-0.012012434323424748
0.03858076329626278
-0.7091091499532474
0.3503134935809166
-0.5105322473386935
4.29491593944932e-16
0.709109149953246
0.3503134935809157
-0.01201243432342497
-0.03858076329626189
-0.26191346705919216
0.17235135769558171
-0.06012876492254916
-0.06299485252420729
0.6293377369928579
0.40914371628181384
-0.2686769764529789
0.1583088228390626
-0.13576365724288597
0.06810887981060679
-0.9792703246173513
-0.05096918108199813
0.017471417945034817
0.014367490685386938
-0.21268228313286536
-0.008117255608210305
-0.1248447179969997
0.0477537983804793
-0.5319933161819022
-4.787836793695988e-16
0.12484471799700035
0.047753798380480425
-0.2126822831328661
0.008117255608210333
-0.0174714179450349
0.014367490685387202
-0.9792703246173525
0.05096918108199838
0.13576365724288603
0.06810887981060679
-0.2686769764529792
-0.15830882283906186
-0.536354321194671
-0.07531735085840785
-0.024814220451315844
-0.05204945777004227
-0.08150832378412459
0.08011270777100557
-0.17246770282428597
-0.023206466560260264
-0.07315383783801291
0.008869951935854735
-0.04969709279566099
0.012590547495566151
0.2911207291962799
-0.03345577143402795
-0.43504175134874945
-3.469446951953614e-16
-0.2911207291962795
-0.03345577143402872
-0.0496970927956611
-0.01259054749556636
0.07315383783801305
0.008869951935855859
-0.17246770282428614
0.023206466560259993
0.08150832378412426
0.0801127077710056
-0.02481422045131554
0.05204945777004244
0.5363543211946712
-0.07531735085840664
0.800320876829109
0.016259526652049605
-0.03652863948258783
-0.03578947624635388
-0.04535141465534709
0.07584316476964062
-0.046933290128878785
0.023942083805097727
0.38445047852518804
0.06215210014757204
-0.0029962074877929457
0.007267737003363368
-0.05228773511115141
0.01969286097641587
-0.042806970473787315
-0.008099557476456673
1.4985548319088429
6.38378239159465e-16
0.042806970473787107
-0.008099557476456382
-0.05228773511115215
-0.01969286097641609
0.002996207487792571
0.007267737003363223
0.38445047852518777
-0.06215210014757198
0.04693329012887899
0.02394208380509727
-0.04535141465534645
-0.0758431647696409
0.03652863948258758
-0.035789476246354215
0.8003208768291096
-0.016259526652048828
0.2004009013593807
-0.18814349669265285
0.09749582047513058
-0.029897132532049883
-0.2646313024167487
-0.029476179242684475
-0.008741003706642797
-0.003668044505369325
0.1187143315134827
-0.07087127330105158
-0.0336613164552195
-0.03692803387934689
-0.20759181003095487
-0.12872625308583607
0.0013971436815811006
-0.037821934747677546
0.31754870056568313
-0.23023077322587368
0.28754709029718584
-2.914335439641036e-16
-0.31754870056568313
-0.23023077322587446
0.00139714368158185
0.03782193474767704
0.2075918100309544
-0.12872625308583577
-0.033661316455219074
0.03692803387934686
-0.11871433151348218
-0.07087127330105185
-0.00874100370664209
0.0036680445053691516
0.26463130241674854
-0.029476179242684447
0.09749582047513206
0.02989713253204998
-0.200400901359381
-0.18814349669265296
0.21157472298941332
-0.17812026012361137
-0.003245473405469587
0.04766604306180905
0.3659653227207287
0.010089908509674006
-0.04079292702660444
-0.012518245643933834
0.05027319833287938
-0.053370332814057536
0.05572350182453714
-0.022568393048176205
0.43732684857091275
-0.016598186414087685
0.011891931751790638
-0.0030850826980370963
0.15047015440820816
-0.020484338449550877
0.1263689682981375
-0.0002572646146078994
0.19241993462856222
4.163336342344337e-17
-0.12636896829813787
-0.00025726461460769123
0.15047015440820777
0.020484338449551186
-0.011891931751790596
-0.003085082698037308
0.43732684857091186
0.016598186414087446
-0.055723501824536836
-0.022568393048175955
0.05027319833287991
0.05337033281405747
0.04079292702660485
-0.012518245643933577
0.36596532272072774
-0.010089908509674173
0.0032454734054695455
0.047666043061809646
0.2115747229894127
0.17812026012361076
0.2713951722143348
0.08269238333515316
0.02114523845379998
-0.0057804044252695586
0.07332033601919324
-0.1219501757095372
0.08785990893883822
-0.006327997708124075
-0.04286958709337298
-0.05826555884589117
0.03998070532616381
0.027280168767236213
0.09733122638991573
-0.08330409780779657
0.12539281654282558
0.055157635446100556
0.019200997442975973
-0.03272357890915392
0.006175416709481959
0.030417414762450048
-0.16430033061915983
0.022092191417339646
0.18022725932398892
-2.0816681711721685e-16
0.16430033061915955
0.022092191417339348
0.00617541670948208
-0.030417414762450124
-0.019200997442976278
-0.03272357890915362
0.12539281654282505
-0.05515763544610089
-0.09733122638991565
-0.08330409780779607
0.03998070532616395
-0.02728016876723599
0.042869587093373115
-0.0582655588458911
0.08785990893883833
0.006327997708123957
-0.07332033601919394
-0.12195017570953715
0.02114523845379998
0.005780404425269531
-0.2713951722143333
0.08269238333515361
-0.21916700567430206
-0.08391556820220789
-0.03862488543014028
0.026484026476039292
0.11537145604235416
-0.1100812539396209
0.006938018673734725
0.02143960866596481
0.11645327546093182
-0.02374104867018406
-0.04794906000148495
0.030697831068979387
0.0498201221877656
-0.027492247845026387
0.01746962861691481
-0.012602924064491455
-0.10944329016283494
-0.029857197311534533
-0.06803177702156774
-0.04133787920607129
0.019079127254818855
-0.007346908145481515
0.0031400740164838695
-0.058856734042164495
-0.5279456601929201
8.326672684688674e-17
-0.0031400740164834948
-0.05885673404216434
0.019079127254818737
0.007346908145481265
0.06803177702156805
-0.04133787920607116
-0.10944329016283463
0.02985719731153464
-0.017469628616915235
-0.012602924064491372
0.04982012218776573
0.02749224784502527
0.047949060001485355
0.03069783106897951
0.11645327546093204
0.023741048670183784
-0.006938018673734683
0.021439608665965018
0.11537145604235419
0.11008125393962155
0.03862488543014003
0.0264840264760393
-0.21916700567430203
0.0839155682022078
-0.14336281767826578
0.15073511855629018
0.015820145077327014
-0.035364204602112606
0.1848582307845574
0.05721762952696449
0.014415645453151077
-0.008693209837204396
-0.03660726866115151
0.016966159120377036
0.021499863978531958
-0.0009573062358402273
0.1104547859297732
0.009921906100604668
-0.007870755156444378
-0.02384913515813801
-0.08859491461117641
0.04741178802570897
0.04084363608710334
-0.02256794907217325
0.17839115884448184
0.09961908057415964
0.042056236909878586
-0.00967473613743253
-0.1802821927395496
0.1674193807431535
-0.11848140452981484
-1.942890293094024e-16
0.18028219273954962
0.16741938074315327
0.042056236909878836
0.009674736137432055
-0.1783911588444817
0.09961908057415964
0.0408436360871038
0.022567949072173302
0.08859491461117705
0.047411788025708265
-0.007870755156444344
0.02384913515813772
-0.11045478592977331
0.009921906100604626
0.021499863978531958
0.0009573062358402343
0.036607268661151784
0.016966159120376814
0.014415645453151105
0.008693209837204147
-0.18485823078455757
0.05721762952696485
0.01582014507732657
0.03536420460211284
0.14336281767826725
0.15073511855629085
-0.05682383574318009
0.07717410499800681
-0.024920958073380878
0.027529309824456172
-0.14333283343644243
-0.029175151857913584
-0.018578390166756366
0.007484816665326882
0.03298938583169256
-0.028222529002346494
-0.01826576474101485
-0.02476500911784238
-0.10096568293518399
-0.003799970314415771
0.014900766383496633
-0.02617550262208504
-0.013986584065229915
0.04014845255393379
-0.004232338436215059
-0.011214025359870705
-0.2510551311628968
0.04685559100138284
0.03412307418514671
0.01410818560288786
-0.1120371578247421
0.035604597073693456
-0.08913283716807492
0.03543828026191452
-0.1323791837275493
0.0
0.08913283716807444
0.03543828026191463
-0.11203715782474222
-0.03560459707369315
-0.034123074185146776
0.01410818560288793
-0.2510551311628965
-0.046855591001383035
0.004232338436215212
-0.011214025359870788
-0.013986584065229936
-0.04014845255393378
-0.014900766383496827
-0.0261755026220849
-0.10096568293518443
0.00379997031441566
0.018265764741015378
-0.02476500911784274
0.032989385831693085
0.028222529002346786
0.018578390166756276
0.007484816665327382
-0.14333283343644293
0.02917515185791385
0.02492095807338071
0.02752930982445584
-0.05682383574317995
-0.07717410499800659
-0.24933172705459142
0.026086705972859336
0.01419526389363479
-0.03205561204818444
-0.08431416616723506
0.0952023135635309
0.00269802283127632
-0.03025896044805588
0.07149050388275982
0.06586720092782125
0.03267600798959003
-0.03822458788913399
-0.07425981091319617
0.08021199574592125
0.00643193923648077
-0.012860391819390693
0.041190877931776955
0.08651936691333297
-0.003813948851794924
-0.0009912974122770202
-0.10387038185511245
0.08904617348655788
-0.09577544997267255
-0.01564700567888322
-0.05802709142353858
0.03108564792989399
-0.03162643960538341
-0.00585361745450666
0.11059241087582349
-0.05555703631508346
-0.11600455514165928
0.0
-0.11059241087582378
-0.05555703631508416
-0.031626439605383
0.0058536174545068785
0.058027091423538964
0.03108564792989417
-0.09577544997267275
0.015647005678882983
0.10387038185511263
0.08904617348655847
-0.0038139488517953055
0.000991297412277381
-0.041190877931777226
0.08651936691333229
0.006431939236481016
0.012860391819390405
0.07425981091319592
0.08021199574592067
0.032676007989590306
0.038224587889134326
-0.07149050388276022
0.06586720092782129
0.0026980228312764587
0.030258960448056135
0.0843141661672348
0.0952023135635309
0.014195263893634562
0.032055612048184065
0.24933172705459183
0.02608670597285806
0.10412781714046614
0.02912440864670618
-0.00732772431756179
0.015058111327275664
-0.049074305165350274
0.08072483430374236
-0.015326704574969499
0.01573565683935399
-0.08542119879034692
-0.01894671299468961
0.02920618850619551
0.011636636064987368
-0.054147687455577936
0.03598902508899601
-0.014964115498995768
0.010498227950644645
-0.12513026945233724
0.00558233591909629
0.058672909533105305
0.00689507297858406
-0.08767678168211067
-0.002165647507599275
-0.04576169767280188
0.03805380944852295
0.05189284301548236
-0.032551645044090576
0.07378790310840552
0.05507396515655413
0.015464582442071169
-0.036692383754844946
-0.001741899511358582
0.06428242208848853
0.28532269982980457
1.0408340855860843e-17
0.001741899511358433
0.06428242208848832
0.01546458244207103
0.03669238375484521
-0.07378790310840574
0.055073965156554126
0.051892843015482554
0.03255164504409068
0.04576169767280168
0.03805380944852346
-0.08767678168211063
0.002165647507598789
-0.05867290953310516
0.006895072978584363
-0.1251302694523373
-0.005582335919095894
0.014964115498995928
0.010498227950644534
-0.05414768745557785
-0.03598902508899582
-0.029206188506195496
0.01163663606498705
-0.08542119879034664
0.018946712994689308
0.0153267045749702
0.015735656839353657
-0.049074305165350385
-0.08072483430374192
0.00732772431756136
0.015058111327275442
0.10412781714046626
-0.029124408646705624
0.04313555231901377
-0.03965371201517581
0.031092410237867102
-0.022087460731193637
-0.17538246498909918
0.00334583007461578
0.009119841733662648
-0.009000037596893277
-0.04564082707034825
0.04598866691765735
-0.001607295127506729
-0.012555356469910465
-0.0639186277464166
0.01016294652615847
0.005514595145276434
0.0036630534943027093
-0.010968202405495356
-0.002929553256406779
-0.044215795822428586
0.010228280753088514
-0.05547176417897444
-0.04297559803754497
-0.010877605083690262
0.03046083123595292
0.11245281403464595
-0.06215559873611705
-0.053993122982458175
0.037301138601741515
-0.09083914624888464
-0.0749530598124693
-0.0556968466392618
0.021474018538405887
0.1294615352230083
-0.08236934746248224
0.04224174785651803
2.0816681711721685e-16
-0.12946153522300868
-0.08236934746248228
-0.05569684663926161
-0.021474018538406067
0.09083914624888446
-0.07495305981246962
-0.05399312298245856
-0.03730113860174151
-0.1124528140346458
-0.06215559873611688
-0.01087760508369022
-0.030460831235952827
0.055471764178974044
-0.04297559803754511
-0.044215795822428405
-0.010228280753088282
0.01096820240549502
-0.0029295532564064947
0.0055145951452763575
-0.0036630534943027093
0.06391862774641616
0.010162946526158373
-0.001607295127506278
0.012555356469911155
0.04564082707034761
0.04598866691765746
0.009119841733662884
0.009000037596893724
0.1753824649890987
0.0033458300746157105
0.0310924102378667
0.02208746073119383
-0.043135552319013726
-0.03965371201517548
0.0806447542166689
-0.1396277855189612
-0.005218241627675049
0.04390725994553141
0.06854498942187773
0.01812776360917749
-0.020615037553174197
0.014999053633539136
-0.006083637661033262
0.004276416200335018
-0.019099861520388978
0.03341762557614851
0.021336583565311262
-0.010652105559707997
-0.0031079048595880343
0.027830178114433734
0.0013651087232822226
-0.00796315676907806
-0.008045130455822558
0.031025364437973806
0.07389677504970749
0.0029313783762425633
-0.01912048978130415
0.03591826342147907
0.0557854939759999
-0.02001797646938744
-0.01207631711532535
0.016383315383831615
0.16834576286455186
-0.004702973675613051
-0.07195090246465283
-0.026578817646302322
0.08790370369070505
-0.003366556376098756
0.06705044521287347
-0.06871063993341531
0.03582250654242493
-5.551115123125783e-17
-0.06705044521287293
-0.06871063993341539
0.0879037036907049
0.0033665563760987005
0.07195090246465252
-0.0265788176463021
0.1683457628645521
0.004702973675613231
0.012076317115325252
0.016383315383831337
0.05578549397599975
0.020017976469387584
0.019120489781304373
0.035918263421479336
0.07389677504970714
-0.002931378376242272
0.00804513045582271
0.03102536443797408
0.0013651087232819728
0.007963156769078224
0.003107904859588107
0.027830178114433526
0.021336583565311457
0.010652105559707765
0.01909986152038899
0.03341762557614894
-0.0060836376610335
-0.00427641620033473
0.02061503755317412
0.014999053633538817
0.06854498942187749
-0.018127763609177824
0.005218241627674931
0.043907259945531574
0.08064475421666961
0.1396277855189612
