65.04671317348698
-2.0384344967011355e-16
-0.30672984326957753
0.08506623359429236
0.14889522116901244
-2.378636056464109e-16
0.30672984326961983
0.0850662335942898
8.266625061314715
-0.1598094513618802
-0.9014623899492207
0.028865624204209853
2.0611354121880705
-6.002229070610872e-17
0.9014623899492337
0.028865624204207862
8.266625061314702
0.15980945136188096
-0.01066246343334562
0.19731975786866285
0.16724836198037962
-0.059671678508585985
0.08583786491755278
-0.045251691207339066
-0.20172257366091412
-8.067498615309975e-17
-0.08583786491755638
-0.04525169120733783
0.16724836198037507
0.05967167850858586
0.010662463433349312
0.19731975786866324
-0.21283234470310586
-0.18568439239805845
-0.8947818825133818
0.07822278203135379
-0.5417537174651667
0.058182067459375555
0.9629448021658968
-0.02706535627080222
-3.4767311436616595
-2.336445393695865e-16
-0.9629448021658931
-0.027065356270802608
-0.5417537174651559
-0.05818206745937718
0.8947818825133816
0.07822278203135466
-0.21283234470309093
0.185684392398059
0.378636081534782
0.1288819960919155
0.001009744000001922
-0.07632799250458186
-0.12058444487586273
-0.04815024944201241
-0.06398473318814042
0.03705784756302087
0.06265212926933988
0.009380378410587172
0.07518138502414284
-1.8976355905499226e-16
-0.06265212926934066
0.009380378410587913
-0.06398473318814454
-0.03705784756302229
0.12058444487586659
-0.04815024944201196
0.0010097440000018457
0.07632799250458225
-0.37863608153478323
0.12888199609191656
-0.9393642191990657
-0.041552945327949474
-0.4817576778141594
0.05416861465235709
-1.3987914266317536
0.023998381576213205
0.49814491677688133
-0.028411838598258646
-0.7548744212444143
0.0015129540021073407
-0.40160002623783786
0.003375252595084125
-1.526093962034756
1.5265566588595902e-16
0.4016000262378394
0.003375252595084529
-0.7548744212444143
-0.0015129540021073945
-0.49814491677688066
-0.028411838598259048
-1.3987914266317518
-0.023998381576213267
0.48175767781416157
0.054168614652357165
-0.9393642191990609
0.04155294532794929
0.5142584723104106
-0.053227621350028544
-0.16280964369183276
-0.019870002075674957
-0.18366348064431343
-0.0030760102243392595
0.08182635663661605
0.01003361675214733
0.08162143001778954
-0.013236074387632225
-0.0724381558291809
0.013320466125919592
-0.0408420997303664
0.006980250961237399
0.07987084899450364
9.107298248878237e-17
0.04084209973036548
0.0069802509612371735
-0.07243815582918094
-0.013320466125919484
-0.08162143001778993
-0.013236074387632607
0.0818263566366162
-0.010033616752147619
0.1836634806443133
-0.003076010224339412
-0.1628096436918328
0.01987000207567414
-0.5142584723104101
-0.05322762135002847
-0.24172317668562987
0.13200200214480573
-0.03452730589639194
-0.01875673906702642
-0.796797724948203
-0.009446262291911103
0.08189714166706802
0.006877494171300805
-0.0009925707434980044
0.021839991611812014
0.11521860163302139
-0.03760751564525092
-0.5447547972235735
-0.014687395548305636
-0.2837867475027158
0.021460631928147587
1.0595078689409472
3.191891195797325e-16
0.2837867475027145
0.021460631928147376
-0.544754797223575
0.014687395548305573
-0.11521860163302106
-0.03760751564525126
-0.0009925707434983062
-0.021839991611811674
-0.08189714166706867
0.006877494171300631
-0.7967977249482041
0.00944626229191154
0.034527305896390414
-0.018756739067026677
-0.24172317668562832
-0.1320020021448055
0.29025162939709137
-0.17698207393337548
-0.17806957924493289
0.04784850111413964
-0.11074025237867385
0.008168919963026149
0.09478195730379621
-0.012448567566542751
0.02092994525633235
-0.017979882719536135
-0.06908550300007163
0.05120290561078049
0.03818152837377073
0.012993962979194027
0.09184574885035741
-0.04767235482023745
-0.07281081528350747
-0.0034072573599082077
-0.10714115691215007
1.474514954580286e-17
0.07281081528350714
-0.0034072573599077498
0.09184574885035734
0.047672354820237156
-0.03818152837376981
0.012993962979194256
-0.06908550300007116
-0.05120290561078014
-0.020929945256332377
-0.017979882719536364
0.09478195730379582
0.012448567566542779
0.11074025237867391
0.008168919963025753
-0.1780695792449325
-0.047848501114139484
-0.29025162939709254
-0.17698207393337528
0.017124130976488277
0.17812732727285296
0.20166507734400643
-0.06402053021778353
0.0751337641327795
0.004817161209904171
-0.04976906181592364
0.001887590900432945
-0.03555703024195084
0.010431243094370053
0.2156168677634548
-0.048599920540905214
0.3552501668118583
-0.0073262794903860284
-0.4574437941584908
0.06506285172419282
0.4196813810751472
-0.0009750366535567767
0.6074880358711223
-0.02839240063795949
0.4547804135310889
-1.491862189340054e-16
-0.6074880358711207
-0.028392400637959413
0.41968138107514824
0.0009750366535560759
0.4574437941584901
0.06506285172419268
0.3552501668118573
0.007326279490386299
-0.2156168677634542
-0.04859992054090507
-0.035557030241950255
-0.010431243094369949
0.0497690618159235
0.0018875909004329172
0.07513376413277917
-0.004817161209904504
-0.20166507734400507
-0.06402053021778319
0.017124130976487666
-0.17812732727285324
-0.10494373779940214
-0.13872928995286196
-0.052425976032107566
0.06133903766720287
-0.0157888049462791
-0.020366499240002854
0.025396818877470057
0.01760715200933214
-0.015037935614752612
0.00019478246034406246
0.02744800229272542
0.02822912541931824
0.055551400239300164
0.00015912163922119846
-0.025107732287804975
-0.06033983541345236
-0.09500268623151284
0.008510884017663825
-0.0004074881903792342
0.0429636287492962
0.11900214674847506
-0.005135001738961267
0.012995826821279581
-5.26488574958961e-16
-0.11900214674847422
-0.005135001738960955
-0.00040748819037961237
-0.04296362874929595
0.09500268623151381
0.008510884017663478
-0.02510773228780471
0.06033983541345266
-0.05555140023930025
0.00015912163922168765
0.027448002292725864
-0.028229125419317942
0.015037935614752806
0.00019478246034452043
0.0253968188774703
-0.017607152009331994
0.015788804946279045
-0.02036649924000257
-0.052425976032106705
-0.061339037667202466
0.10494373779940352
-0.1387292899528616
-0.1753933185504882
0.06924284686358895
0.203774807969583
-0.04441162427962021
0.37146521250467646
0.03569104849137095
0.0109750652619158
-0.043799519599017935
0.06892247184838313
-0.006610276516301132
0.0539715096871318
0.002038296601440316
0.34882639117072195
0.002439535151705932
-0.24096748662664264
0.043491739484480346
0.14371073712439336
-0.013634803677349622
0.3947304844380515
-0.042064962620140416
0.3784135412016323
0.012206736175047792
-0.46876463800832935
0.015599679291665083
-0.2742144315747544
1.6653345369377348e-16
0.46876463800832946
0.01559967929166506
0.37841354120163206
-0.012206736175047542
-0.3947304844380515
-0.042064962620140346
0.14371073712439297
0.013634803677350343
0.2409674866266429
0.04349173948448009
0.34882639117072306
-0.002439535151705842
-0.053971509687132185
0.002038296601440382
0.06892247184838296
0.006610276516301153
-0.01097506526191544
-0.043799519599017775
0.3714652125046767
-0.035691048491371016
-0.20377480796958383
-0.04441162427962053
-0.1753933185504874
-0.06924284686358875
-0.3821118130512676
0.0116320813272692
0.0961762439201023
0.01856684146905742
0.01887035351672392
-0.04182377222275174
-0.013416960796514714
0.061683557720511886
-5.706044408805566e-05
0.008943370691623459
0.06994933637111773
-0.030078024209841417
0.01192994987214216
0.0003928374709401619
-0.10141648006364165
-0.01756847506797646
-0.02843235953781073
0.011488337052987428
0.09479001379955637
0.024391073338746086
0.039722312128704904
-0.013393997706036498
-0.07867351237331814
-0.011638774519292933
-0.042964445961739664
0.0052253495599191985
0.0715691546877426
1.491862189340054e-16
0.0429644459617399
0.005225349559919552
-0.0786735123733179
0.011638774519292627
-0.03972231212870515
-0.01339399770603611
0.09479001379955719
-0.024391073338745725
0.028432359537810953
0.011488337052987307
-0.10141648006364103
0.017568475067976017
-0.011929949872142298
0.0003928374709405158
0.06994933637111761
0.03007802420984084
5.7060444087535245e-05
0.008943370691623348
-0.01341696079651452
-0.06168355772051158
-0.018870353516724142
-0.04182377222275149
0.09617624392010202
-0.018566841469057464
0.38211181305126607
0.011632081327269006
-0.3222412822407522
-0.08577128976419954
0.09335971369554727
0.009948102524950417
0.1387747564777486
0.03654457798605684
0.08175489499689818
-0.06746138664800344
0.1936703734126841
-0.006159026963196566
-0.09136149165014465
0.049314517762985455
0.06966412564523002
-0.006473855765787399
-0.011967424954320016
-0.000692748997510817
0.12411656918757454
-0.005818797724930269
0.10012222574102675
-0.008663974127341531
-0.10580531824376346
0.007931635646100943
-0.131146016035264
-0.0014040790952910172
-0.1797728535636067
-0.0023691326838805246
0.1311221292615824
0.0029857211821166865
-0.11446310302968328
2.0469737016526324e-16
-0.13112212926158262
0.002985721182116697
-0.17977285356360637
0.0023691326838801152
0.13114601603526355
-0.0014040790952913051
-0.10580531824376338
-0.00793163564610068
-0.10012222574102672
-0.008663974127341122
0.12411656918757442
0.005818797724930061
0.01196742495431935
-0.0006927489975108031
0.06966412564522971
0.006473855765787136
0.09136149165014498
0.04931451776298568
0.19367037341268456
0.0061590269631966454
-0.08175489499689823
-0.06746138664800319
0.13877475647774865
-0.036544577986057175
-0.09335971369554677
0.009948102524950264
-0.3222412822407519
0.08577128976419936
-0.41092076187633664
0.13737398410279708
0.1627151546378488
-0.029901595146093737
-0.0019014074017387472
-0.030585681300990132
0.013051050419739849
0.06783531944647657
0.02335053606192289
-0.0008861715713396889
0.026047804804608637
-0.0555916789872353
-0.02163678154998793
0.01565497435009011
-0.07791172871154982
0.00977253551443348
0.023818552900449777
-4.1780826417599226e-05
0.08989383684292168
-0.0022869763873721444
-0.031719609213232386
-0.005176756123834558
-0.08074631334276847
0.01482096429124475
0.048961161787189
-0.0007313396734511118
0.06938245559813343
-0.015401801395629487
-0.06453911880688465
0.0019548145147819107
-0.06473205646725716
-3.8163916471489756e-17
0.06453911880688418
0.0019548145147819246
0.06938245559813327
0.01540180139562913
-0.048961161787188914
-0.0007313396734509869
-0.08074631334276819
-0.01482096429124475
0.03171960921323227
-0.005176756123834243
0.08989383684292221
0.002286976387371886
-0.023818552900449742
-4.1780826417849026e-05
-0.0779117287115495
-0.009772535514434057
0.0216367815499883
0.015654974350090126
0.026047804804608526
0.055591678987235264
-0.023350536061922417
-0.0008861715713397583
0.013051050419740057
-0.06783531944647694
0.0019014074017383586
-0.030585681300990115
0.1627151546378489
0.029901595146093383
0.41092076187633697
0.1373739841027968
-0.227374803431243
-0.163522437975602
0.0007478713064132392
0.04596350600740558
-0.1457142123173051
0.0067311363119500894
0.0838797984410388
-0.04212257945542099
0.12751941381945128
0.00498324916194029
-0.1119480652577295
0.047884499951235865
-0.010710535611036881
-0.019708003037754163
0.061039112334220186
-0.006469317622157383
-0.01681040511330216
0.003617547258292053
-0.016320771801597585
0.0004926694420704716
-0.18203635495068773
-0.0014756736050216684
0.02236790594514937
-0.019926724357846818
-0.17552058267129922
0.014182715958687721
-0.05964607648090886
0.027453181367583047
-0.21362231188256697
-0.01588552583772302
0.09004352626147055
-0.012426403661404803
-0.028245412939559095
-7.28583859910259e-17
-0.09004352626147
-0.012426403661404907
-0.21362231188256708
0.01588552583772299
0.05964607648090875
0.027453181367582867
-0.1755205826713001
-0.014182715958687565
-0.02236790594514959
-0.019926724357846745
-0.1820363549506876
0.0014756736050214117
0.016320771801597335
0.0004926694420702774
-0.016810405113302243
-0.003617547258292275
-0.06103911233421988
-0.0064693176221578
-0.010710535611036714
0.01970800303775417
0.11194806525772916
0.0478844999512359
0.12751941381945064
-0.004983249161940866
-0.0838797984410384
-0.042122579455421146
-0.14571421231730475
-0.006731136311950256
-0.0007478713064127257
0.04596350600740566
-0.22737480343124306
0.16352243797560187
-0.0752893267689187
0.14617621116367013
0.12800406533736838
-0.05874447277241125
-0.0037352499154051366
0.04779434662231551
0.040967822466706154
-0.023703837114448702
0.03996113187944417
0.002074088504741764
-0.0816714450474513
-0.031663705030936275
-0.010883907388175712
0.02168935933459784
0.0013473074305638821
-0.0028853314941640062
0.014466577194335098
-0.002431500923898003
0.03860230829146555
0.011557641768203057
-0.026434907862257162
-0.0017881424235332254
-0.020581816548249237
0.019881135781501663
0.046585315403295816
-0.02909857254150334
-0.019288100786300003
-0.03788142508061488
-0.07719595676435881
0.04604708937822197
0.05337686941353213
0.026659773120080055
0.10119886528076133
-0.022056036083654647
-0.06644994511323092
2.454633718507182e-16
-0.10119886528076097
-0.02205603608365448
0.05337686941353218
-0.02665977312007963
0.07719595676435843
0.046047089378222224
-0.019288100786299927
0.037881425080614685
-0.04658531540329579
-0.029098572541503616
-0.0205818165482491
-0.019881135781501465
0.02643490786225791
-0.0017881424235331525
0.038602308291465874
-0.01155764176820306
-0.014466577194334806
-0.00243150092389767
0.0013473074305638197
0.0028853314941644087
0.01088390738817531
0.021689359334597924
-0.08167144504745161
0.03166370503093645
-0.03996113187944425
0.0020740885047422497
0.04096782246670673
0.023703837114448525
0.0037352499154054697
0.04779434662231548
0.12800406533736844
0.058744472772411196
0.0752893267689187
0.14617621116367024
0.23412289711297085
-0.06668096248359953
-0.05912833705585052
0.03597553453430305
-0.1713736894048116
-0.0625582820980247
0.019766943947021415
0.06035641812783148
-0.12378398769265367
-0.008062318607209233
-0.06056111258057034
0.012104271504086037
-0.038484427904304175
-0.015206861674208061
0.03625817068391904
0.012295197801638014
-0.1624441917500787
-0.005021915966654758
-0.004407120295851108
-0.027341607127608997
-0.07696177421269922
0.016522423039728226
0.021466719164889583
-0.004039395465028746
-0.22836640551077092
0.019505185978705146
-0.07366765160558597
0.029230793909585023
0.20260140783706096
-0.05336686524754988
0.12238371326676459
-0.027093440330164066
-0.21968172329517238
0.0442236872175846
-0.14797814447835606
0.010054159742065827
0.33500363284735807
2.7755575615628914e-17
0.14797814447835608
0.010054159742065971
-0.21968172329517227
-0.044223687217585184
-0.12238371326676431
-0.027093440330164267
0.2026014078370611
0.05336686524754947
0.0736676516055862
0.02923079390958479
-0.2283664055107704
-0.01950518597870529
-0.021466719164889222
-0.004039395465028767
-0.07696177421269942
-0.016522423039728257
0.004407120295850914
-0.02734160712760892
-0.16244419175007896
0.005021915966654883
-0.03625817068391947
0.012295197801637868
-0.03848442790430512
0.015206861674208184
0.060561112580570314
0.012104271504086262
-0.12378398769265361
0.008062318607209462
-0.019766943947021998
0.060356418127831296
-0.1713736894048115
0.0625582820980248
0.05912833705585001
0.03597553453430292
0.23412289711297068
0.06668096248359953
