50.564829849162635
-3.9523534891172555e-16
-0.723990145549994
3.256516449680278
-14.360622392643904
-2.6978744620021627e-15
0.7239901455500037
3.2565164496802623
2.820975941054949
-0.059513572872212685
1.6028628012036847
-1.5231206135446713
-10.470453769898805
3.2623875012923334e-17
-1.6028628012036688
-1.5231206135446809
2.820975941054952
0.05951357287220901
-0.2526874839253972
-0.6801243571935583
-1.4937648813624873
0.23745059675027566
-1.7384647584062645
-0.9099850475898946
2.5820101916084743
-1.581075035231827e-15
1.7384647584062611
-0.9099850475899024
-1.493764881362493
-0.23745059675027352
0.25268748392540374
-0.680124357193565
-1.3457031954612588
-0.04689616657814592
0.46167919388827877
0.30295054688178935
-0.6374769364533516
-0.41933814485152265
1.0114560703778999
0.12379988984366494
3.5173549805806656
-9.85223743199498e-16
-1.0114560703779167
0.12379988984365972
-0.637476936453364
0.4193381448515245
-0.46167919388827416
0.30295054688178874
-1.3457031954612555
0.04689616657814908
-0.3149071333339534
-0.9265569927850976
0.17018421435737993
0.036899951942303146
-0.2010654312022397
0.05202691184640755
0.6552724861188642
0.5208853713897764
-0.6069007427385144
1.2455176975744
-0.36055956317459115
8.482948975830589e-16
0.6069007427385027
1.245517697574398
0.655272486118872
-0.5208853713897759
0.20106543120223178
0.05202691184640659
0.17018421435738107
-0.0368999519423042
0.31490713333395
-0.9265569927850924
-0.6235567200923098
-0.17076440748470756
0.2245017231179363
0.24453473517832439
0.6752809430028559
-0.010349053695465626
-0.244461620069382
-0.03443794945222322
0.18568807683869432
-0.5566993480937954
0.7882321379866655
-0.8304852522909412
0.5253477819521115
3.3306690738754696e-16
-0.7882321379866635
-0.83048525229094
0.1856880768386972
0.5566993480937925
0.24446162006938132
-0.034437949452223345
0.6752809430028586
0.010349053695466542
-0.22450172311793634
0.24453473517832472
-0.6235567200923082
0.17076440748470456
-0.12504401871727255
-0.09201859873485346
0.287181631772916
0.05225964606408938
0.08349835243421533
0.5362427368046779
-0.1522135187916956
0.062446090653794695
0.2611409709584829
0.12643029598094505
-0.30955820365538045
0.5035641731842893
-0.7211670218818522
0.3519328273965545
-1.9918504449307464
-7.771561172376096e-16
0.7211670218818543
0.3519328273965563
-0.30955820365537656
-0.503564173184291
-0.26114097095848426
0.12643029598094732
-0.15221351879169648
-0.06244609065379389
-0.08349835243421688
0.5362427368046773
0.28718163177291633
-0.05225964606409064
0.12504401871727308
-0.09201859873485574
0.14098401645670067
-0.12507536531399832
-0.018020535632245205
0.09371520071404318
9.363820236154771e-05
0.09580792608507402
-0.24142478341067225
-0.4210193543354248
-0.1463443058960499
-0.1323432645317274
0.09596674855958331
-0.25100629870347774
0.2543645975649089
-0.3541735562974814
0.07831862876917639
-0.5273873748245929
-0.20549118463506977
-1.1102230246251565e-15
-0.07831862876917439
-0.5273873748245896
0.25436459756491503
0.35417355629748204
-0.09596674855958306
-0.2510062987034798
-0.1463443058960489
0.13234326453172907
0.24142478341067072
-0.4210193543354239
9.363820236227283e-05
-0.09580792608507308
0.018020535632245246
0.09371520071404348
0.14098401645669945
0.12507536531399696
0.12241644932436288
0.491593554176733
0.002417331276148821
0.04207516591270671
0.12104396885690136
-0.017324150546401684
0.1389624697511003
-0.06638097893238648
0.11303062493071472
0.09500801509248723
-0.2073137605550583
0.11755060950081565
-0.14038548483456623
0.0608109574213703
-0.24214040274420878
0.21107437546131597
0.06999638946111175
-0.013053419748284112
1.3273021185287996
-1.1102230246251565e-16
-0.06999638946110914
-0.013053419748281336
-0.24214040274420456
-0.21107437546131555
0.14038548483456614
0.06081095742136869
-0.20731376055505535
-0.11755060950081683
-0.11303062493071504
0.09500801509248905
0.1389624697511034
0.06638097893238751
-0.12104396885690025
-0.017324150546401657
0.002417331276148099
-0.04207516591270766
-0.12241644932436124
0.4915935541767331
-0.05015541794212797
0.06752585818619235
-0.1895197137864452
-0.23795076523473427
-0.003351133917639554
0.06389329858594667
-0.047256014565660545
0.07941699784611966
-0.19436939328837913
-0.020690544783492998
0.02749541966046612
-0.1278807315908655
0.17441220871848673
0.04024906229947558
0.031443043312099156
0.16541231627346442
-0.10298101771297852
-0.15264763593223885
0.049577874695016066
0.5462600328334495
0.622411509260083
1.124100812432971e-15
-0.049577874695016205
0.5462600328334497
-0.10298101771297749
0.15264763593224118
-0.03144304331209974
0.16541231627346287
0.174412208718487
-0.04024906229947675
-0.027495419660466203
-0.1278807315908658
-0.1943693932883785
0.020690544783491582
0.04725601456566021
0.07941699784611897
-0.00335113391763886
-0.06389329858594654
0.18951971378644525
-0.2379507652347343
-0.05015541794212808
-0.06752585818619289
0.14579938078201748
0.12084705177620181
0.18297470747841596
-0.02650620647013968
0.10152310132127268
0.006547186952852835
-0.12304055141144865
-0.05869364992187881
-0.02340071555760627
-0.23646618035364975
0.03370293464784829
-0.005936578222407618
-0.12039738111534132
0.13548682015099453
0.09624587055237505
-0.050019092672223556
0.04183970105718274
-0.2663157710877903
0.3604319588426115
0.05109565007082181
-0.22870620426654112
-0.1822122302695277
-1.0881038511243306
1.1102230246251565e-16
0.22870620426654176
-0.18221223026952726
0.36043195884261253
-0.05109565007081994
-0.041839701057181294
-0.2663157710877904
0.09624587055237555
0.050019092672224486
0.12039738111534098
0.1354868201509934
0.03370293464784779
0.005936578222407146
0.023400715557605187
-0.2364661803536482
-0.1230405514114487
0.0586936499218791
-0.10152310132127512
0.006547186952853206
0.1829747074784155
0.026506206470139043
-0.1457993807820191
0.12084705177620114
-0.10163607272895492
0.12735415599185343
-0.164164154490557
-0.006431660642111148
-0.11753565518506758
-0.010389757431525287
0.045097823815653
-0.04969622034991081
0.13424628616160791
0.03222345110677913
0.03570806201542054
0.2861625755799322
0.015488427626998064
0.07760476356068612
0.07312954589262544
0.09457845117496436
0.18372159076022487
0.07472347977190447
0.2093882716298799
0.31729464086119646
-0.24489415654192867
0.09001707923205327
-0.17810730369455824
-0.3189108818082144
0.23065256036343118
-4.718447854656915e-16
0.1781073036945584
-0.31891088180821325
-0.24489415654192842
-0.09001707923205021
-0.20938827162987989
0.3172946408611979
0.18372159076022418
-0.07472347977190583
-0.07312954589262627
0.09457845117496398
0.015488427626998258
-0.0776047635606873
-0.03570806201542115
0.2861625755799321
0.13424628616160908
-0.03222345110677953
-0.045097823815651916
-0.04969622034990889
-0.11753565518506762
0.010389757431525065
0.16416415449055693
-0.006431660642110593
-0.10163607272895514
-0.1273541559918539
0.013623732715009104
-0.20492074736703655
0.06396342038462627
-0.04657253857890464
0.07938239906497091
-0.10236546026311583
0.001990441447811103
-0.0003425162987490127
-0.09815114031972025
0.06408150950389294
-0.12688807352087683
-0.04258092657056815
-0.055057775176841836
-0.16523088265506813
0.05889723894622598
-0.07326398168615539
-0.15513640653515426
0.0012487271776873872
-0.48360188695387957
-0.01536302148908858
-0.0547963769226219
-0.3032731833122339
0.15954070199911302
-0.16828755121901623
-0.09778606607034616
-0.16176462429945465
-0.2836815802049373
-8.881784197001252e-16
0.09778606607034562
-0.16176462429945315
0.15954070199911438
0.1682875512190165
0.05479637692262063
-0.3032731833122325
-0.48360188695387885
0.015363021489087525
0.1551364065351534
0.0012487271776868078
0.058897238946225616
0.07326398168615447
0.055057775176841545
-0.16523088265506955
-0.12688807352087722
0.04258092657056772
0.09815114031972093
0.06408150950389316
0.0019904414478105203
0.0003425162987488739
-0.0793823990649708
-0.10236546026311605
0.06396342038462738
0.04657253857890445
-0.013623732715009426
-0.2049207473670363
-0.00959729406912492
-0.011960527656302386
-0.02237078935832877
0.048387490990660365
0.04712318339916827
-0.020759943042015654
0.032137485729508905
0.1042249855341546
-0.04375279379772207
0.012589145475264463
0.04287150092140116
0.028353683890883913
0.15646111013953481
0.09913001477920114
0.15252198401444678
0.1703450453799743
0.03585357764821717
0.036573078535689196
0.037279570079490426
-0.16732253431622615
0.24841415192014904
0.23999966051443988
0.09353602926223126
0.07247386910306541
-0.17791476950479318
0.045806337191790725
0.030451932128233272
0.15975133425288246
0.76801618349828
-1.124100812432971e-15
-0.030451932128235104
0.15975133425288407
-0.17791476950479218
-0.04580633719178978
-0.09353602926223412
0.07247386910306608
0.24841415192014943
-0.23999966051444077
-0.03727957007949112
-0.1673225343162265
0.03585357764821678
-0.03657307853568884
-0.15252198401444794
0.17034504537997447
0.15646111013953476
-0.09913001477920083
-0.04287150092140196
0.028353683890884773
-0.043752793797722345
-0.012589145475264407
-0.03213748572950778
0.10422498553415316
0.047123183399168156
0.02075994304201572
0.02237078935832886
0.048387490990659525
-0.009597294069125017
0.011960527656304225
-0.06506290836055129
-0.20193698466238266
-0.004046136557514485
0.013502696385796487
0.026257627960861174
0.019480930743588358
-0.10206863729765378
0.01050182438678271
-0.0874682338587025
-0.08378220920141316
0.10931252617870178
0.004680300243926017
-0.036176221821998145
0.07841101257908986
-0.15910327742437103
-0.0488484078922731
-0.09325165514893431
-0.05389945895045853
-0.11867713181016493
-0.04988453996336381
-0.11710085282873467
0.22422987602499908
0.04474996750185262
-0.09679109843150685
0.12567116281221064
-0.11331919182196971
-0.03833024800020279
-0.014635415711558616
-0.344907485610744
-0.10689317376879326
-0.011616279757820092
-3.3306690738754696e-16
0.3449074856107425
-0.10689317376879337
-0.038330248000203015
0.014635415711559713
-0.1256711628122117
-0.11331919182196895
0.044749967501853394
0.09679109843150668
0.11710085282873302
0.2242298760249985
-0.11867713181016487
0.049884539963363096
0.09325165514893388
-0.05389945895045914
-0.15910327742437003
0.04884840789227328
0.03617622182199852
0.07841101257909024
0.1093125261787021
-0.004680300243925933
0.08746823385870323
-0.08378220920141313
-0.10206863729765389
-0.010501824386782585
-0.02625762796086073
0.019480930743587338
-0.004046136557514901
-0.013502696385796459
0.06506290836055104
-0.201936984662382
0.10661802724584998
-0.13241671273152358
0.08586372049395549
0.0989281795949697
-0.029478500909463662
-0.008242328977479008
-0.002173777218505507
-0.04194296892298664
0.1273047101530876
-0.0036796271654130665
0.09769425875330237
0.1251727994481323
-0.05722814581260102
0.04008125628074424
-0.014193839645719547
-0.09027638511507419
0.050886082079623085
0.09638472544034309
0.1293321369938618
0.14679209313493186
0.01440867757880493
0.08254842115505974
-0.021952213194009917
0.07778842648336626
0.10636641191853502
0.17888554568366494
0.1869868674536307
0.31089128010872075
0.16538098007978844
-0.016272734901790153
-0.1255875322350238
-0.08204748507000587
-0.42958362354287516
-3.7470027081099033e-16
0.12558753223502228
-0.08204748507000403
0.1653809800797878
0.01627273490178993
-0.18698686745363102
0.310891280108721
0.10636641191853724
-0.17888554568366494
0.02195221319400964
0.07778842648336731
0.014408677578806206
-0.08254842115505918
-0.1293321369938616
0.14679209313493213
0.05088608207962274
-0.0963847254403436
0.014193839645720047
-0.09027638511507372
-0.0572281458126012
-0.04008125628074484
-0.09769425875330177
0.1251727994481327
0.1273047101530871
0.0036796271654134308
0.002173777218506062
-0.04194296892298707
-0.029478500909463717
0.008242328977477786
-0.08586372049395508
0.09892817959497047
0.10661802724585
0.13241671273152306
-0.1163051376006782
0.09834440444664963
-0.15588346771580464
0.06279334928209426
-0.06740375460946088
0.0036700165832999065
0.02961545080885375
0.0016560001158000826
-0.03339317575933344
0.04985845915103798
-0.07637442754767305
0.01915905799563787
-0.025263633245346036
-0.08425118509152152
-0.07325272753229325
-0.03947641186678276
-0.06033004882713222
0.04344084473138493
0.08514008920208553
-0.020639209375368672
-0.005076765366729526
0.05164752402967365
-0.05235298129663757
-0.07712416107482556
-0.04111518232484995
0.08771246828424262
-0.09267977466325583
0.118651202131949
-0.016299647819317392
-0.1794979195440502
0.26577631411107017
-0.1270335544755194
-0.10780802007535417
-0.4725724862690072
-0.8756121636205536
1.5265566588595902e-16
0.10780802007535117
-0.4725724862690067
0.2657763141110697
0.12703355447551917
0.016299647819316053
-0.17949791954405092
-0.09267977466325367
-0.11865120213194891
0.0411151823248489
0.08771246828424448
-0.05235298129663683
0.07712416107482589
0.0050767653667306845
0.051647524029673514
0.08514008920208577
0.020639209375368672
0.06033004882713283
0.043440844731384876
-0.07325272753229412
0.03947641186678237
0.025263633245345883
-0.08425118509152059
-0.0763744275476729
-0.01915905799563772
0.033393175759333135
0.04985845915103809
0.02961545080885325
-0.0016560001157993887
0.06740375460946153
0.0036700165833003506
-0.1558834677158049
-0.06279334928209343
0.11630513760067768
0.09834440444664999
-0.006214079924920929
-0.005783594052851004
0.13131680118574077
-0.04619628889084514
0.10771792833323653
0.0217157476997147
0.013514339926683994
0.0457869112991271
-0.05297216078855868
0.01146747980616293
0.02081866958690831
-0.193290479946426
0.12854701406012828
-0.017487747924362355
0.01393333252572189
0.043428885912563206
-0.046229882996330324
0.07289069278626532
-0.034404218673848574
0.1637539630025876
0.05239386044425298
0.09513966497757989
0.09852395987738889
0.2029443740167568
-0.030180224333723055
0.04491232890530372
-0.020146946713253407
0.16372905085410058
-0.005292413220127301
0.12491693551848364
0.21934457016992467
-0.017823653701527303
-0.20075631422767062
-0.023716135044018524
-0.21276892602276903
-0.1504135217719058
0.3279337750898079
-3.885780586188048e-16
0.21276892602276812
-0.1504135217719058
-0.20075631422767154
0.02371613504401831
-0.21934457016992492
-0.01782365370152672
-0.0052924132201268015
-0.12491693551848354
0.020146946713253344
0.16372905085410133
-0.030180224333723193
-0.044912328905301335
-0.09852395987738909
0.20294437401675633
0.05239386044425359
-0.09513966497757942
0.03440421867384921
0.16375396300258724
-0.04622988299632928
-0.07289069278626524
-0.013933332525722542
0.043428885912563026
0.12854701406012742
0.017487747924362293
-0.020818669586909727
-0.19329047994642579
-0.05297216078855843
-0.011467479806162514
-0.01351433992668405
0.045786911299126834
0.1077179283332354
-0.02171574769971371
-0.13131680118574188
-0.04619628889084537
-0.006214079924920735
0.005783594052850838
