69.10749962078341
1.4755910142927247e-17
1.1702038439061688
-1.813181651029918
0.7968342526611201
-1.0953014569522146e-15
-1.170203843906156
-1.8131816510299168
-2.1264591727960576
0.5561718526302859
-0.43154231826698486
-0.5316920475359578
1.6939142156677616
-1.1386194975302988e-15
0.4315423182669892
-0.5316920475359604
-2.1264591727960545
-0.5561718526302899
0.42419302756188815
0.2892947871030435
-0.19002756717627894
0.6701305141080887
-0.38727598011265774
0.007240400072052893
-0.4667116797724536
-1.649819292163797e-17
0.3872759801126596
0.007240400072049873
-0.19002756717627242
-0.6701305141080914
-0.42419302756188515
0.2892947871030385
-3.5144870899336924
0.016774520887934415
0.23642404287281688
-0.13020264363425346
-0.33115769629154207
0.3526057587708082
-0.005062442657560895
-0.04448431281713492
-6.168295549964787
1.3931554833562753e-15
0.005062442657561561
-0.044484312817135316
-0.3311576962915431
-0.3526057587708042
-0.23642404287281632
-0.13020264363425568
-3.51448708993368
-0.01677452088792683
-0.41060126658854756
0.1304721939122154
-0.1781298890068584
-0.1919057549608465
0.4517102024046099
0.11777189212859525
-0.003428068300758369
0.04137783765837842
-0.36730559510028266
0.4071909985313893
-0.05665284100871326
-9.096375458597456e-17
0.36730559510027905
0.4071909985313906
-0.003428068300764045
-0.041377837658380025
-0.4517102024046098
0.11777189212859376
-0.17812988900685675
0.19190575496084708
0.41060126658854584
0.13047219391221432
0.7615558863279736
0.10473452898443202
-0.010196030600994332
-0.0740622387693532
-1.0346676054831272
-0.20896587147735937
0.1854459467047741
-0.05619148005567508
0.6034804666665531
-0.0736608067875131
0.11320024812546978
0.1269472636904065
-0.14958891122093704
4.718447854656915e-16
-0.11320024812547004
0.12694726369040626
0.6034804666665529
0.07366080678751305
-0.185445946704774
-0.05619148005567515
-1.0346676054831263
0.20896587147736023
0.010196030600994166
-0.0740622387693532
0.7615558863279743
-0.10473452898443289
-0.0118879609679714
-0.2494139663733543
0.10058137612816692
0.05888057977304181
-0.18528602979097822
-0.011695064202308827
-0.018776505705469064
-0.009773432537857896
0.07830736092223463
-0.17806300455469787
0.0016590069928293372
-0.06702744648828995
0.16449231032003833
-0.15064569637856884
0.15011557568479
-1.942890293094024e-16
-0.16449231032003814
-0.1506456963785694
0.0016590069928300866
0.06702744648828973
-0.07830736092223506
-0.1780630045546985
-0.01877650570546907
0.00977343253785759
0.1852860297909771
-0.011695064202309036
0.10058137612816614
-0.05888057977304245
0.011887960967971206
-0.24941396637335425
0.8239151699062572
0.014635678561358709
0.10691524781789129
0.037767147746497726
0.345572470520937
0.12709553387133693
-0.03848731919603848
-0.007716415541838273
0.47707539518578623
0.10964124847633361
0.005505227058391557
0.006274648537208299
-0.0001139911392878945
0.06687671189081307
-0.06728293731835325
-0.09607778764899394
1.6669676920806946
-1.942890293094024e-16
0.06728293731835239
-0.09607778764899375
-0.00011399113928756144
-0.06687671189081443
-0.005505227058391224
0.006274648537208258
0.4770753951857865
-0.10964124847633464
0.03848731919603915
-0.007716415541838051
0.3455724705209381
-0.12709553387133693
-0.1069152478178908
0.03776714774649709
0.8239151699062582
-0.014635678561360194
0.1905708998206193
-0.10839324089185214
-0.03422803551208631
0.05724800338998396
0.06476383946895858
-0.11161279143997846
-0.0405820465680086
0.11283422106385413
0.1241599233391419
-0.055210410175392334
-0.013730306369285211
0.04618029691555786
-0.12631027976020487
-0.047697068352964
-0.08845215378565155
0.1605767889081317
0.15058252590228888
-0.2304530245946479
-0.20842944127843355
-1.942890293094024e-16
-0.15058252590228843
-0.23045302459464792
-0.0884521537856509
-0.1605767889081321
0.12631027976020562
-0.047697068352964556
-0.013730306369285322
-0.046180296915557646
-0.12415992333914168
-0.05521041017539215
-0.04058204656800863
-0.11283422106385459
-0.06476383946895836
-0.11161279143997867
-0.034228035512086294
-0.05724800338998286
-0.19057089982061887
-0.10839324089185129
-0.4078404293640489
0.007113609084034932
-0.0786958946629849
-0.003433591346001033
0.31669661278808636
0.013630204247551292
0.10583266853692436
-0.015088482573453743
-0.21689366236769242
0.042428400719199344
0.012391294439209569
0.038750523254005034
0.399292854059229
-0.06370805567919587
0.041703888309256976
-0.0011114354855668862
-0.29666643702625317
0.03889525832700588
0.022033807606529704
0.01624258724676289
-0.048467315258630045
7.424616477180734e-16
-0.022033807606529864
0.01624258724676341
-0.2966664370262535
-0.038895258327005446
-0.041703888309257295
-0.0011114354855670389
0.39929285405922965
0.06370805567919618
-0.012391294439209239
0.03875052325400506
-0.21689366236769272
-0.04242840071919875
-0.10583266853692432
-0.015088482573453799
0.31669661278808675
-0.013630204247550931
0.07869589466298481
-0.0034335913460016992
-0.40784042936404785
-0.007113609084034703
0.03803375507008411
0.10058846146233485
-0.059768834338903176
0.009312468015576544
0.06205590508974963
-0.0030165868979607074
-0.06916146137740106
-0.042167726155403706
0.0057370459269053126
-0.011667814766137083
-0.09471737060179414
-0.00034891203545456967
0.09818448623113821
-0.018855880204596803
-0.07904572852524391
-0.1113923444701023
0.051303443739052546
0.05926901708666715
0.02632533005415323
-0.09277517250801612
-0.01120060634609664
0.19343692562274264
0.09704615024339865
0.0
0.01120060634609625
0.19343692562274198
0.026325330054153648
0.09277517250801694
-0.05130344373905249
0.05926901708666744
-0.07904572852524391
0.11139234447010302
-0.09818448623113799
-0.018855880204597053
-0.09471737060179419
0.00034891203545506927
-0.00573704592690541
-0.011667814766136611
-0.06916146137740099
0.042167726155403665
-0.0620559050897498
-0.003016586897961235
-0.0597688343389028
-0.009312468015576558
-0.03803375507008436
0.10058846146233444
-0.30030192787364274
0.057495054825880576
0.04784419776151408
-0.042544342711404816
-0.2667293345725724
-0.04377502155638442
-0.04613368061876723
0.005050005285365894
0.00896160483206733
-0.10147197449160089
0.02266049938673951
-0.024669930925337855
-0.16394901888543495
-0.02794562400904531
0.017331535960585606
-0.019789198475482273
-0.23787741020575293
-0.08399675884749751
0.07266110395096055
0.014864526960258043
-0.033393168982005755
-0.05160270673097067
0.024513239618735725
0.044032999964377637
-0.6285307421723517
6.730727086790012e-16
-0.02451323961873576
0.044032999964377796
-0.03339316898200562
0.05160270673097034
-0.07266110395096106
0.014864526960257793
-0.23787741020575295
0.08399675884749708
-0.017331535960585287
-0.01978919847548266
-0.1639490188854349
0.027945624009045267
-0.02266049938673949
-0.02466993092533777
0.00896160483206715
0.10147197449160061
0.046133680618767145
0.0050500052853653665
-0.266729334572572
0.04377502155638452
-0.04784419776151451
-0.042544342711404476
-0.30030192787364257
-0.057495054825881034
-0.12987735295797787
0.0009559668843178576
0.012405642421010138
-0.042009345052182887
0.06857296057017995
0.07370474342459507
-0.01986774559126525
0.010492663910284174
0.0007909615982266416
0.030807696427138098
-0.009188786500884637
-0.09284514752329216
0.05048524762456719
0.0592388015366338
0.04957633555596652
-0.0194256224213116
-0.07964842008637049
0.08586689862364524
0.030872029660921715
-0.004333396117681625
0.12002551346892126
0.059297784227794935
-0.014465635639053065
0.038373495850110725
-0.10907569079111609
0.09372175569093588
-0.03893284976928746
-1.5265566588595902e-16
0.10907569079111601
0.09372175569093621
-0.01446563563905251
-0.0383734958501107
-0.12002551346892093
0.05929778422779475
0.030872029660921715
0.004333396117681604
0.07964842008637055
0.08586689862364522
0.049576335555966605
0.019425622421311628
-0.05048524762456677
0.05923880153663387
-0.009188786500884682
0.09284514752329201
-0.0007909615982268775
0.03080769642713828
-0.019867745591265466
-0.01049266391028457
-0.06857296057017936
0.07370474342459465
0.012405642421010013
0.042009345052183136
0.12987735295797806
0.0009559668843182566
0.21940402533429287
0.04630224021147214
0.0016971043043007006
0.00985505854646651
-0.1288185055315504
-0.02618522851190025
0.07176545330586029
-0.021374110829635806
-0.01856910228429299
0.02253689459457929
0.03287658347437886
0.02035654396363168
-0.15271765542751806
-0.027139830925475655
0.04634775998759999
0.03544194950830033
0.08591941305989843
0.014687729313206447
-0.02638008618511007
0.04070235494703486
-0.24682994983527873
0.0427574133715643
-9.660175674441884e-06
0.0066189914664586125
0.10925741207580172
0.05387370915070957
-0.0034901984288217315
-0.007945957603003262
-0.04414134742698025
3.3306690738754696e-16
0.0034901984288218182
-0.007945957603003467
0.10925741207580207
-0.05387370915070968
9.66017567427535e-06
0.006618991466458918
-0.2468299498352783
-0.042757413371563344
0.026380086185109765
0.040702354947035065
0.08591941305989825
-0.014687729313206653
-0.046347759987600545
0.03544194950830094
-0.15271765542751767
0.027139830925475998
-0.03287658347437891
0.020356543963631485
-0.01856910228429294
-0.02253689459457916
-0.07176545330586105
-0.02137411082963553
-0.12881850553155033
0.026185228511900624
-0.0016971043043007908
0.009855058546466955
0.21940402533429365
-0.04630224021147239
0.03581776592005643
-0.12953977715683607
0.021422585077010586
0.025061679616250054
-0.13067181169485395
0.0006577468132665035
0.017387009862361708
-0.028914945752715568
0.07860417359701177
0.04916510396849922
0.03257625933887055
0.029307470622882734
-0.04500683630116943
0.05296791886112977
-0.005108998610293458
0.021415006166170952
0.09334376543412631
0.04234922718896801
-0.011560360707049244
0.035752446441500906
-0.1045451701005678
0.04705993412332936
-0.029847885248346584
-0.013758237496899195
0.03929952520217443
-0.023549824033024015
-0.013791836951525457
-0.003235590376572603
-0.0020329479445247295
-0.1359706192975375
-0.011431473578743741
-1.5612511283791264e-16
0.0020329479445249515
-0.13597061929753718
-0.01379183695152595
0.0032355903765722933
-0.039299525202174654
-0.023549824033023747
-0.02984788524834605
0.013758237496898945
0.1045451701005683
0.04705993412332898
-0.011560360707049161
-0.0357524464415006
-0.09334376543412656
0.04234922718896784
-0.0051089986102934165
-0.021415006166170952
0.045006836301169514
0.05296791886112963
0.032576259338870234
-0.02930747062288225
-0.07860417359701193
0.04916510396849889
0.017387009862361785
0.02891494575271518
0.13067181169485323
0.0006577468132664133
0.02142258507701012
-0.02506167961624963
-0.035817765920056026
-0.12953977715683554
0.11266139114974452
-0.02985035433153424
0.011694585172266278
0.004178459282333444
0.17249663531659692
0.08142715072642981
-0.02161173566070472
0.018721650373111166
-0.09167412375979665
0.0005584985941510662
0.020299634874369255
0.03520737351855251
0.0787401912354875
0.03922351074640211
-0.018236074134885306
0.029501167972266797
-0.103744936746564
0.015307721448308206
0.006629176050948059
-0.0006561713334863328
0.085321386510525
0.018249265337667638
-0.013005950971079344
0.024451698403673432
0.10367133618227733
-0.07444950585536007
-0.006693307823568321
0.002906010977108728
0.09986181643164309
-0.052285401983793785
-0.001454195571005637
-0.008811197162693143
0.39604990388731853
2.7755575615628914e-16
0.0014541955710058035
-0.008811197162692727
0.09986181643164371
0.05228540198379389
0.006693307823568565
0.002906010977108603
0.10367133618227717
0.07444950585535912
0.013005950971079747
0.02445169840367365
0.08532138651052529
-0.018249265337668085
-0.006629176050948229
-0.0006561713334862149
-0.1037449367465636
-0.01530772144830797
0.01823607413488547
0.02950116797226726
0.0787401912354874
-0.03922351074640214
-0.020299634874369442
0.035207373518552756
-0.09167412375979661
-0.0005584985941511494
0.021611735660705046
0.018721650373111492
0.17249663531659695
-0.08142715072642996
-0.011694585172266292
0.0041784592823335895
0.1126613911497446
0.029850354331533643
0.11473478437370381
-0.007819320646619249
-0.006030806516129392
0.018634003566157385
0.05447494202212305
-0.1000413948253428
-0.00977016468455474
0.04771762129892146
-0.08803846533923022
0.016090134669499316
-0.032240120791203336
-0.016037167433626827
0.024185388608614834
-0.020302536311408707
-0.03230808000900824
0.005236908986372114
-0.05524479365996145
-0.00041129811422656315
-0.041144427196822625
-0.02447855170805644
-0.01939944015596412
-0.07647663508777959
-0.018493954081631993
-0.025709148489061286
0.055932417776334634
-0.08040879470638837
-0.013653535918428994
-0.04762384365013281
-0.07176280891375825
-0.07823192749255509
0.02035376891082019
-0.04785387517810003
0.12359677460306066
-0.03891611981843719
0.057683514546478604
-3.469446951953614e-16
-0.12359677460306093
-0.038916119818437386
0.020353768910820746
0.04785387517809986
0.0717628089137579
-0.07823192749255445
-0.013653535918429122
0.047623843650133044
-0.055932417776335425
-0.0804087947063887
-0.018493954081631975
0.025709148489061157
0.019399440155964023
-0.07647663508777933
-0.041144427196822674
0.02447855170805629
0.05524479365996195
-0.0004112981142269448
-0.032308080009008054
-0.005236908986372182
-0.024185388608614848
-0.020302536311408353
-0.032240120791203225
0.016037167433626612
0.08803846533922954
0.016090134669498754
-0.009770164684554848
-0.047717621298921646
-0.054474942022123454
-0.10004139482534319
-0.006030806516129361
-0.018634003566157315
-0.11473478437370378
-0.007819320646619443
-0.19366144693614287
0.003662019606652467
-0.016607933621953827
0.002289323495964918
0.06078965957030058
-0.03878841675250895
0.034675265399153055
-0.016808814488964745
0.06024102718032821
0.03373292974187794
-0.035108547459556445
0.0182030388324943
-0.0014511071952386378
-0.038264801177173305
0.0031837868997632024
-0.002902833949402276
0.019881895326920633
-0.0203714570303097
-0.012271089823773416
0.005217654007116768
0.09980885855710303
-0.0554494718317896
-0.011409193794956963
-0.01163340447207152
-0.00348768225396498
-0.030123555173084016
0.0053852108939880655
-0.02775602833255185
0.20176208635441076
0.014791118678545906
0.033880184069723956
0.004445220664805738
-0.15588762498869008
0.005197395165604898
0.007597034792167806
0.01186946329681416
-0.0554384726144706
6.175615574477433e-16
-0.007597034792168264
0.011869463296814063
-0.1558876249886907
-0.0051973951656053285
-0.03388018406972376
0.004445220664806071
0.20176208635441054
-0.014791118678546121
-0.005385210893988315
-0.02775602833255228
-0.0034876822539648134
0.03012355517308364
0.011409193794957195
-0.011633404472071798
0.09980885855710303
0.055449471831789755
0.012271089823773566
0.005217654007116851
0.01988189532692087
0.0203714570303097
-0.003183786899763369
-0.0029028339494021616
-0.0014511071952385823
0.03826480117717341
0.03510854745955696
0.0182030388324944
0.06024102718032828
-0.03373292974187763
-0.03467526539915287
-0.016808814488965134
0.060789659570300275
0.03878841675250903
0.01660793362195398
0.002289323495964779
-0.19366144693614323
-0.0036620196066521754
