30.65130079046982
-1.6414482373217265e-15
-1.4719624338630837
0.36183060453658317
-4.570778480102485
-2.8045589877958096e-15
1.4719624338630717
0.3618306045365868
-2.316079886104943
-0.6506352350572686
0.00905096414579637
0.7492418400896227
-4.1385036327978915
-9.649996724580466e-16
-0.009050964145802198
0.7492418400896284
-2.3160798861049328
0.6506352350572657
2.4407546371380273
-0.19032242676422811
1.5098289257329311
-0.6659627668519947
-0.4236507896039997
-0.11927549334288007
0.20034866867984702
-6.246296532736685e-16
0.4236507896040018
-0.11927549334287688
1.5098289257329274
0.6659627668519937
-2.4407546371380264
-0.19032242676422514
3.4227423154069716
1.053088462508994
0.16745744860017214
-0.6607823367845955
-1.2110463913978111
0.051077282838863765
0.30748712658330674
-0.4087108204786819
1.6585118425141376
1.040808636345134e-15
-0.30748712658330757
-0.4087108204786788
-1.211046391397819
-0.05107728283886201
-0.16745744860017361
-0.6607823367845956
3.4227423154069765
-1.0530884625089971
-1.2816177974978005
-0.7024954063583488
-0.7447305877927766
0.25779126644782324
0.5067535032777939
0.3778812190467315
-0.7985203864602582
0.23775565038063964
-0.4867220529020656
-0.656558396302942
-1.0766958195401328
-5.82880049333286e-17
0.4867220529020665
-0.6565583963029383
-0.798520386460259
-0.23775565038064034
-0.5067535032777899
0.3778812190467299
-0.7447305877927782
-0.25779126644782285
1.2816177974978014
-0.7024954063583458
-0.44652981174112655
0.7419529712525186
-0.5329626075208616
0.002425353990300888
-0.5861483674385057
0.1444521089486721
-0.021560544718271624
-0.01504456689822313
-0.039115394630838796
0.37147420193411695
0.023872987557055914
0.41229053386573616
1.0115955461172277
1.0061396160665481e-16
-0.023872987557055803
0.41229053386573494
-0.039115394630840905
-0.3714742019341173
0.02156054471827229
-0.015044566898223463
-0.5861483674385066
-0.1444521089486715
0.5329626075208627
0.0024253539903011517
-0.4465298117411254
-0.7419529712525185
-0.15329044456143714
0.6891774296112579
-0.1625719553997519
-0.23410264876376918
-0.279541996284304
0.0004574286514360537
0.4344188670168763
-0.19803238871866508
-0.1843362334726622
0.17744112985151492
0.9739019061225028
-0.16557042617540552
-0.4488918609395378
0.3616188569734892
0.3670787970130306
4.510281037539698e-16
0.44889186093953687
0.3616188569734894
0.9739019061224988
0.16557042617540527
0.18433623347266265
0.17744112985151678
0.4344188670168759
0.19803238871866513
0.2795419962843047
0.00045742865143451675
-0.16257195539975144
0.23410264876376932
0.15329044456143642
0.6891774296112577
0.03297934008982906
-0.16673307370463394
0.6000500387252471
-0.2537634526942787
-0.04657490702275563
0.11533583407820758
0.056978571095537965
-0.1818045800326271
0.23492632960048787
-0.3066013908829429
-0.12728515218128522
-0.4501729388894924
-0.10650979733328256
-0.28039749324074464
0.17837019368702636
-0.5449335715653398
-0.06984924282968438
9.71445146547012e-16
-0.17837019368702686
-0.5449335715653385
-0.1065097973332825
0.280397493240746
0.1272851521812856
-0.4501729388894924
0.23492632960048693
0.30660139088294186
-0.05697857109553636
-0.18180458003262867
-0.046574907022755435
-0.11533583407820863
-0.6000500387252466
-0.2537634526942798
0.03297934008982761
0.16673307370463417
-0.03936751629305059
0.5583267422987875
0.40080419447833604
-0.24107141441290786
0.059362520572475014
0.2619721152592587
0.08345683005044069
-0.07313097670972336
-0.21657469503548016
-0.18064553448398046
-0.3608996793947532
0.2820022373096254
0.4722863527435364
-0.10613105711636087
-0.0720620166175788
-0.03994077861586404
-0.392396785292352
0.1361687091956851
-0.7537754882586777
5.620504062164855e-16
0.39239678529235156
0.13616870919568252
-0.07206201661758
0.039940778615865466
-0.4722863527435368
-0.10613105711636146
-0.36089967939475287
-0.28200223730962487
0.2165746950354828
-0.18064553448398138
0.08345683005044008
0.0731309767097238
-0.05936252057247551
0.2619721152592598
0.4008041944783362
0.24107141441290814
0.039367516293050464
0.5583267422987863
-0.4425276895745977
0.2749061967618809
-0.3612665197295127
-0.055742465190571244
-0.0008498992862648463
-0.26831981074315736
-0.13317247403435342
-0.00042083885993415837
0.05434878371128607
-0.01564868603152192
0.1593477280124425
0.41718289587887153
0.42227473798867743
-0.2800530937103371
-0.4276477074407493
0.19285774100769965
-0.6600226685520909
-0.1144259280905401
0.5096701750698587
0.16319323328226323
0.2357570267840861
-7.632783294297951e-16
-0.5096701750698582
0.1631932332822637
-0.6600226685520906
0.1144259280905407
0.42764770744074815
0.19285774100770053
0.42227473798867676
0.2800530937103385
-0.15934772801244101
0.41718289587887075
0.054348783711285195
0.015648686031521808
0.13317247403435317
-0.00042083885993429715
-0.0008498992862642218
0.26831981074315897
0.36126651972951335
-0.0557424651905718
-0.44252768957459865
-0.2749061967618809
-0.11011550495506195
0.28208689340228815
-0.24216325740010633
0.20265693954981517
-0.09178630121412198
0.017604583021788585
-0.017677268919663036
-0.09613266319002287
0.13817627415772146
0.15664221462913303
0.19758257531542808
-0.3072652658117247
-0.3431474965837622
-0.1878107425888624
-0.20095962383278074
-0.14146190410695864
0.3937357290290199
0.026024848623739126
0.3350523104207631
-0.10333882081568202
-0.3349404516716685
-0.006887111187917877
0.13243819542292876
-1.942890293094024e-16
0.33494045167166936
-0.006887111187918293
0.3350523104207618
0.10333882081568256
-0.39373572902902043
0.02602484862373937
-0.2009596238327791
0.14146190410695847
0.34314749658376364
-0.18781074258886277
0.19758257531542756
0.30726526581172464
-0.13817627415772052
0.15664221462913336
-0.017677268919662342
0.09613266319002368
0.09178630121412185
0.017604583021788328
-0.2421632574001072
-0.2026569395498162
0.1101155049550621
0.2820868934022886
-0.22667226505105786
-0.10764983225843627
0.1632102972003221
-0.09581258384077107
-0.12831275085559665
0.1669599878254723
0.2296415075034727
-0.10131401885095817
-0.17488181642415396
-0.054747534401869906
-0.09098472944517172
-0.17056177868032457
-0.368036707623418
0.09445872213589776
0.32179712836935626
-0.1104469017023829
-0.13427554442533096
-0.17800767114664637
-0.287942470501292
-0.1754278870164963
0.10461301654453016
-0.079081766889773
0.2718135831536155
-0.1132237047102935
0.1200002640208475
-2.220446049250313e-16
-0.271813583153616
-0.11322370471029408
0.10461301654452895
0.0790817668897721
0.28794247050129235
-0.17542788701649578
-0.1342755444253307
0.17800767114664656
-0.3217971283693562
-0.1104469017023834
-0.36803670762341667
-0.09445872213589834
0.090984729445172
-0.17056177868032377
-0.17488181642415424
0.054747534401870177
-0.2296415075034724
-0.10131401885095742
-0.1283127508555965
-0.1669599878254709
-0.16321029720032249
-0.09581258384077046
-0.2266722650510572
0.10764983225843604
0.1424202808070063
0.2136404287423551
0.35394474574094076
-0.2932304498392366
0.07853400202836508
-0.07557104014893916
0.08218835917157566
-0.07992623741271926
-0.034738773702135385
-0.26362377131190023
-0.14766868086783197
0.26516321438413293
0.4082055068219775
0.005626404985250549
-0.008275360150328787
-0.10157265949114569
0.03427325778545176
-0.1355659169193892
-0.054318667401459825
-0.014414597280479724
0.26709951428412004
-0.30859140217485515
-0.003367234010830805
0.04670414708255432
-0.03920597960722333
-0.27307926295540463
-0.017941203297200614
-1.5265566588595902e-16
0.039205979607223274
-0.2730792629554028
-0.0033672340108319224
-0.04670414708255449
-0.2670995142841196
-0.3085914021748536
-0.05431866740145791
0.014414597280480383
-0.034273257785452274
-0.13556591691938913
-0.00827536015032762
0.10157265949114548
-0.40820550682197776
0.005626404985250591
-0.14766868086783247
-0.2651632143841325
0.03473877370213585
-0.26362377131189957
0.08218835917157599
0.07992623741271873
-0.07853400202836558
-0.07557104014893865
0.35394474574094087
0.2932304498392373
-0.14242028080700642
0.21364042874235536
0.07781116121657161
0.019426363027709836
0.005179089354786948
0.009890004242973649
0.06224953521902629
-0.01744618361517486
-0.03065471884381289
0.016767305868202437
0.0774846981704968
-0.003949571414677666
0.19001805316290343
0.0989840356418607
0.19685390895240412
-0.06641348547465153
-0.24170713384061546
-0.15572846396432255
-0.07940583616293426
0.16868375876452524
0.11405281628061092
-0.07934353150691661
0.18655121301294145
0.18132014678262381
-0.15730468477865941
-0.04369077200870344
-0.24004039686786185
0.11421268304462606
0.10155394826001485
0.0532065660979604
0.09549213646044652
3.608224830031759e-16
-0.10155394826001474
0.05320656609796151
-0.24004039686786172
-0.11421268304462665
0.15730468477866016
-0.04369077200870303
0.18655121301294214
-0.1813201467826248
-0.11405281628061126
-0.0793435315069182
-0.07940583616293279
-0.16868375876452535
0.2417071338406162
-0.15572846396432208
0.196853908952404
0.06641348547465105
-0.19001805316290282
0.09898403564186113
0.07748469817049825
0.003949571414677833
0.030654718843813683
0.016767305868203054
0.06224953521902692
0.01744618361517425
-0.005179089354786587
0.009890004242973496
0.07781116121657278
-0.019426363027709614
-0.2828367117556173
0.08446922926750478
-0.23531835285273578
0.1879011221822934
-0.08053313934306056
-0.14392257626872879
-0.06474864685407955
0.1219937521420491
0.19338703580718614
0.01080737460304837
0.020649349131142213
-0.08855320355073357
-0.2588012361636711
-0.07994388967462285
-0.05680009911911155
0.08446677161588209
-0.06595716927987977
0.014024521460692732
-0.039230239084614205
-0.08115688000023445
-0.2827679112215587
-0.1218440711778429
0.033203934128934465
-0.08052848432863062
0.0063387249893920306
0.010257192148152953
0.13790360180006206
-0.0031915531278189913
-0.17054769625400457
0.2086069446962584
0.11429392766694958
3.608224830031759e-16
0.17054769625400407
0.20860694469625873
0.13790360180006273
0.003191553127817437
-0.006338724989391364
0.010257192148153137
0.03320393412893455
0.0805284843286315
0.28276791122155875
-0.12184407117784335
-0.03923023908461254
0.0811568800002348
0.06595716927987944
0.014024521460693357
-0.05680009911911155
-0.08446677161588195
0.25880123616367123
-0.07994388967462335
0.02064934913114244
0.08855320355073415
-0.19338703580718528
0.010807374603048675
-0.06474864685408065
-0.12199375214204866
0.08053313934306061
-0.14392257626872895
-0.23531835285273617
-0.18790112218229366
0.2828367117556169
0.08446922926750473
-0.18302838209593236
-0.08592090517303863
0.028379991738695057
0.07086635541194965
0.0362939403768056
0.06110375437547205
0.03209296099670848
-0.08381556862814996
-0.0303659137956184
0.19274273088620686
-0.1325725779242646
-0.062468592114448426
-0.1835130928979907
0.15025749783563747
0.14421190597266845
-0.0048144989505184595
0.088631119884923
-0.1454958572386768
-0.02684108386571732
-0.11182188848120031
0.013170956702025127
-0.045298391701860674
0.00320284929106443
-0.10064776130236035
0.25903624142317055
-0.18377652352773155
-0.15884573966910256
-0.04182810940411133
0.09938594613501753
-0.123585830332988
0.034282107540336074
0.02513070404512202
0.3442524983307299
1.0269562977782698e-15
-0.03428210754033528
0.025130704045122243
0.09938594613501858
0.12358583033298688
0.15884573966910204
-0.04182810940410989
0.2590362414231714
0.18377652352773025
-0.0032028492910648465
-0.10064776130236057
0.013170956702026178
0.04529839170186055
0.026841083865717763
-0.11182188848119944
0.08863111988492312
0.14549585723867603
-0.14421190597266792
-0.004814498950519476
-0.18351309289799103
-0.15025749783563683
0.13257257792426463
-0.0624685921144483
-0.030365913795619204
-0.19274273088620597
-0.032092960996708025
-0.08381556862814976
0.03629394037680498
-0.06110375437547261
-0.028379991738695334
0.0708663554119498
-0.18302838209593197
0.08592090517303957
0.14067244641233892
0.06881882183014804
0.16122269514225074
-0.15757417764524162
-0.07499467343424593
0.15054702090857924
0.152121895772963
-0.2344132828156021
-0.291469889679153
-0.14372231032797805
0.00649875640896222
0.08410777836121217
0.045980680275000685
0.036736262562089284
0.008074739799878466
-0.10301455101224555
0.045022060902687566
-0.122285489196965
0.00828025982403175
0.05420070739379004
0.07218547869976466
-0.07860737645479206
0.003574808725254744
-0.007294222295101183
0.0015866703879784672
-0.12874702822996037
-0.12260688049087753
-0.10657982516334485
0.054749872895443585
-0.106177193895657
-0.07720807766256424
-0.06504958215189294
-0.006166232967174112
-0.15622540760786924
-0.25739583383741493
3.95516952522712e-16
0.006166232967175278
-0.15622540760786985
-0.07720807766256416
0.0650495821518922
-0.05474987289544436
-0.10617719389565522
-0.12260688049087742
0.1065798251633448
-0.0015866703879793276
-0.12874702822996056
0.003574808725254376
0.007294222295101266
-0.0721854786997656
-0.07860737645479109
0.008280259824031605
-0.054200707393790834
-0.045022060902687455
-0.12228548919696534
0.008074739799878092
0.10301455101224644
-0.04598068027500038
0.036736262562089894
0.006498756408962747
-0.08410777836121244
0.29146988967915366
-0.14372231032797786
0.15212189577296265
0.2344132828156026
0.07499467343424654
0.15054702090857927
0.16122269514225085
0.15757417764524095
-0.14067244641233928
0.06881882183014791
-0.1079747750612466
-0.061261220790600465
0.0707504641396406
-0.12907178609726955
-0.05595962022347198
-0.005178407970434576
0.04455314908962724
0.023963786408469245
0.1050169872688726
-0.09616636170071702
0.028082557083571352
0.024135508280597184
0.12394169281331024
-0.10858568925766854
-0.08439465129703812
-0.06752961998957333
0.07649263766985925
-0.01253596697990764
-0.013156014816655487
-0.03531244347390597
0.18939103132179833
-0.09167944102989317
0.013247473376350571
-0.0470081665836657
0.013080378654341779
-0.023625396782436775
0.04863286167710398
-0.10015050338818333
-0.024746877934478162
-0.001955201836112117
0.05562501167058165
-0.015429728085998226
-0.24583753060685315
-0.01880774965548168
0.005656706349227797
-0.049294444006939275
-0.4721022272874313
-9.71445146547012e-17
-0.005656706349226548
-0.049294444006939775
-0.24583753060685337
0.018807749655482382
-0.05562501167058154
-0.015429728085998046
-0.02474687793447827
0.0019552018361112047
-0.04863286167710415
-0.10015050338818408
0.013080378654342306
0.02362539678243635
-0.013247473376350932
-0.047008166583664523
0.1893910313217992
0.09167944102989256
0.013156014816655785
-0.03531244347390633
0.07649263766986064
0.012535966979906957
0.08439465129703821
-0.0675296199895733
0.12394169281331041
0.10858568925766882
-0.028082557083571158
0.024135508280597157
0.10501698726887232
0.09616636170071649
-0.044553149089627486
0.0239637864084698
-0.05595962022347213
0.005178407970433202
-0.0707504641396415
-0.12907178609726955
-0.10797477506124643
0.06126122079060051
