60.812385119547216
1.0094665893141425e-15
-3.9932305285786676
2.480186346264528
0.3850911835099362
-2.4054523150591023e-15
3.9932305285787186
2.4801863462645355
-3.5031115037433174
-0.5100653230270954
-0.15090023402921848
-0.06389103372732631
7.327401618480792
-3.080064249007762e-17
0.15090023402922226
-0.06389103372732599
-3.503111503743335
0.5100653230270921
-0.4441657113175516
-1.009336300994424
0.014454131730168573
-0.053205781389783866
-0.4958269634879834
-0.2829088085627742
0.22703294081230085
1.7270112766215093e-15
0.4958269634879836
-0.2829088085627712
0.014454131730170128
0.0532057813897823
0.44416571131754984
-1.0093363009944232
-2.2224178767195637
0.30377214409995773
-0.015222046942471534
-0.07801223067334043
-0.9079166917375565
0.03701732393555017
-0.2614864316638953
-0.2035733216892085
-3.378230187949018
8.716439015279946e-16
0.2614864316638911
-0.20357332168921086
-0.9079166917375566
-0.03701732393554937
0.015222046942466982
-0.07801223067333754
-2.2224178767195686
-0.3037721440999569
1.1735848926371837
-0.34864787749600606
-0.2079780559588219
0.08172295251396498
-0.3166963576252286
-0.38159902302554305
-0.1294084997311813
0.15597261568992635
0.5928659230171446
-0.7879525581694216
-0.17503931734896033
1.5795326632639729e-15
-0.5928659230171578
-0.787952558169425
-0.1294084997311823
-0.1559726156899281
0.3166963576252285
-0.3815990230255446
-0.20797805595881952
-0.08172295251396434
-1.17358489263718
-0.3486478774959989
0.8318729718992594
0.1932046976202568
0.09997551886995831
0.19796961663549772
-1.0757764303750956
0.13172753977471183
0.19723562602856548
0.03032051024088163
0.45856995428024105
0.3378319827371544
-0.14464390684222536
-0.12565874398618065
-1.879181123621076
-9.506284648352903e-16
0.14464390684222647
-0.12565874398618082
0.45856995428024233
-0.3378319827371561
-0.19723562602856487
0.030320510240880894
-1.0757764303751007
-0.13172753977471308
-0.0999755188699595
0.19796961663549772
0.831872971899259
-0.19320469762025677
-0.2060519280981674
0.5056554311849626
0.22710593884522756
-0.007885742811967258
0.6164776511183913
-0.0948986917458497
-0.0629331621032802
0.004885460306046571
-0.01059341174506423
-0.09438004170358852
-0.04354985429680111
0.22606472229765467
0.2996809390408497
-0.2817816026366504
-0.3279708059511882
-8.604228440844963e-16
-0.299680939040849
-0.281781602636652
-0.04354985429680128
-0.22606472229765417
0.010593411745062675
-0.09438004170358716
-0.06293316210327973
-0.004885460306047643
-0.6164776511183925
-0.0948986917458508
0.227105938845228
0.007885742811966922
0.20605192809816814
0.5056554311849638
0.29470913955415684
-0.20600403994509026
0.02376823004713799
-0.278797601919785
0.4438361975370331
0.05438466979926518
0.04915953738064088
-0.028682510038516906
-0.4034048420298254
-0.08100981205461986
0.2769720351883186
-0.09336485011483453
0.3837340670569367
0.2152369261595248
0.04474752943417157
-0.09873169631975234
0.29456987364039333
6.800116025829084e-16
-0.04474752943417243
-0.09873169631975182
0.38373406705693514
-0.21523692615952547
-0.2769720351883215
-0.09336485011483527
-0.40340484202982585
0.08100981205462093
-0.04915953738063976
-0.0286825100385166
0.4438361975370322
-0.0543846697992653
-0.023768230047136157
-0.27879760191978326
0.29470913955415734
0.20600403994508892
-0.3910336828870478
-0.06770998480255475
-0.23479147177483178
-0.06296055796106483
-0.11093512146632456
0.264015668929661
0.018206708837911312
-0.007875940227296194
0.0429016478049164
0.17232805682947105
-0.15822749913039763
-0.010940459790057696
0.23681663918115858
0.15548037154903863
-0.007988097389672377
0.22506424482571297
-0.25946215360755953
0.3665190349913532
-0.2674610518610546
1.1102230246251565e-16
0.2594621536075587
0.3665190349913532
-0.007988097389671295
-0.22506424482571408
-0.23681663918115847
0.15548037154903885
-0.15822749913039624
0.010940459790057911
-0.04290164780491562
0.17232805682947192
0.01820670883791145
0.007875940227296568
0.11093512146632498
0.26401566892966044
-0.23479147177483167
0.06296055796106587
0.3910336828870484
-0.06770998480255366
-0.2807989615414842
-0.13349361754952202
-0.14863128413470048
0.2154228973389143
0.18938897081110795
-0.07982238218984103
-0.027639880495233995
-0.05488990450628337
0.2303019577722556
0.05080160924734134
0.030941659134752525
-0.03405771084896649
0.09720517224648514
-0.017322191882658808
0.2176589903634671
-0.18416027756835812
0.07295124580925173
0.12832469349512715
0.14777402323917557
-0.037065451644587355
0.6854486922763955
2.7755575615628914e-16
-0.14777402323917616
-0.03706545164458663
0.072951245809251
-0.128324693495126
-0.21765899036346642
-0.18416027756835834
0.0972051722464864
0.01732219188265774
-0.0309416591347529
-0.03405771084896636
0.23030195777225484
-0.05080160924734034
0.027639880495233998
-0.054889904506283574
0.18938897081110856
0.07982238218984117
0.1486312841347013
0.21542289733891426
-0.2807989615414849
0.13349361754952227
0.17644767383848736
-0.1350131048227052
0.20146317380508594
0.15793236367209085
-0.2464665829859628
-0.07391210369093354
-0.04256125585305463
0.00026479011632019045
0.07297527451939904
0.010251548697170265
-0.001722234992444463
0.0010733591385242297
-0.188613519516614
0.08555243660345135
-0.20411525741927958
-0.006532890456631926
0.3645865641652266
-0.10014072326950857
-0.03251586223259596
0.10862810902353834
-0.3081215835629425
0.1226942045630312
-0.15847858253581804
8.326672684688674e-17
0.3081215835629431
0.12269420456303103
-0.03251586223259598
-0.1086281090235382
-0.3645865641652266
-0.10014072326950868
-0.2041152574192793
0.006532890456632329
0.1886135195166127
0.0855524366034508
-0.0017222349924443173
-0.001073359138525104
-0.07297527451939893
0.010251548697169433
-0.042561255853054564
-0.00026479011631937166
0.24646658298596377
-0.07391210369093325
0.20146317380508583
-0.15793236367209035
-0.17644767383848814
-0.1350131048227045
0.06162363681268729
0.2523025105360228
0.17049184527564562
-0.11926444803463995
-0.19903837827826362
-0.09681788868569596
-0.05462156368592716
0.0655057624516012
0.05527343477918359
-0.05652501147149737
-0.06649936032713807
0.0070271048922881385
-0.03609739726238359
-0.038805731367037036
-0.024540578726866075
0.03947221756452004
0.04488894287156779
0.02401856711866702
0.04970693463289666
-0.10850432079655967
-0.14237727965221225
0.04186412466870652
0.11946852230739755
0.09753560568987074
0.08703239936780915
2.220446049250313e-16
-0.11946852230739646
0.09753560568987021
-0.14237727965221314
-0.041864124668706426
-0.04970693463289741
-0.10850432079655975
0.04488894287156761
-0.024018567118667573
0.0245405787268657
0.03947221756451963
-0.03609739726238334
0.03880573136703598
0.06649936032713756
0.007027104892288194
0.05527343477918362
0.05652501147149705
0.054621563685926716
0.06550576245160111
-0.19903837827826384
0.09681788868569556
-0.1704918452756465
-0.11926444803464006
0.0616236368126869
-0.25230251053602304
0.1405220555584901
0.007976029907705018
-0.08882523559332584
-0.1982749655878433
0.09713568923388494
-0.03481120623874942
0.07845533843018704
0.05962395347074155
-0.20424421429714873
-0.006150983313623182
0.05485103736416811
0.04886483749913598
0.07485363374467913
-0.10203771466349895
0.0825309690890946
0.024168529181129023
-0.20561240992132282
-0.03385734620996539
-0.0837236932131949
0.045395347625681065
0.08772541700031816
-0.21748275101939485
0.022661994945639308
0.0009846134890726943
-0.06866788057933058
-0.1273962028898302
0.010657250516909605
-1.1102230246251565e-16
0.06866788057933063
-0.12739620288983097
0.022661994945639127
-0.000984613489072611
-0.08772541700031866
-0.21748275101939485
-0.08372369321319462
-0.04539534762568139
0.20561240992132251
-0.03385734620996621
0.08253096908909426
-0.02416852918112901
-0.07485363374467868
-0.10203771466349965
0.05485103736416819
-0.0488648374991367
0.20424421429714806
-0.00615098331362407
0.07845533843018637
-0.05962395347074133
-0.09713568923388455
-0.03481120623874869
-0.08882523559332624
0.19827496558784335
-0.14052205555848984
0.007976029907704851
-0.035899040489193096
-0.03515903004554344
-0.15493238314269292
0.059586072544487695
0.10149257493609522
0.1720024377205926
0.0815576520125634
-0.048651591713155445
-0.059361000430018684
-0.01860909118983517
-0.0014382025183335007
-0.019043439187018313
0.037436043119530235
0.052516716864263
-0.04738139926325141
-0.01770181443072011
-0.053797489857354386
-0.016035956306839932
-0.02323586991226606
0.03111318765979426
-0.07558362457801018
0.0778488309092097
-0.04366543274456078
-0.052000250513455665
0.019303389182955544
0.02157156867581748
0.05573335529290341
0.06892615111927275
0.009742279193206221
-2.7755575615628914e-17
-0.05573335529290323
0.06892615111927416
0.0193033891829561
-0.021571568675817387
0.04366543274456085
-0.05200025051345605
-0.07558362457800978
-0.07784883090920988
0.023235869912266532
0.031113187659794192
-0.05379748985735472
0.01603595630684041
0.04738139926325067
-0.017701814430720185
0.03743604311953033
-0.05251671686426346
0.0014382025183339031
-0.01904343918701821
-0.059361000430018684
0.01860909118983528
-0.08155765201256403
-0.04865159171315524
0.1014925749360953
-0.1720024377205936
0.1549323831426928
0.05958607254448817
-0.035899040489193706
0.03515903004554344
-0.14715910231463722
0.11248704155200362
-0.003319942231378298
0.12611931956260064
0.10390153057447243
-0.03301311570262121
-0.046912603931274624
-0.09751466828323734
0.10292024963504448
-0.09394867474456856
0.010957003512932856
-0.020063799889167122
-0.09658576830944862
-0.03120660976262518
0.048516537360164036
0.0278842624679502
0.004278293184239945
-0.08746426407076066
0.08820858232599604
-0.011358247647561576
0.019443232757246354
-0.07557640661335382
-0.002700836014350283
0.05171484977477474
-0.1794045789228331
-0.14767084455663324
0.01829473297897248
-0.050416090699152094
0.10156639568702477
-0.12356069638369627
0.05125003991445688
-2.0643209364124004e-16
-0.10156639568702469
-0.12356069638369654
0.018294732978973213
0.050416090699152386
0.17940457892283318
-0.14767084455663326
-0.0027008360143501164
-0.051714849774774904
-0.019443232757246964
-0.07557640661335402
0.08820858232599565
0.011358247647561256
-0.004278293184239876
-0.08746426407076083
0.04851653736016456
-0.02788426246795002
0.09658576830944829
-0.031206609762625112
0.01095700351293269
0.02006379988916726
-0.10292024963504445
-0.09394867474456906
-0.04691260393127408
0.09751466828323808
-0.10390153057447213
-0.03301311570262069
-0.003319942231378631
-0.12611931956260147
0.1471591023146377
0.11248704155200426
0.04514640898043909
-0.17048645630758363
0.12282170557370958
-0.0024686027721189385
-0.11329754888313316
-0.04422210120839663
-0.0835161522954401
0.04114524330731319
0.001138104841109315
0.08863655583845381
0.003666068757010865
0.01791629212824053
-0.0031167555221784937
0.0012003666557161494
-0.021587239113833284
-0.010915568804064288
0.06879584111316414
0.06672871124550055
-0.04711569356529571
0.0038964272624487095
0.04680473915007931
-0.017116582251410356
-0.005684861399959024
0.028712373969927006
-0.07330800098956583
-0.0003994655833023941
-0.03507664716310637
7.66696026577307e-05
0.0747420282236871
-0.06633035887876987
0.022623819692785742
-0.023630020975008208
0.0803231330865268
-3.608224830031759e-16
-0.02262381969278618
-0.023630020975008353
0.07474202822368643
0.06633035887877028
0.035076647163105795
7.666960265786948e-05
-0.07330800098956561
0.00039946558330244963
0.0056848613999593844
0.028712373969927638
0.04680473915007945
0.017116582251411078
0.04711569356529534
0.0038964272624489593
0.06879584111316497
-0.06672871124550081
0.021587239113833062
-0.01091556880406408
-0.003116755522178244
-0.0012003666557164686
-0.0036660687570104628
0.017916292128239447
0.0011381048411091763
-0.08863655583845416
0.08351615229543988
0.04114524330731298
-0.11329754888313373
0.044222101208396564
-0.1228217055737093
-0.002468602772119584
0.045146408980438577
0.170486456307583
0.052592318415596084
-0.09407156193504451
0.004716578596307131
-0.07211771809992473
-0.16553572755039436
0.18681888114898093
-0.006801669344537992
0.09403271812636857
0.09002386463249401
0.04984458069301087
0.008166249792287403
-0.047204920320386506
-0.017379860520280094
0.0006179774989658604
0.0025647895730813303
-0.022933660248567855
0.09633906559130154
-0.036824561272364914
0.023445634702609318
0.0007702171935239088
-0.17260668663261297
0.04798132850221962
0.07383607778437742
-0.06685342152941484
0.17393132409764184
0.053036832024714126
-0.011698744756694267
-0.021697923145883896
-0.22726375516519381
0.14019486433896916
-0.08311859511200381
-0.03485549895507464
0.0045824658325036086
0.1298295450196892
-0.06616322497615618
6.245004513516506e-17
-0.00458246583250399
0.12982954501968924
-0.08311859511200367
0.03485549895507539
0.2272637551651939
0.1401948643389692
-0.011698744756694551
0.021697923145884007
-0.17393132409764148
0.053036832024714445
0.07383607778437773
0.066853421529415
0.1726066866326123
0.047981328502219034
0.02344563470260938
-0.0007702171935231455
-0.09633906559130133
-0.03682456127236516
0.002564789573081039
0.022933660248567717
0.017379860520279344
0.0006179774989657494
0.008166249792287458
0.04720492032038652
-0.09002386463249407
0.04984458069301108
-0.006801669344537832
-0.09403271812636825
0.1655357275503936
0.1868188811489807
0.004716578596306864
0.07211771809992525
-0.05259231841559578
-0.0940715619350441
-0.023039048615686647
0.023507195123410207
-0.04882055381832585
-0.03969122924797269
0.08035850793806422
-0.04179299695605543
0.08786600371608957
0.010179082501459553
-0.0009593043803860501
0.0184986608519027
-0.004411320742297782
-0.010749705319408567
-0.032008351608976554
-0.054896787276825176
0.00030500611915519615
0.05020391867343789
0.020201289365103722
-0.015224519392273095
-0.003181080426545066
-0.01930423089709958
-0.029106154435854646
-0.01595378209733732
-0.012015541880826236
0.03731473413534005
0.1262159841337224
-0.03700204329126258
0.026500710552451463
0.008848763381877386
0.0032826410359098404
-0.05642299166641332
0.044269893607676775
0.042164069655383274
0.033958431795076904
-0.03729153903031904
0.01374787104391613
-0.05058719012427183
0.09843094126502741
3.7470027081099033e-16
-0.013747871043916234
-0.05058719012427204
0.03395843179507636
0.03729153903031879
-0.04426989360767711
0.04216406965538305
0.0032826410359099167
0.056422991666413555
-0.02650071055245165
0.008848763381877067
0.1262159841337226
0.03700204329126183
0.012015541880826291
0.03731473413534103
-0.029106154435854514
0.015953782097337388
0.0031810804265452186
-0.019304230897099595
0.02020128936510339
0.015224519392273372
-0.0003050061191557235
0.050203918673437764
-0.032008351608976235
0.054896787276825065
0.00441132074229765
-0.010749705319408817
-0.0009593043803859669
-0.018498660851902417
-0.08786600371608955
0.010179082501459262
0.0803585079380639
0.041792996956055206
0.0488205538183253
-0.039691229247972776
-0.023039048615687036
-0.023507195123409624
