45.74126004294274
-1.4727232428829003e-15
8.734620425670734
-0.9843937316206604
2.2064259497574836
3.4535996166691942e-15
-8.734620425670755
-0.9843937316206613
-1.0381830007449837
0.4846541965571862
-0.39044017175402235
-1.9332666333769213
0.7570169829006815
2.086356773323684e-17
0.3904401717540275
-1.933266633376921
-1.0381830007449868
-0.48465419655718267
-0.2454773418065586
0.3658410897454873
0.5556144685836076
-1.4862786138921986
0.028654127212961122
0.28602659680362114
2.4536547161002833
-3.6176067364658e-16
-0.028654127212967673
0.2860265968036196
0.5556144685836109
1.4862786138922
0.24547734180655134
0.3658410897455015
-0.6803051731846275
-0.776638148176858
1.5509239686159524
0.2835349085811981
0.050137176912242815
0.23992709883454424
-0.2173513823345099
0.9534866443267845
-2.178897641913495
1.064576247898637e-15
0.2173513823345063
0.9534866443267791
0.050137176912244286
-0.23992709883454622
-1.550923968615957
0.28353490858119934
-0.680305173184641
0.7766381481768684
-0.8773018026542031
-0.40311230525337294
0.15163347965352408
0.8605102944607209
0.08615534987770578
0.2211548445280522
-1.1806385745921826
0.5350964355923212
-0.7705285664962434
0.1651588572784613
-1.0653320208983137
-1.6299420288631836e-15
0.7705285664962442
0.16515885727846324
-1.1806385745921861
-0.5350964355923228
-0.08615534987770276
0.22115484452805323
0.15163347965352353
-0.8605102944607195
0.8773018026541927
-0.40311230525336417
0.24558607204594232
1.0441445311975237
-0.8958292945689557
0.3859887794536043
-0.17811416388386614
0.18470991617489496
0.03217586780174464
0.09576753626208064
0.18148504599312698
0.010186795712492494
-0.998015623554024
0.055572424659398656
-0.2772487757701432
7.632783294297951e-16
0.9980156235540248
0.055572424659399156
0.18148504599312898
-0.010186795712490926
-0.032175867801746305
0.09576753626208169
-0.17811416388386522
-0.1847099161748965
0.8958292945689563
0.3859887794536013
0.24558607204594124
-1.0441445311975222
-0.3144521738126473
0.1919451282070987
-0.5259899746911525
-0.0768700095054813
-0.1377192784123062
0.006536593010270736
-0.15117995053633276
-0.38522623799027367
-0.19432422430621932
-0.1223382332094462
-0.3358746371851078
-0.01414079393795823
0.08404187959457976
-0.026748575574844113
0.21178783840441584
-1.4094628242311558e-15
-0.08404187959458104
-0.02674857557484367
-0.33587463718510846
0.014140793937958307
0.19432422430622143
-0.12233823320944415
-0.15117995053633215
0.38522623799027345
0.1377192784123057
0.006536593010270542
-0.5259899746911519
0.07687000950548162
0.3144521738126458
0.19194512820709952
-0.13981305101314503
-0.053034274734516884
-0.03816529030802285
-0.03719425921786901
0.3860951464840594
0.35573327392663606
-0.3593429148647381
-0.22976221593536794
0.050183834621501444
0.14420085155740764
0.46949055685745955
0.2603028993043829
0.27615634103695474
-0.05551081826794936
0.050372641490976935
0.04958839560114314
0.2654068563849606
1.4710455076283324e-15
-0.0503726414909757
0.04958839560114098
0.27615634103695386
0.05551081826795051
-0.4694905568574591
0.2603028993043822
0.05018383462150222
-0.14420085155740814
0.35934291486473985
-0.22976221593536894
0.3860951464840569
-0.35573327392663545
0.0381652903080221
-0.03719425921787045
-0.1398130510131449
0.05303427473451802
0.3696264399877624
0.11999113303699493
-0.07596010289661792
0.09346468569474822
-0.1445050584912116
-0.16711769570148896
-0.04796604841127336
0.07210477521415554
0.19448347382249453
-0.03134241188277282
0.08389423401916529
0.13271977687875025
-0.1535357234969319
-0.2412847926560655
0.1750469112918418
-0.06519241987232868
0.3963655620126665
0.0723233268668165
-0.12823722134429633
2.706168622523819e-16
-0.39636556201266704
0.07232332686681893
0.17504691129184274
0.06519241987232927
0.1535357234969319
-0.24128479265606545
0.08389423401916585
-0.13271977687874872
-0.1944834738224962
-0.0313424118827735
-0.047966048411272055
-0.07210477521415626
0.14450505849121278
-0.16711769570149104
-0.07596010289661806
-0.09346468569474697
-0.3696264399877605
0.11999113303699399
0.06838222925384699
0.05770044182254079
-0.11882211240602697
-0.08268701531282072
-0.11308609517310741
-0.17917869066727854
0.025467372285082834
0.13370200153623496
0.28309316959923225
0.1091678555690421
-0.1580021480204367
-0.07025817897226125
-0.08654306174301196
-0.02184511991576238
-0.018168815000024985
-0.14323906949409387
-0.014468604041644129
0.1914499715544727
-0.1177273732181004
-0.37164971057147544
-0.21918250414487456
2.42861286636753e-16
0.1177273732181007
-0.371649710571476
-0.01446860404164535
-0.19144997155447405
0.018168815000024208
-0.14323906949409443
-0.08654306174301224
0.021845119915762323
0.1580021480204374
-0.07025817897226075
0.283093169599232
-0.10916785556904124
-0.025467372285082793
0.13370200153623435
-0.11308609517310514
0.17917869066727704
0.11882211240602626
-0.08268701531282097
0.06838222925384815
-0.05770044182254094
-0.24909781080116478
-0.40028635950796604
0.12442448999401479
-0.24191737544197378
0.18672655568229934
-0.06585220328114036
-0.08320965600453753
0.1624609924983234
-0.11286208043967899
-0.19789187598676053
0.022525373206407295
-0.12157110455119619
-0.010519067282757755
-0.084993980910894
-0.08981897330931374
-0.048065462554026495
-0.2350649302138884
-0.06273333862053654
0.2931978169040009
-0.23289445018072488
0.2208590154557065
-0.3154453081587372
0.14665141400838447
9.298117831235686e-16
-0.22085901545570596
-0.3154453081587361
0.29319781690400093
0.23289445018072477
0.2350649302138882
-0.06273333862053634
-0.08981897330931479
0.048065462554025384
0.010519067282756311
-0.08499398091089391
0.022525373206406546
0.12157110455119624
0.11286208043967783
-0.19789187598676072
-0.08320965600453681
-0.16246099249832338
-0.18672655568229832
-0.06585220328114111
0.12442448999401334
0.2419173754419739
0.24909781080116744
-0.40028635950796587
0.03156553920754965
-0.22099915776852166
0.26486583194052393
-0.039921273360818285
0.035669255022414054
0.00500474752529928
-0.04073821684344814
0.11143713386304399
-0.00880271225777568
-0.19265572370865297
0.06837454232415141
-0.028121614457879973
0.09576814326179167
0.01665332306517953
0.16726109046785798
0.022611208674291824
-0.05731906392424138
-0.18879250118604612
0.18652386071427085
-0.026437354649651912
0.21433302240830587
-0.22466705226960024
-0.1179352254744484
0.3406504173091224
-0.005439548957464013
-1.942890293094024e-16
0.11793522547444885
0.3406504173091224
0.2143330224083062
0.22466705226960118
-0.18652386071427104
-0.026437354649651024
-0.05731906392423908
0.18879250118604635
-0.1672610904678588
0.022611208674291866
0.09576814326179034
-0.016653323065180012
-0.0683745423241523
-0.028121614457880237
-0.008802712257775042
0.1926557237086542
0.040738216843447805
0.11143713386304555
0.035669255022413804
-0.005004747525299835
-0.2648658319405247
-0.039921273360818715
0.03156553920755201
0.2209991577685215
0.1740158281324413
-0.07942156190096025
0.0718274565385001
0.17299933113519017
-0.12359757809257726
-0.14837122395886146
0.04506129121899882
-0.04487107713786495
0.14228822791166104
-0.0999645735844667
-0.017467107293266282
0.035904536631964676
-0.07382758120249633
-0.09265254672584414
0.120800904573161
-0.06930742551209046
0.06694805324579359
-0.13318864349154785
0.017292239229460993
0.11197564544688823
0.09761236998127445
0.0786142141845708
-0.23880308562263855
0.35193743939248057
0.07218388190770965
0.12336415903166151
-0.01818897114129231
5.273559366969494e-16
-0.0721838819077095
0.1233641590316627
-0.23880308562263788
-0.35193743939248123
-0.0976123699812752
0.07861421418457161
0.01729223922945955
-0.11197564544688779
-0.06694805324579294
-0.13318864349154783
0.1208009045731606
0.06930742551209053
0.07382758120249505
-0.09265254672584447
-0.017467107293265158
-0.03590453663196469
-0.142288227911661
-0.09996457358446542
0.04506129121899893
0.044871077137866276
0.12359757809257761
-0.14837122395886204
0.07182745653850102
-0.1729993311351911
-0.17401582813244001
-0.07942156190096006
0.03940198756036796
0.017320872542357597
-0.11670339217246553
0.08101528022884666
0.03518031074164424
-0.04248287989667185
0.06818119040199727
-0.051746504866348894
-0.006884924042531826
0.03490913924734655
-0.03608771580462773
0.09954405872880562
-0.03259629028081092
0.01241709540175831
0.029092171377328335
0.031997270106469994
0.08544556726265605
0.07664289683650233
-0.031810357118216226
0.17975827942652126
-0.024051574577585555
0.16109758672281074
-0.14669576092115044
0.13330984731868206
-0.15561120605221146
0.0455433280950554
-0.05272439109511917
-0.06636247183281982
-0.18899326512534287
1.6653345369377348e-16
0.05272439109511856
-0.06636247183281904
-0.1556112060522115
-0.045543328095055596
0.14669576092115036
0.13330984731868195
-0.02405157457758514
-0.16109758672281052
0.031810357118217725
0.17975827942652173
0.08544556726265655
-0.07664289683650188
-0.029092171377329806
0.03199727010647038
-0.032596290280811756
-0.012417095401759656
0.036087715804628155
0.09954405872880503
-0.006884924042530438
-0.03490913924734601
-0.0681811904019971
-0.051746504866348096
0.03518031074164485
0.042482879896672
0.11670339217246561
0.08101528022884678
0.03940198756036693
-0.017320872542358173
-0.07405849575389234
0.18550190122061355
-0.06022038924471375
-0.06464566901105066
0.07444382807918334
-0.061372266538631634
0.0421427623579283
0.018213512614954117
-0.11442181719114519
-0.08259970894894283
-0.022901552715325235
-0.007175759901294702
0.04301982728462567
-0.05733929115042091
0.062074457810475596
-0.03326276821999398
-0.07207560480608637
0.005709906097900452
-0.14211306414911862
-0.026164397079281254
-0.01762417648110423
0.11484546476665645
0.06513765684946045
-0.13176468160552218
-0.1835364237491377
0.035749551969794714
0.0871744489824916
-0.09939534974475567
-0.05625034417417668
0.02980432611429498
0.19591391264525682
5.689893001203927e-16
0.056250344174177624
0.02980432611429501
0.08717444898249072
0.09939534974475653
0.1835364237491364
0.03574955196979537
0.06513765684946013
0.13176468160552232
0.017624176481104536
0.11484546476665579
-0.1421130641491185
0.026164397079281282
0.07207560480608666
0.005709906097900896
0.06207445781047494
0.03326276821999335
-0.04301982728462522
-0.057339291150421356
-0.022901552715324985
0.0071757599012945775
0.11442181719114489
-0.08259970894894186
0.0421427623579284
-0.01821351261495424
-0.07444382807918265
-0.06137226653863252
-0.06022038924471365
0.0646456690110504
0.07405849575389328
0.1855019012206128
0.01580568658697669
0.06311544953744132
0.04487278391621327
-0.03186081164783705
-0.0008510381233965136
-0.015392436424334771
-0.0026582777156984594
-0.014281761483765164
-0.006330041055083169
-0.029580404159999157
0.03235352946310972
-0.026825116586547904
0.040477769398019114
0.003344081145939398
0.047406322007525925
0.0028084953383560804
-0.048965778850164864
0.0767517267074091
-0.037377786933432355
0.03610954878799652
-0.03772915097654936
0.04746216092716253
0.057471781208633166
-0.09782347793976573
-0.04279450634511339
-0.060573799815674956
0.11168476575600199
-0.03981356278142603
-0.04776245224835912
-0.003165397616433841
0.0686877356235385
0.005814748507593559
0.18393723474262647
-1.8041124150158794e-16
-0.0686877356235382
0.005814748507594114
-0.04776245224835762
0.0031653976164344455
-0.11168476575600308
-0.039813562781425116
-0.04279450634511314
0.06057379981567515
-0.057471781208633665
-0.09782347793976562
-0.0377291509765493
-0.04746216092716332
0.037377786933432716
0.0361095487879973
-0.048965778850165086
-0.07675172670740907
-0.04740632200752584
0.0028084953383562816
0.040477769398018684
-0.0033440811459401476
-0.032353529463109376
-0.02682511658654846
-0.006330041055082183
0.02958040415999927
0.002658277715698279
-0.014281761483765518
-0.000851038123395792
0.015392436424335298
-0.044872783916213244
-0.031860811647836385
0.015805686586977036
-0.06311544953744058
-0.005303663382051127
0.07635220416364041
0.015103850467396221
0.07880500279918513
-0.03902417121010783
0.1484118623938393
-0.017988672020252214
-0.06566375189202686
0.057333343887217975
0.00030348692061132887
0.10343149272473856
0.13506324828091495
-0.026962561835429943
-0.04974025137803563
-0.07812251185345295
0.017704344014169898
0.026673878788685546
0.06794331902436751
0.1126271352817472
0.056988777545502176
-0.07353761307737683
-0.017322065628613485
-0.06702252995264332
-0.05197115993462313
0.14282568866070716
0.05339192016202912
0.1103085415493352
0.07968002925546062
0.004006283892559553
0.07817002344492989
-0.027298124211959873
-0.025086841069376364
0.21083685428784255
0.11075021329097379
-0.06070289340350596
2.7755575615628914e-17
-0.21083685428784213
0.11075021329097356
-0.027298124211959596
0.025086841069375893
-0.004006283892559553
0.07817002344492974
0.11030854154933475
-0.07968002925546072
-0.1428256886607075
0.05339192016202873
-0.0670225299526434
0.051971159934623784
0.0735376130773765
-0.017322065628612875
0.11262713528174663
-0.056988777545502016
-0.026673878788685434
0.06794331902436629
-0.07812251185345215
-0.017704344014170342
0.026962561835430165
-0.04974025137803602
0.10343149272473914
-0.13506324828091518
-0.05733334388721717
0.0003034869206128832
-0.017988672020252172
0.06566375189202689
0.03902417121010787
0.14841186239383883
0.015103850467395291
-0.07880500279918601
0.005303663382052071
0.07635220416364025
-0.0006945163332265913
0.11626802136905788
-0.04277597789564441
0.0167009001022711
0.002693697358907482
0.0043615082650654835
0.037432238835544626
0.0981949322145487
-0.0335890357891721
0.04523310064113326
0.007032113822047659
-0.014634517513175072
-0.044391025698834324
0.021500588956629818
0.0020684485615398793
0.09471692944265825
-0.02087600097362674
0.07847409642258157
0.0015352161656047025
-0.07699513588976725
0.0011802526638815258
0.008059493718965888
0.0431034217524692
0.08714290150400505
0.0273479490131448
0.05782789828272719
-0.07285326391426694
0.027056135747870635
0.023313773736322235
0.019711223379731004
0.016040164917533573
-0.047907054876938845
0.006140824104484466
0.07864740053105151
-0.16126433963574827
0.030987611998102876
-0.26088665404079087
-2.7755575615628914e-16
0.16126433963574807
0.030987611998102682
0.00614082410448491
-0.07864740053105185
-0.01604016491753303
-0.04790705487693886
0.02331377373632257
-0.019711223379731635
0.07285326391426726
0.027056135747871066
0.02734794901314483
-0.057827898282727545
-0.04310342175246917
0.08714290150400524
0.0011802526638814634
-0.008059493718965083
-0.0015352161656054242
-0.07699513588976753
-0.02087600097362685
-0.07847409642258163
-0.002068448561539968
0.09471692944265836
-0.044391025698835226
-0.02150058895662968
-0.007032113822047742
-0.014634517513174933
-0.03358903578917248
-0.04523310064113297
-0.03743223883554453
0.09819493221454825
0.0026936973589080024
-0.004361508265064623
0.04277597789564486
0.01670090010227171
-0.0006945163332261889
-0.11626802136905742
