66.21445945719597
1.8983453106800737e-16
-2.708377650724671
-6.127264330661726
-9.70948308310559
-5.533622341495048e-15
2.7083776507246857
-6.127264330661734
2.2160506860608877
0.6452801728426171
-1.3243192589423847
1.7132932686835056
1.273885477499883
-1.0324295334696716e-15
1.3243192589423907
1.7132932686835052
2.216050686060882
-0.6452801728426198
0.009212774933768514
0.8196555108851744
-1.4298050230652324
0.03470209692678793
-1.0517799543835684
0.4753159645954212
-2.739488274305376
-2.5501183025476208e-15
1.0517799543835638
0.47531596459542264
-1.4298050230652288
-0.03470209692678427
-0.00921277493377104
0.8196555108851725
-2.0116413355287577
0.06560452260652493
0.5799602390319254
-0.16456781363674025
0.11740675162533379
0.05647873570819707
-0.7819598538845787
-0.07680285312399024
-3.330725406390705
-4.001219083201963e-15
0.7819598538845796
-0.0768028531239853
0.11740675162534026
-0.05647873570819789
-0.5799602390319347
-0.1645678136367446
-2.0116413355287595
-0.0656045226065241
0.7905592587865571
1.4085539747481306
-0.21206474887044108
0.2153886807117848
1.0230373357070417
0.3953108911143806
-0.5390187589553983
0.2593773707071322
-0.16104763226018304
0.749450375379248
1.9322906670600712
-1.0152630774564905e-15
0.1610476322601878
0.7494503753792531
-0.5390187589554019
-0.2593773707071281
-1.0230373357070428
0.3953108911143793
-0.2120647488704381
-0.2153886807117848
-0.7905592587865563
1.4085539747481346
0.012440631983839323
-0.6399115033775318
-0.6790355652616534
-0.3950249404567702
-0.6333207757376867
0.04007679397863338
1.1385322283456805
-0.3515589761536462
-0.3919836815080383
0.0047498975465168625
-0.47187855444336635
-1.1118357762301856
-0.6691457028700631
4.440892098500626e-16
0.4718785544433659
-1.1118357762301818
-0.39198368150803925
-0.004749897546518889
-1.1385322283456822
-0.3515589761536454
-0.6333207757376852
-0.04007679397863473
0.6790355652616548
-0.39502494045677194
0.012440631983837977
0.6399115033775314
0.6425808189655156
-0.2581645988068063
-0.3286394414331916
0.21566642504389003
0.1376949251383729
0.19186850706930342
0.3559887899671659
-0.20446033475173675
0.35105162097065157
0.2665013135053061
0.07373861424676409
-0.13290110524185217
0.269911020566156
0.19350211226145375
0.4586714941471528
8.049116928532385e-16
-0.26991102056615457
0.19350211226145453
0.07373861424676298
0.1329011052418525
-0.3510516209706511
0.2665013135053046
0.35598878996716166
0.20446033475173697
-0.13769492513837295
0.19186850706930225
-0.328639441433191
-0.21566642504389116
-0.6425808189655168
-0.2581645988068073
0.6201540191999219
-0.39892501435604094
-0.4753595042877481
0.25396428471105825
0.030429906784369798
-0.24012295940849682
-0.05661501785607692
-0.4620795907423107
-0.15953217027157124
-0.27318068416638874
0.12213987252245417
0.13082436016751597
-0.03591067153839611
-0.35118958221548213
0.4351742808076199
0.15338891550281314
-0.013857441875191862
8.881784197001252e-16
-0.4351742808076211
0.15338891550281297
-0.035910671538394945
0.35118958221548335
-0.12213987252245445
0.13082436016751497
-0.15953217027157163
0.2731806841663894
0.056615017856077865
-0.4620795907423114
0.03042990678437041
0.24012295940849734
0.4753595042877454
0.25396428471105725
0.6201540191999263
0.3989250143560431
0.1790805498025846
-0.7296486254483945
-0.359325399777917
0.17790432982173968
0.3145942791886226
-0.05038435476741681
0.07694402344753665
0.0654630247392941
-0.138589581748083
-0.035502941018457135
-0.011701952440649588
-0.13731074701676735
0.04767800564615879
0.2550982903366208
0.29654618370921826
-0.22946368311436827
-0.006369787950188055
0.052869671273994
-0.5866781133446063
1.6653345369377348e-16
0.0063697879501878885
0.052869671273992974
0.2965461837092186
0.2294636831143696
-0.04767800564615911
0.2550982903366201
-0.0117019524406482
0.13731074701676876
0.13858958174808217
-0.035502941018457024
0.07694402344753556
-0.06546302473929311
-0.31459427918862337
-0.05038435476741565
-0.3593253997779156
-0.17790432982174037
-0.1790805498025828
-0.7296486254483944
0.14816241856615134
0.17717102828956638
-0.2867038518966827
0.30524981729757467
0.30505793567754963
-0.22628959981222932
-0.08832789307669586
0.19183903913903136
-0.1322427624410626
0.006971209657001834
-0.06438496908614597
0.15978848623262773
0.13558121781479338
-0.07995766599622622
-0.1769602508394671
0.34273828673073803
-0.09704193893704557
0.07449400258194944
-0.06241357095381575
0.34735913686642245
0.5138927431148325
0.0
0.06241357095381472
0.3473591368664214
-0.09704193893704577
-0.07449400258194838
0.17696025083946673
0.3427382867307368
0.1355812178147947
0.07995766599622711
0.06438496908614733
0.1597884862326272
-0.132242762441062
-0.006971209657003152
0.08832789307669514
0.19183903913903294
0.3050579356775497
0.22628959981222774
0.286703851896683
0.3052498172975752
0.14816241856615048
-0.17717102828956838
0.14577354817861968
-0.18427246480375986
-0.22662151236368974
0.043163685265811345
0.08101128341662434
-0.34450626649174815
-0.03780060783118272
0.06551393242034975
0.2371630052726434
0.04916582790702473
-0.0038729003559180297
-0.00684373321008136
-0.389493760405901
-0.025306387089183313
0.13514150166220296
-0.04873561770293272
0.13389605933099538
-0.04006218284377089
-0.08807572637035654
0.016881207824167965
-0.5149840892715767
-0.3782622408263171
0.29884726961709474
-5.828670879282072e-16
0.5149840892715786
-0.37826224082631726
-0.0880757263703561
-0.01688120782416852
-0.13389605933099685
-0.0400621828437738
0.13514150166220218
0.04873561770293533
0.38949376040590133
-0.0253063870891847
-0.003872900355918363
0.006843733210080305
-0.23716300527264245
0.04916582790702481
-0.03780060783118486
-0.0655139324203505
-0.08101128341662456
-0.3445062664917464
-0.22662151236369066
-0.043163685265811665
-0.14577354817862004
-0.18427246480375986
0.11044560214601026
0.20124636014663205
-0.07985186482580803
0.12601209699595084
0.13321183019633676
-0.02343977577865025
-0.1574203520900576
0.27911147633692635
0.16851416584012274
-0.10372762475304678
0.09266862122273889
0.2191262957239941
-0.17876441241739915
0.0938855121453443
-0.11435132403792328
0.16317601080097754
0.20063750985605677
-0.0395819294528085
0.013175065449615386
0.1480742424840357
-0.17248316025269816
0.04379465222644513
-0.1528931825948362
0.02755190391708165
-0.017823396147588322
-5.689893001203927e-16
0.15289318259483697
0.02755190391708212
-0.17248316025269805
-0.04379465222644528
-0.013175065449616413
0.1480742424840364
0.20063750985605844
0.039581929452808806
0.11435132403792272
0.1631760108009771
-0.17876441241739666
-0.09388551214534298
-0.09266862122273964
0.21912629572399583
0.1685141658401227
0.1037276247530464
0.15742035209005756
0.2791114763369249
0.13321183019633492
0.023439775778650335
0.07985186482580756
0.12601209699595067
0.1104456021460109
-0.20124636014663044
0.05203201053779172
0.20660584535736293
-0.12121251201480929
0.0908566020266364
0.1978540961070691
-0.09235746870169652
-0.08644995461394697
-0.06955069370468869
-0.03932473185854804
-0.11695849053390212
-0.0328839923017582
-0.029156213957627075
0.19930732949542204
0.07696518199859287
0.0642703521299881
-0.12058623153878434
-0.21163028695417896
-0.17986399776370982
-0.08166047858879683
0.01277913299028302
0.20213487459287094
-0.14408572158541416
-0.07475766224759955
-0.06433468902080308
4.7777065822818265e-05
-0.05591463843483989
-0.32700851408496445
-1.8041124150158794e-16
-4.77770658232346e-05
-0.055914638434840847
-0.07475766224759944
0.06433468902080289
-0.20213487459287116
-0.1440857215854161
-0.0816604785887961
-0.012779132990282882
0.21163028695417885
-0.17986399776371015
0.0642703521299895
0.12058623153878523
-0.19930732949542243
0.07696518199859426
-0.032883992301756926
0.029156213957627214
0.03932473185854851
-0.11695849053390242
-0.08644995461394656
0.06955069370468872
-0.1978540961070686
-0.0923574687016977
-0.12121251201480858
-0.09085660202663484
-0.052032010537791995
0.2066058453573621
0.11381593754451236
-0.16289539421305754
-0.1034223963585991
-0.003424495561219959
0.06797957543366062
0.0936822967163251
0.06446183818981208
0.08229511189535596
0.04866362625930534
-0.004084420409871184
-0.24391195306545968
0.10187544250011485
-0.007336209130112903
-0.07686785846083036
0.33371043967416336
0.05933636965954825
-0.08121849222527772
0.0054755614784768245
-0.15417026221513308
-0.0037729978923798924
-0.04418179504928654
0.012558688508020388
0.22269072747413643
-0.0018700133072640512
0.010226721865097654
-0.17012452503485476
-0.03308671117499856
-0.03079978995864821
-0.3663186161273495
7.632783294297951e-16
0.033086711174998396
-0.03079978995864812
0.010226721865097932
0.170124525034855
-0.2226907274741372
-0.001870013307265203
-0.04418179504928668
-0.012558688508019111
0.15417026221513264
-0.003772997892380836
-0.08121849222527688
-0.005475561478476033
-0.3337104396741643
0.05933636965954814
-0.007336209130112348
0.07686785846083195
0.24391195306545965
0.10187544250011663
0.04866362625930594
0.004084420409870143
-0.06446183818981191
0.08229511189535571
0.06797957543366168
-0.09368229671632519
0.10342239635859896
-0.003424495561218932
0.11381593754451258
0.16289539421305804
-0.10991325785496255
0.06986372204918079
-0.03120439305988587
0.057690772128949824
0.025900579091241993
0.06123498253022997
-0.08144204369311961
-0.05667427345040099
0.12843669301554794
0.006204726189783766
-0.13710003217801897
-0.000757593930620748
-0.04966223452760182
-0.10475117308857418
0.03753196824553165
-0.12239141879170135
0.046076773482815414
0.06038081032032089
-0.11855298964280825
-0.03250639731996835
0.2313470659408366
-0.0674916924233453
-0.13198325345584974
0.011835539385539162
-0.16491989717182748
0.1847368678123358
-0.008091508401130057
-0.06629644481391889
0.2836059325330112
0.19302583242059912
-0.04903557597745323
-1.3877787807814457e-16
-0.2836059325330119
0.19302583242059923
-0.008091508401128378
0.06629644481391903
0.16491989717182715
0.18473686781233534
-0.13198325345584885
-0.011835539385539218
-0.23134706594083737
-0.06749169242334585
-0.11855298964280814
0.03250639731996882
-0.046076773482816344
0.060380810320320416
0.03753196824553223
0.12239141879170115
0.049662234527602434
-0.10475117308857347
-0.1371000321780208
0.000757593930619832
-0.12843669301554822
0.006204726189784293
-0.0814420436931198
0.0566742734504001
-0.025900579091241743
0.061234982530230464
-0.031204393059885815
-0.05769077212894963
0.10991325785496184
0.06986372204918034
7.730723134979911e-07
-0.1414543073942673
-0.01823711336815198
0.016818785844492284
0.10613366567761001
-0.08922818461106988
-0.06964261008936265
-0.09509347757094913
0.010659736914506945
0.00860214745024207
0.04425327634924092
0.11320162845177864
-0.006456960693256672
-0.025781108439218048
-0.04872277269436087
-0.10760423903820981
-0.07103886591591191
0.051444367459444446
0.062126353464445894
0.03449561856034547
0.11551917378330823
-0.08671978201962625
0.022348197427365213
-0.10818035252619657
-0.00012350286167728264
0.05856577703832276
0.016300786443615822
0.050024693921590424
0.10655940067490825
-0.0447437912769606
-0.07687133086328302
-0.07166034203400007
0.2613791401537039
-3.191891195797325e-16
0.07687133086328438
-0.07166034203400118
0.10655940067490845
0.044743791276960376
-0.016300786443615017
0.05002469392158865
-0.00012350286167650548
-0.05856577703832298
-0.02234819742736513
-0.10818035252619675
0.11551917378330734
0.0867197820196278
-0.06212635346444542
0.034495618560345664
-0.0710388659159128
-0.051444367459443405
0.04872277269436115
-0.10760423903820895
-0.006456960693257019
0.025781108439218436
-0.04425327634924159
0.11320162845177853
0.010659736914506557
-0.008602147450243014
0.06964261008936166
-0.0950934775709508
0.10613366567760849
0.08922818461107
0.018237113368151273
0.016818785844492534
7.730723128318573e-07
0.14145430739426731
-0.11032456622199509
0.033021994769178636
0.014600693783278829
-0.025870048025987843
-0.07992370479211672
0.08275780353878184
-0.043565511110973516
0.02833896040345263
-0.0028091953096432767
0.03057456544527888
-0.10354222970676386
-0.07015773709456463
0.07987465379717157
0.06794309466680581
-0.08893550248833793
-0.008384706622946103
-0.022735655424428097
0.012767867575304431
-0.024732219300016373
-0.018920384431961854
-0.0688187704726406
0.12423292815835207
-0.07205523225738
0.003569035249259528
0.11778414882339372
0.08148619564064336
0.06741479210326057
-0.003528651096880553
-0.1218987672897327
0.1952837069558884
-0.06217548033504802
0.057471749298748195
-0.050920851055911875
-0.013677335267243074
0.08077009053679246
-4.163336342344337e-16
0.05092085105591265
-0.01367733526724263
-0.06217548033504766
-0.05747174929874729
0.12189876728973216
0.19528370695588876
0.06741479210326132
0.003528651096880331
-0.11778414882339419
0.08148619564064252
-0.07205523225737973
-0.003569035249259736
0.06881877047264112
0.12423292815835155
-0.024732219300016844
0.018920384431963783
0.02273565542442821
0.012767867575305292
-0.08893550248833956
0.008384706622946658
-0.07987465379717174
0.06794309466680568
-0.10354222970676391
0.07015773709456508
0.0028091953096424788
0.030574565445278895
-0.043565511110973995
-0.028338960403452573
0.0799237047921171
0.08275780353878062
0.014600693783279217
0.025870048025987913
0.11032456622199546
0.03302199476917811
-0.1770231850867643
0.14450405285364762
0.06340271170357037
-0.030006868019788385
-0.03205875056972683
-0.10293363328847699
0.03414834832173841
0.0004463024652206875
0.013927286270164596
-0.07412363687029112
-0.012067698925109532
-0.08814011017060687
0.047873326523794085
-0.005809198395184678
0.08026438554761428
0.028727531547911633
-0.030976518858454594
-0.046669028907200205
-0.003184674787014924
-0.11693684312764041
0.06445807144165494
0.030619612316935885
-0.011697384939142935
0.01354654356201837
0.06465335383560668
-0.05633902016809983
-0.01779921229441861
-0.0739848602710928
0.06201988072173781
-0.002597013688880573
0.06441196237028868
-0.015237177518280326
-0.01574667062588732
0.07198102860477489
-0.1054080086267857
-0.06307923906435692
-0.005178348468366234
8.326672684688674e-16
0.10540800862678651
-0.06307923906435609
-0.015746670625887554
-0.07198102860477346
-0.06441196237028837
-0.015237177518280992
0.06201988072173775
0.002597013688880573
0.017799212294418457
-0.07398486027109283
0.06465335383560664
0.05633902016809933
0.011697384939142755
0.013546543562018343
0.0644580714416548
-0.03061961231693433
0.0031846747870140357
-0.11693684312764033
-0.030976518858455704
0.046669028907200094
-0.08026438554761459
0.02872753154791069
0.047873326523795195
0.005809198395183568
0.012067698925110476
-0.08814011017060641
0.01392728627016461
0.0741236368702903
-0.03414834832173831
0.00044630246521974726
-0.03205875056972629
0.1029336332884768
-0.0634027117035712
-0.030006868019789745
-0.17702318508676437
-0.14450405285364692
