58.6844860975046
-1.6760697380083486e-15
-2.8829292470037284
-1.9221745163281445
-5.417131433206288
-1.0253272887564564e-15
2.882929247003731
-1.922174516328149
1.4292081356330437
1.7337076270583016
0.8802656934326554
2.030141812811665
4.77997577494673
2.3028841194657843e-15
-0.8802656934326506
2.0301418128116624
1.4292081356330377
-1.7337076270583018
-0.9086426123673095
2.096185297317012
0.6862383166515849
-0.04467847296785763
-1.3218066033982612
-0.5936267936286831
-2.1445698329916825
-1.6295513561363427e-16
1.3218066033982647
-0.5936267936286903
0.6862383166515812
0.044678472967852934
0.9086426123672962
2.0961852973170174
-1.990406122586849
0.459907835567213
0.26274131284428426
-0.21993576521462818
-0.46390668087383824
-0.5835261892612013
-0.5018897469863683
0.34498790870704077
-0.6951191245253415
1.0886531087058337e-15
0.5018897469863675
0.344987908707042
-0.4639066808738449
0.5835261892612035
-0.2627413128442792
-0.21993576521462918
-1.9904061225868483
-0.45990783556721565
1.286457130086079
0.7460586348203896
-0.006356789102058946
0.04179009083442321
-0.4692825440384818
0.5266808841179265
-0.008258019166894948
-0.3518214263970865
0.06333146532434822
1.2582571925472026
2.0555314738286485
-5.202101710503862e-16
-0.06333146532434852
1.2582571925472035
-0.008258019166894837
0.3518214263970884
0.4692825440384825
0.5266808841179261
-0.006356789102057725
-0.041790090834424344
-1.2864571300860819
0.7460586348203834
0.007418897905376587
-0.2805574825228391
-0.0611241827771217
-0.042187016148653875
-0.3649181127471931
0.023548415156274816
0.3655646815189054
-0.34446454980819
0.3507725599596334
-0.2851958322338945
-1.290663976234679
-0.8079131869100651
0.8028735636624338
1.942890293094024e-15
1.2906639762346814
-0.8079131869100662
0.3507725599596332
0.2851958322338937
-0.36556468151890575
-0.34446454980819025
-0.36491811274719144
-0.023548415156275704
0.06112418277712067
-0.042187016148654034
0.007418897905376476
0.2805574825228404
0.7700288919880677
-0.23726122721345633
0.024758829972622444
0.13486841604473634
0.39415108964823475
0.10622160664376462
0.418553902730587
0.011701334861857086
-0.29637865129118734
-0.19034930139107498
-0.24037265925549267
-0.10190915334524181
0.16471273120351204
0.3218385632972418
1.8462686651176814
9.71445146547012e-17
-0.16471273120351182
0.3218385632972429
-0.24037265925549278
0.10190915334524092
0.296378651291188
-0.1903493013910757
0.4185539027305869
-0.011701334861857995
-0.3941510896482351
0.10622160664376612
0.024758829972622055
-0.13486841604473693
-0.7700288919880693
-0.23726122721345888
0.3341124703465308
-0.19559880671568697
-0.004724576862654012
0.04794876684876276
0.0770929898121529
-0.04538993495551036
-0.06365953800947062
-0.16657507593862442
-0.1813881708958384
-0.027722894436484513
-0.04757320857722171
-0.19643000960771903
0.23454783619246394
0.1654300705939945
-0.07201492555083872
0.11158437647968683
-0.19528798793504842
1.1102230246251565e-16
0.07201492555083844
0.111584376479685
0.2345478361924635
-0.16543007059399517
0.04757320857722164
-0.19643000960771917
-0.1813881708958393
0.027722894436485235
0.06365953800947315
-0.16657507593862408
0.07709298981215354
0.04538993495551055
0.0047245768626537205
0.047948766848763216
0.3341124703465285
0.1955988067156872
0.015565042536071827
-0.5313895637499866
0.13988069219290472
0.014969604051646823
0.31847459071347917
-0.18062977078538733
0.11499430857983287
0.303662473740665
-0.06726158515620288
-0.1141464109360969
0.4239903510572235
0.005711167950415208
-0.19061772128734175
-0.1164221935986317
0.3082665327073905
0.2801721188082413
0.10857171335292198
-0.4332038906235103
-0.18983146796390837
-9.43689570931383e-16
-0.10857171335292312
-0.4332038906235116
0.3082665327073908
-0.2801721188082411
0.19061772128734228
-0.11642219359863237
0.4239903510572235
-0.005711167950414257
0.06726158515620304
-0.11414641093609801
0.11499430857983312
-0.30366247374066446
-0.31847459071347906
-0.1806297707853879
0.13988069219290392
-0.014969604051646268
-0.015565042536070828
-0.5313895637499875
0.5582877611044842
0.2895902514846617
0.07043471870093249
-0.14241277555942164
-0.03778602365761807
-0.03700241978868657
-0.08768523762866542
0.1055508398282663
-0.06709409048749834
-0.005714293077936916
-0.002057259469683638
-0.14505908566063405
-0.20623987404264726
0.02415281884303873
-0.39688052093056503
0.04157995640565691
-0.4867648745813244
-0.00689315844126015
0.5803117950038481
0.07382359598913635
-0.41470216819217387
-2.636779683484747e-16
-0.5803117950038473
0.07382359598913599
-0.48676487458132517
0.00689315844126126
0.39688052093056647
0.04157995640565848
-0.20623987404264618
-0.02415281884303888
0.0020572594696824653
-0.14505908566063497
-0.0670940904874973
0.005714293077937499
0.087685237628667
0.10555083982826594
-0.037786023657618295
0.037002419788687124
-0.0704347187009341
-0.14241277555942233
0.558287761104485
-0.28959025148466333
-0.06593990399139182
-0.01996011074420545
-0.018766977005541863
-0.03068185257218073
-0.060010928368390615
-0.0903009503363555
0.10012957498653871
0.05625560461820878
0.11978200444651613
-0.10163791354243418
0.026631043119669157
0.14203116360923757
0.013985719114646647
-0.05070865878184552
-0.14778791838199778
0.027663758574735645
-0.09945727156151725
-0.04929343623953503
-0.2079526656216841
-0.02742503743171726
0.2678005774360613
-0.045630799496582636
-0.4537344544436338
0.0
-0.26780057743606256
-0.045630799496582636
-0.207952665621684
0.027425037431717023
0.09945727156151765
-0.0492934362395331
-0.1477879183819964
-0.027663758574737407
-0.013985719114647188
-0.05070865878184491
0.02663104311966963
-0.14203116360923781
-0.11978200444651745
-0.10163791354243427
0.10012957498653768
-0.05625560461820989
0.06001092836839067
-0.0903009503363557
-0.018766977005542362
0.030681852572180618
0.06593990399139071
-0.01996011074420423
0.09570195539330739
0.06429948077309416
0.019465817825556953
0.04906525503285512
0.28036657888361743
0.11605327218640929
0.10601505056697247
-0.17195442007369405
-0.047998626300179384
0.038600493131404845
-0.11797592133992858
0.08848087017366282
-0.12866423645314493
0.004566941806169678
0.15069436479084164
0.056325986799913574
0.013346736095774532
-0.012098806570932596
-0.22305821946577126
0.02701078887907618
-0.25830149102019495
0.055191332108681546
0.35588634026075494
-0.1402029284638645
0.1344474168625805
4.718447854656915e-16
-0.35588634026075516
-0.14020292846386326
-0.25830149102019323
-0.05519133210868152
0.2230582194657712
0.027010788879075834
0.013346736095774234
0.01209880657093193
-0.15069436479084208
0.056325986799913574
-0.1286642364531457
-0.004566941806170167
0.1179759213399284
0.08848087017366357
-0.0479986263001789
-0.03860049313140551
-0.10601505056697252
-0.17195442007369383
0.2803665788836181
-0.11605327218640868
-0.019465817825556314
0.049065255032855415
0.09570195539330595
-0.06429948077309255
-0.012369306028575111
-0.15677654676573008
0.007189789677266224
-0.011157603249541598
-0.05879985512681471
-0.04175445583692616
-0.016531261203995812
-0.12982185625053397
-0.04727955223169611
0.04426919550272329
-0.1332396663122044
0.06915688688270266
0.12752702102594698
-0.03742652251820165
-0.16905296597473807
-0.11384827956764226
0.10107745595218054
-0.03226970996755896
-0.1921729879664934
-0.019196038645632463
0.04437448602566069
-0.15933353876338602
-0.4459185004505283
-0.10886201406639902
-0.004983315800310417
-0.1720601278618643
0.09038003956629756
-3.0531133177191805e-16
0.00498331580031007
-0.1720601278618642
-0.44591850045052783
0.10886201406639776
-0.044374486025659785
-0.15933353876338624
-0.19217298796649446
0.01919603864563215
-0.10107745595218134
-0.0322697099675581
-0.16905296597473746
0.11384827956764154
-0.12752702102594798
-0.037426522518201125
-0.13323966631220405
-0.06915688688270283
0.047279552231694444
0.044269195502723374
-0.016531261203995395
0.12982185625053566
0.058799855126815015
-0.04175445583692727
0.0071897896772648955
0.011157603249541837
0.01236930602857439
-0.15677654676572952
0.04466588530407389
-0.4542296707421704
-0.015410892025619544
0.03048604203762885
0.044771231472470197
0.0055078732508794526
0.05002889641522218
0.0584498450546041
0.06745838858634556
0.0533254980407267
0.04377882079506219
0.035571774185774216
0.05155862540136956
0.036925757898064016
0.04452445539406236
-0.0287975536882428
0.0023501236785654425
0.09975490816810378
0.27297720521765934
0.07689458456479509
0.001206534214288374
-0.0024292972201550578
0.009020043325899563
-0.1762133744397381
0.01243709880447147
0.06372735262365528
0.1444071406403014
-0.044874678981666
0.043024326750109254
-1.3877787807814457e-16
-0.14440714064030089
-0.04487467898166535
0.012437098804471136
-0.06372735262365586
-0.00902004332589923
-0.1762133744397381
0.0012065342142882698
0.0024292972201542806
-0.27297720521765956
0.0768945845647952
0.0023501236785651858
-0.09975490816810366
-0.04452445539406197
-0.02879755368824359
0.05155862540136985
-0.03692575789806528
-0.0437788207950634
0.03557177418577498
0.06745838858634562
-0.053325498040726796
-0.05002889641522307
0.05844984505460413
0.04477123147247081
-0.005507873250879924
0.015410892025619988
0.030486042037627684
0.04466588530407377
0.45422967074216886
0.015152953892166254
0.04210656860783961
0.04534821460539914
-0.021283130273350867
0.010891310454506642
-0.13493825926523814
0.011222605214026696
-0.06721657315660597
-0.06223201965115772
-0.0029181695659455387
-0.01870889160499306
-0.18544472123334949
-0.02391111292458517
-0.04276104976826356
-0.1663764205883066
0.027249674869510132
0.13079900685132706
-0.04799466312805101
-0.0767393764514886
0.04842952462991523
0.025303464281397653
-0.09861931560224999
-0.13333254040501183
0.0006479066506042686
0.07508687016065055
-0.16315955238250318
-0.0418407901359637
0.1397568076346823
-0.0013360643017912843
-0.15097597372496596
-0.327264925406393
1.6653345369377348e-16
0.0013360643017915064
-0.15097597372496568
-0.04184079013596281
-0.13975680763468096
-0.0750868701606511
-0.16315955238250346
-0.1333325404050124
-0.0006479066506036302
-0.025303464281398236
-0.09861931560225015
-0.07673937645148851
-0.04842952462991523
-0.13079900685132737
-0.04799466312805167
-0.16637642058830576
-0.02724967486951052
0.0239111129245852
-0.042761049768263004
-0.01870889160499299
0.18544472123334887
0.06223201965115799
-0.0029181695659460938
0.011222605214027959
0.06721657315660592
-0.010891310454506753
-0.13493825926523892
0.04534821460539812
0.021283130273351304
-0.015152953892166532
0.042106568607839456
-0.15988752244578502
-0.3144078363312506
-0.010361180501674686
-0.05550205210749706
-0.022967648677821723
-0.22441503727550344
-0.01622577022005281
0.07292856215239686
0.03204676412534005
-0.01224029130371232
0.09507188929762674
0.0015480105408983216
-0.006464871097017058
0.035498254315734834
-0.013042770433218553
0.0860125021229726
0.0034354931047966553
0.04019932259639708
0.17238835887079634
-0.039839580542542635
0.09897066673630611
0.12202469860986273
0.09001053447453715
-0.037662572580893464
0.011288809522592314
0.04454351473820012
0.01559962180410146
0.033243373061762775
0.15951145932544647
-0.04484792998858528
-0.08559727600505004
-0.0275046957901231
-0.031881322117161714
0.0
0.08559727600505013
-0.02750469579012285
0.15951145932544625
0.04484792998858553
-0.015599621804101682
0.033243373061763296
0.011288809522592258
-0.044543514738200576
-0.09001053447453733
-0.037662572580893054
0.09897066673630708
-0.12202469860986276
-0.1723883588707963
-0.03983958054254247
0.003435493104796794
-0.04019932259639661
0.013042770433219164
0.08601250212297273
-0.00646487109701787
-0.03549825431573472
-0.09507188929762647
0.0015480105408981204
0.032046764125339855
0.012240291303711959
0.01622577022005242
0.07292856215239824
-0.022967648677820696
0.22441503727550366
0.010361180501674616
-0.055502052107497826
-0.15988752244578344
0.31440783633125224
-0.03778209274212935
-0.0786485160381463
-0.04809516976643996
-0.014662500136108418
0.027267431533587072
0.11687870601264286
0.12086484446959639
-0.010629619748338287
0.022065146388092316
-0.10190388198652052
-0.023689918153600775
-0.09633672552587635
-0.049453975339499426
0.04917570996364937
0.010329907041481512
-0.04246071631259615
0.007694326983271743
-0.06017295793371716
-0.09064687811061187
0.04087304891723485
0.026850502693095524
-0.06709535799813784
0.1457029654288618
0.17167657637196382
0.07868755588677007
-0.0614117632212427
-0.14589815921593619
0.06049617071244004
-0.11253789499154093
-0.03040587717574537
0.21210609256933438
-0.009970331170941565
0.16460398279477137
-0.008006319208253294
-0.19996871989994097
-1.5959455978986625e-16
-0.16460398279477195
-0.008006319208253593
0.21210609256933433
0.009970331170941232
0.11253789499154196
-0.030405877175745652
-0.14589815921593524
-0.06049617071243999
-0.07868755588677001
-0.061411763221242255
0.1457029654288623
-0.17167657637196337
-0.02685050269309555
-0.0670953579981376
-0.0906468781106117
-0.0408730489172338
-0.0076943269832718125
-0.060172957933716686
0.01032990704148068
0.04246071631259553
0.04945397533950109
0.0491757099636497
-0.023689918153601774
0.0963367255258768
-0.02206514638809126
-0.1019038819865209
0.1208648444695967
0.010629619748337926
-0.02726743153358624
0.11687870601264418
-0.04809516976643952
0.01466250013610819
0.037782092742128126
-0.07864851603814468
-0.03647997308936221
-0.013802203140432512
0.016531560021234085
-0.000789625967547827
-0.050736983535441774
-0.15924301812003339
-0.015049262961552623
-0.1427153755158433
-0.08130567644513195
-0.11954850148254197
-0.01805500034196278
0.009235762357793734
-0.02073609260677295
0.010697763801779045
0.06205800347721885
-0.010963064484309733
-0.03213900716018944
0.00847192090592068
-0.05202140723763517
-0.04022025865281701
-0.046425711614397326
0.03791740397832588
0.03570739636849675
0.05817081141909484
0.03268177553096138
0.05090424112842784
-0.15355713847060964
0.0018054785985871721
-0.13185773998845884
0.011817953232830025
0.031776171103935436
0.12318870717689204
-0.07236867512362202
-0.03584776687845807
-0.11939781974251953
0.0831802826339057
-0.27955709985777266
-8.187894806610529e-16
0.11939781974251865
0.08318028263390514
-0.07236867512362197
0.03584776687845784
-0.031776171103936005
0.12318870717689143
-0.1318577399884589
-0.011817953232829692
0.15355713847060987
0.001805478598587526
0.03268177553096144
-0.05090424112842806
-0.03570739636849764
0.058170811419094984
-0.04642571161439668
-0.03791740397832577
0.05202140723763643
-0.04022025865281803
-0.03213900716018897
-0.008471920905920416
-0.06205800347721917
-0.010963064484308699
-0.020736092606774753
-0.0106977638017786
0.018055000341962266
0.009235762357793276
-0.08130567644513192
0.11954850148254154
0.015049262961552456
-0.14271537551584207
-0.050736983535442565
0.15924301812003339
-0.016531560021234903
-0.0007896259675471348
-0.03647997308936113
0.013802203140431624
