45.65464287595893
-1.7603534911880179e-15
5.64360899889604
-9.692468415754492
-2.0455854373848252
2.736729460149807e-15
-5.64360899889603
-9.692468415754519
0.8152808976565704
0.04757495899663392
1.1754958934701012
1.8087409675093604
6.15336849979867
-1.0049681712732584e-15
-1.1754958934701094
1.8087409675093657
0.8152808976565731
-0.04757495899663719
-0.24305896177877495
2.114688908769528
0.7610040717960143
0.9785862714057629
-0.06022591660237636
-2.505998530389433
-3.219098286840036
-3.403327837724244e-16
0.06022591660238086
-2.5059985303894283
0.7610040717960112
-0.9785862714057659
0.24305896177877562
2.1146889087695175
-0.6298723110398673
-0.7532130833742026
-0.026244259019814864
0.17148492266823936
0.3202186124450195
-0.4882411791665547
-0.9727540149999808
1.242047733646808
0.5984891626507542
2.6625743226090117e-15
0.9727540149999792
1.2420477336468043
0.3202186124450131
0.48824117916655957
0.026244259019816973
0.17148492266824572
-0.6298723110398576
0.7532130833741977
-0.23142837903525698
0.6937276598180228
-0.16521424059851145
-0.16972058183797875
0.09065622716924593
0.4635526010137038
0.029527894390768306
0.33153874249418913
0.09855275874409564
0.29969003704311287
-0.27297101109984123
-6.12809075206068e-16
-0.09855275874409775
0.2996900370431221
0.029527894390769416
-0.33153874249418974
-0.09065622716924582
0.46355260101370177
-0.16521424059851203
0.1697205818379801
0.23142837903525812
0.6937276598180221
0.5411799109834984
0.690460688457355
-0.2011825796448258
-0.2858034393082707
0.0639514607118592
-0.399459364442167
-0.5108542431133531
-0.062006933905118855
1.2505886230267236
0.13952618304779693
0.4990321712006083
0.22296968907663778
-0.17820449851503162
-1.6653345369377348e-15
-0.49903217120060406
0.22296968907663997
1.2505886230267222
-0.13952618304779363
0.5108542431133545
-0.06200693390511808
0.06395146071185703
0.3994593644421682
0.20118257964482733
-0.28580343930826896
0.5411799109834975
-0.6904606884573508
-0.22953565718052382
0.07065918774838742
-0.2197745026842874
-0.17845047641717776
-0.04672995980571493
0.6031485699912689
-0.37881070701281205
-0.11792972158186643
0.30755153646146527
0.2596060560136626
-0.3318015846118548
-0.1913912234848537
-0.6237686640819432
0.6154602656373753
-0.37336471990555975
-7.216449660063518e-16
0.6237686640819425
0.615460265637377
-0.33180158461185505
0.19139122348485638
-0.3075515364614665
0.25960605601366304
-0.378810707012814
0.11792972158186898
0.04672995980571493
0.6031485699912684
-0.21977450268428628
0.17845047641718043
0.22953565718051896
0.07065918774839144
-0.9440350703474534
-0.6303995682627567
-0.3270838811770429
-0.06252499228962977
0.2599766793216706
0.1965549115774003
0.052790861184887294
-0.37721385253205963
0.02630132862982787
-0.22189144282110085
-0.1971690446181032
-0.29951299566957756
0.49460364831192216
0.08197812360742412
-0.033503547749149785
-0.8081888246428676
-0.0735169812301742
-1.1934897514720433e-15
0.033503547749145435
-0.8081888246428681
0.49460364831191994
-0.08197812360742451
0.19716904461809912
-0.2995129956695772
0.026301328629828702
0.22189144282110096
-0.052790861184889626
-0.3772138525320584
0.2599766793216689
-0.19655491157740224
0.32708388117704185
-0.06252499228962938
-0.9440350703474591
0.6303995682627506
0.4859754899429654
-0.31375633033195305
-0.21825874417702157
-0.07875215136384772
0.30129725859366346
-0.1899173388832613
-0.15065236675341553
-0.203799313418441
-0.09226407856650082
0.2656584964602142
-0.06381065526763248
-0.05192530188873101
-0.20335018759751822
0.14544242446956995
-0.7573319599099011
-0.24260453746451727
0.017629524967906818
0.2225028388032696
0.30027192189539315
-2.4424906541753444e-15
-0.017629524967907484
0.22250283880326807
-0.7573319599099024
0.24260453746451338
0.20335018759751874
0.14544242446956934
-0.06381065526763521
0.051925301888728265
0.09226407856650204
0.2656584964602135
-0.15065236675341764
0.20379931341844093
-0.3012972585936641
-0.18991733888326431
-0.2182587441770218
0.07875215136384328
-0.48597548994295886
-0.31375633033195816
0.09340595554069331
0.6174900828182148
-0.023527841450742187
-0.06072379353827072
-0.1701459795578792
-0.028740106755671735
-0.2625575427711626
0.04357246367356536
0.03830789908959309
0.04202281903293664
-0.0590843638139652
-0.22891495000637052
-0.08515678907995412
-0.1570258660842742
-0.403174039348969
0.12881201732559072
-0.1944662250487068
-0.1603860779100103
0.2593452168500374
-0.1574293607583001
0.04873920164522064
7.771561172376096e-16
-0.2593452168500312
-0.15742936075830116
-0.1944662250487056
0.16038607791000992
0.40317403934897433
0.12881201732558528
-0.08515678907995386
0.1570258660842755
0.0590843638139662
-0.22891495000637418
0.03830789908959287
-0.0420228190329357
0.26255754277116217
0.04357246367356177
-0.1701459795578773
0.028740106755670403
0.023527841450746545
-0.06072379353827373
0.09340595554069986
-0.6174900828182078
-0.8684974980858815
0.11380336976171174
-0.02276954427379327
0.0111343560649943
-0.030486976577596858
0.06519475982182776
-0.17845596769065286
-0.27074822918131325
-0.04186436119504444
0.061480704165912586
-0.3732028820570201
-0.26058286949730336
0.07658861920092194
0.14594223409542964
-0.39701968778377145
0.06967246025365559
-0.16735123426109744
0.12150274582089789
-0.34807216564259535
-0.14539671508727586
0.05438451429157326
0.02913660338086227
-0.6307869517848335
2.3314683517128287e-15
-0.05438451429157286
0.029136603380863546
-0.3480721656425918
0.14539671508728141
0.16735123426109558
0.1215027458208971
-0.39701968778376806
-0.06967246025365353
-0.07658861920092108
0.1459422340954308
-0.37320288205701935
0.26058286949730447
0.04186436119504411
0.06148070416591364
-0.17845596769065197
0.27074822918131397
0.030486976577597982
0.06519475982182732
-0.022769544273790465
-0.011134356064989082
0.868497498085878
0.11380336976171901
0.2345881272109614
-0.5610315170840385
0.01115519513381491
-0.020131499374835604
-0.2063977760827225
0.025226997316584704
0.1009126205462601
-0.29765401244343875
-0.2960354247042619
0.03851279604676573
-0.13846053470343145
-0.17898213720418898
-0.16553736811315123
-0.07660303831532556
-0.06639626560077166
-0.34776743387163217
-0.09093631858492093
-0.09982366387177861
-0.1368120895377664
-0.1516253471861057
0.03625389489328351
-0.010751629870740298
0.004509169076744812
-0.05472678638810491
-0.13621577231463367
-2.220446049250313e-16
-0.004509169076749253
-0.054726786388104576
0.036253894893282346
0.010751629870742019
0.13681208953776292
-0.15162534718610088
-0.0909363185849223
0.09982366387177702
0.06639626560076915
-0.3477674338716295
-0.1655373681131519
0.07660303831532776
0.13846053470343256
-0.17898213720418651
-0.29603542470426214
-0.03851279604676533
-0.10091262054626207
-0.2976540124434393
-0.20639777608272278
-0.025226997316583344
-0.011155195133816999
-0.02013149937482972
0.2345881272109523
0.5610315170840384
1.0043209663070458
-0.005998679517612515
0.1269803368992966
-0.13715927505028652
-0.3148988174016687
0.013854417565214994
0.07574764933049508
0.07597443978742163
-0.04957404821609529
-0.004842692594825282
0.13435537656089716
0.06543355435690656
-0.03446656477315141
0.10424690500335163
0.19208405460359812
-0.06648170646742434
0.07750799227329877
-0.006188947289177127
0.06565172665323935
-0.11018128483527856
0.026862099839624523
0.15631538847157064
0.04298523076095445
-0.04254374778115866
-0.0047030443898486984
0.18161879766886985
0.17321256172879362
-3.6637359812630166e-15
0.004703044389849365
0.18161879766886874
0.042985230760950344
0.042543747781153884
-0.02686209983962254
0.15631538847156956
0.06565172665323527
0.11018128483527624
-0.07750799227329891
-0.006188947289178626
0.19208405460359476
0.06648170646742291
0.034466564773147745
0.10424690500335212
0.13435537656089505
-0.06543355435690368
0.04957404821609554
-0.004842692594825004
0.07574764933049491
-0.07597443978742299
0.3148988174016682
0.013854417565215355
0.1269803368992901
0.13715927505028735
-1.0043209663070494
-0.005998679517621799
-0.15551610448207082
0.5904643928328166
0.14849697257672437
0.05752319695487961
0.0005092124246820345
0.09549881039234323
-0.14347561978183088
-0.0077567841859395165
-0.20427963731386717
-0.03228532046601229
-0.10688639157997577
0.06965391148912436
-0.1856757060681683
0.03453550600193436
-0.08726680779465568
0.11453928084318662
0.011604681822123805
-0.00673803235019832
-0.06323185515287941
0.05343105106656054
-0.025398304023221997
0.11248107277422854
0.3313575678231737
0.08546909886380469
-0.08257288775380617
0.01000722558691075
-0.181640769787557
0.026392888898027267
-0.20756045414909918
-1.6653345369377348e-16
0.18164076978756344
0.02639288889802538
-0.08257288775380539
-0.010007225586912166
-0.3313575678231709
0.08546909886380152
-0.02539830402322127
-0.11248107277422864
0.06323185515288016
0.05343105106655621
0.011604681822124235
0.006738032350199041
0.08726680779465379
0.11453928084318493
-0.1856757060681697
-0.03453550600193647
0.10688639157997545
0.06965391148912273
-0.20427963731386795
0.03228532046601229
0.14347561978183113
-0.007756784185940363
0.0005092124246806051
-0.09549881039234262
-0.14849697257672653
0.057523196954874185
-0.15551610448206218
-0.5904643928328202
-0.5554913624889432
-0.307541460885935
-0.01670255610595167
0.06298295058930076
0.15389871417072942
-0.018164413590495032
-0.06304055192445843
-0.15740117034499043
-0.18228598115957695
0.014322663040751638
-0.06684568387191969
-0.06514275735525973
0.02262666627826737
-0.035169133946438724
-0.06901277104564357
-0.12944411752136556
0.07346586146547457
0.05665004681312055
-0.12960960317910272
-0.015734586843805354
0.012646390562449164
0.11374580610341223
-0.0973971990522759
0.012795193487916301
-0.08460107749459822
0.1998388717569679
0.03215088575498726
0.19029600923123002
0.037951983404692136
0.07136485062501174
-0.10777327446400281
2.9976021664879227e-15
-0.0379519834046909
0.07136485062501163
0.03215088575498981
-0.1902960092312275
0.08460107749459911
0.1998388717569685
-0.0973971990522722
-0.01279519348791544
-0.01264639056245044
0.11374580610341153
-0.12960960317910014
0.015734586843805395
-0.07346586146547252
0.056650046813119526
-0.06901277104564335
0.1294441175213651
-0.02262666627826665
-0.035169133946439224
-0.06684568387192052
0.06514275735525993
0.18228598115957684
0.014322663040750444
-0.06304055192445729
0.1574011703449896
-0.15389871417073103
-0.018164413590495337
-0.01670255610594743
-0.06298295058930142
0.5554913624889479
-0.3075414608859305
0.2997288260638128
-0.5149762240713817
-0.049751076124739974
-0.09560386088794787
-0.06082836477749132
0.11936106488826981
0.14558730975374742
0.008282670790591917
-0.04105534485348808
0.09111398039204285
0.1067947410862088
-0.09354828837515547
-0.08012131046758586
0.05806080966384625
0.04595648720472992
-0.14218503618403086
-0.03246217668801302
0.1298017299468539
0.1791633570582989
-0.20076106368710722
-0.0458234401229361
0.03260173352097695
-0.06777044917480973
-0.2167564980317729
-0.010986809878679171
0.06288931223015815
0.08713320347696124
-0.2030021870619101
-0.29016299333904794
-0.05352915927237942
-0.12492921820333552
-0.1847458357923326
0.01757879940958873
-5.551115123125783e-17
0.12492921820333217
-0.18474583579233203
-0.29016299333904827
0.053529159272380056
-0.08713320347696202
-0.2030021870619092
-0.010986809878679143
-0.06288931223015755
0.06777044917480993
-0.21675649803177113
-0.04582344012293571
-0.03260173352097722
-0.17916335705829808
-0.20076106368710644
-0.03246217668801099
-0.12980172994685404
-0.045956487204729765
-0.1421850361840316
-0.08012131046758493
-0.05806080966384462
-0.10679474108620812
-0.0935482883751553
-0.041055344853489883
-0.09111398039204394
-0.14558730975374704
0.008282670790593194
-0.060828364777491845
-0.11936106488827031
0.04975107612474228
-0.09560386088794795
0.29972882606380996
0.5149762240713898
0.06316938634275915
0.3117021744784756
0.07596317651441392
0.018241883623995855
-0.1568807776607873
0.011603648741850228
0.04448342532131866
0.23716890990349043
-0.013035957526804226
-0.01920588346966101
0.06854545190746858
-0.02821399579635836
-0.12916026166006378
-0.06194553650818546
0.06625154837676753
0.08493776537302133
0.002945731092202475
0.059318675951113425
0.08010452477369842
-0.059040491329521036
-0.032088504579106114
0.1953062528718691
0.19549379885299129
0.25191379641569633
0.02075601798667273
0.10646282927911026
0.11286905525631957
0.04131432394856168
-0.03219727952201021
0.15760469393628562
0.07597659658592246
-0.03621401086673909
0.05665160355064103
0.1763121473195339
0.057275306264450404
-1.4988010832439613e-15
-0.056651603550640556
0.1763121473195336
0.07597659658592129
0.03621401086673737
0.03219727952201101
0.15760469393628584
0.11286905525631713
-0.04131432394856127
-0.02075601798667115
0.10646282927911217
0.19549379885298937
-0.25191379641569556
0.03208850457910667
0.19530625287187015
0.08010452477369726
0.059040491329520425
-0.002945731092202364
0.05931867595111445
0.06625154837676947
-0.08493776537302106
0.12916026166006433
-0.06194553650818485
0.06854545190746791
0.028213995796358526
0.013035957526803754
-0.01920588346966237
0.04448342532131738
-0.23716890990349215
0.15688077766078729
0.011603648741851158
0.07596317651441342
-0.018241883623992844
-0.06316938634276514
0.311702174478473
-0.25276009075655453
0.2593347853162629
-0.032314049190397306
0.11680155482798035
0.02610387894152258
-0.1785105706347833
-0.08931421424689431
0.12553963321856132
-0.05220825823467368
0.05126217894318186
-0.07139208736491269
0.13305893304255945
0.02763572828769932
0.03404150450260296
0.07717912664452001
0.03703982293529079
-0.10818226536893269
0.07529406375778738
-0.08336764662819263
0.06235801166743485
-0.15574436641525752
0.098286318013523
-0.05355853865989196
0.03253521105634287
-0.16378467962348664
0.05365596170518688
-0.023775642543480247
0.028909427330783458
-0.10683368502229854
0.08959070761325882
-0.0768649904868563
0.05406796687921667
-0.010789970983645036
0.06855654308151377
0.06744905885368596
0.06862195899454586
-0.32472487848447995
-6.106226635438361e-16
-0.0674490588536856
0.06862195899454487
-0.010789970983645758
-0.06855654308151271
0.07686499048685669
0.054067966879216445
-0.10683368502229984
-0.08959070761325863
0.02377564254347936
0.028909427330785192
-0.1637846796234872
-0.05365596170518644
0.05355853865989196
0.03253521105634272
-0.15574436641525968
-0.098286318013521
0.08336764662819197
0.06235801166743567
-0.10818226536893372
-0.07529406375778691
-0.07717912664452059
0.03703982293529173
0.02763572828770052
-0.034041504502601794
0.07139208736491376
0.13305893304255856
-0.05220825823467501
-0.051262178943181205
0.08931421424689609
0.12553963321856287
0.0261038789415238
0.17851057063478373
0.032314049190393546
0.1168015548279808
-0.2527600907565529
-0.25933478531626575
