43.410194859656094
-1.83156881906318e-15
0.7019184276777075
8.519238449210906
1.8893195913428
-5.803749539341096e-17
-0.7019184276777235
8.519238449210913
1.7702680476027277
-3.5618968002978346
-0.22058950428933666
0.6183627309799161
-2.829925202977228
-8.100090441055857e-15
0.22058950428933544
0.6183627309799166
1.7702680476027315
3.5618968002978333
-0.7375125357249546
1.2238443890898205
-0.9756499216374886
0.19567331983724365
0.8966722167689489
2.3594463205041003
-0.2040849649866917
-6.0049553741112035e-15
-0.8966722167689559
2.3594463205040994
-0.9756499216374848
-0.1956733198372441
0.7375125357249543
1.2238443890898192
-1.5047121374077692
-0.8165829158155341
0.27837461084866616
-0.7039634137784726
0.3978380971029931
-0.9828716605622876
-0.5549260080247767
-0.43775409852329833
-3.4475294120653035
2.0377521195356213e-15
0.5549260080247675
-0.43775409852330077
0.3978380971029904
0.9828716605622919
-0.27837461084866627
-0.7039634137784768
-1.5047121374077668
0.8165829158155274
-1.3701745563871666
1.5100918537227774
0.2674372032918928
0.023342672972352183
-0.5545115029920236
1.2353418896146127
-0.18682938452374584
-0.11606486596375322
0.3472249403313885
1.5845390779513506
0.12911457209730165
-3.268092648928429e-15
-0.3472249403313945
1.5845390779513513
-0.18682938452374387
0.11606486596375379
0.5545115029920233
1.2353418896146142
0.26743720329189236
-0.02334267297235404
1.3701745563871617
1.5100918537227728
-0.5925052813793908
-1.3931719120848252
0.12854177667577477
0.2760190871927028
-0.6574859325398784
-0.4963451406124678
0.3349005616470807
-0.08784746950863304
-0.868434255976122
0.04161789713761743
-0.29558610084734444
-0.21390642185900158
-1.0791872786212404
2.345346139520643e-15
0.29558610084734077
-0.2139064218589995
-0.8684342559761209
-0.04161789713761843
-0.3349005616470815
-0.08784746950863492
-0.6574859325398765
0.4963451406124673
-0.12854177667577657
0.27601908719270474
-0.5925052813793876
1.393171912084826
0.3308536247954584
1.0306485506922836
-0.2059501190392037
0.059839843336406656
-0.24128304147128188
1.0979118469999705
-0.1376687768585514
0.12037115057558412
0.11432790938518866
0.43851794995906823
0.35895880056949203
0.04719183122798637
-0.19118949712996455
0.18176254907182388
0.7904558016745209
-1.5057399771478686e-15
0.19118949712996813
0.18176254907182254
0.35895880056949264
-0.04719183122798365
-0.11432790938518517
0.43851794995906435
-0.13766877685855206
-0.12037115057558229
0.24128304147128432
1.097911846999971
-0.20595011903920366
-0.059839843336406504
-0.3308536247954587
1.0306485506922833
-1.0127585553623257
-0.16057188956534585
-0.08902640142743158
-0.02120878683895261
-0.7457522043310285
-0.23956101642092598
-0.27071877618638485
0.08965757216709958
-0.18548113842819303
0.24777568467244238
-0.26362352141537165
0.36419708602237455
-0.1196091547368342
-0.2047669508253543
-0.35521710222354896
-0.005235571949294304
-0.03581866886180951
1.9984014443252818e-15
0.35521710222354635
-0.005235571949291834
-0.11960915473683531
0.2047669508253551
0.26362352141537393
0.3641970860223743
-0.18548113842819425
-0.24777568467244415
0.27071877618638523
0.08965757216709802
-0.7457522043310286
0.23956101642092678
0.08902640142743429
-0.02120878683895419
-1.0127585553623248
0.16057188956534824
0.1778972508805931
-0.40950670322048044
0.04128683444065677
-0.1781545093025302
-0.19021037897883308
-0.020196584353858404
-0.18980410640590945
-0.12087489111947736
0.22550682224833835
0.3088925795370254
-0.22389392045090178
-0.37975597549761625
0.2254063500651684
0.12892091932541141
0.025981292944395273
0.016913375308046263
0.05506187879367752
0.6899569003950926
0.18497607814355638
-1.887379141862766e-15
-0.05506187879367497
0.6899569003950891
0.025981292944396134
-0.016913375308046985
-0.2254063500651655
0.1289209193254125
-0.22389392045090345
0.3797559754976169
-0.22550682224834212
0.3088925795370261
-0.1898041064059097
0.1208748911194767
0.19021037897883109
-0.020196584353859626
0.04128683444065501
0.17815450930252819
-0.17789725088059066
-0.4095067032204813
0.2032445546816085
0.3256439110628502
0.04175875649670978
0.05441538799729101
-0.1758523371561963
-0.3391329800963736
-0.1077933966029235
0.11955943112678885
0.15895361744799263
-0.0641223148891176
-0.22527498481414285
-0.11576724911196329
-0.015815399408207864
0.29209010740757724
0.07715499898110803
-0.05270061697609621
0.21465463959009795
-0.5119196648415391
-0.32104728928981996
-0.6016573977201591
-0.47344064196851876
2.3869795029440866e-15
0.32104728928981957
-0.6016573977201551
0.21465463959009462
0.5119196648415353
-0.07715499898110872
-0.05270061697609661
-0.015815399408207087
-0.29209010740757946
0.22527498481414543
-0.11576724911196318
0.15895361744799102
0.06412231488911985
0.10779339660292271
0.11955943112678877
-0.17585233715619575
0.33913298009637466
-0.04175875649671139
0.0544153879972924
0.20324455468160874
-0.325643911062849
-0.2164934820808721
-0.2802342872393566
-0.07617520973636428
0.061698894384450004
0.2866881486599177
0.024879598828640603
-0.12481009180857003
-0.33466888021401314
0.011293679249242086
0.08924190202990279
-0.06678613692656625
0.018830150924423528
0.3752324874010742
0.18282337369847862
0.06544857632506793
-0.14999371768095607
-0.05272669922687592
0.34731915975640315
-0.05771296422397648
0.1142465709675676
0.24014618329194015
1.1155665110908068
0.0767607334663451
-1.5959455978986625e-15
-0.2401461832919356
1.1155665110908044
-0.05771296422397358
-0.11424657096756513
0.05272669922687473
0.3473191597564025
0.06544857632506625
0.14999371768095918
-0.3752324874010735
0.18282337369847873
-0.06678613692656629
-0.018830150924423972
-0.011293679249240657
0.08924190202990712
-0.1248100918085702
0.3346688802140145
-0.2866881486599176
0.02487959882864091
-0.07617520973636384
-0.061698894384449005
0.2164934820808727
-0.2802342872393555
0.1301509405234742
-0.1677194494382531
-0.10651182371435869
-0.05234208552701905
0.23758440420226068
0.1679494434360247
-0.007655796956586802
-0.10912404203812937
0.07095926838445288
-0.052745155103416874
-0.05896224459419985
0.0492939597135426
0.37041561702650905
-0.06800229429095941
-0.031801568541046765
-0.05425095776803489
-0.09752950042700903
-0.16483547668018128
0.22000050553812495
-0.1662219580301969
-0.007159803265754383
-0.3523594882799271
0.026504192283964167
-0.5514005055551976
-0.7104237169225953
1.4432899320127035e-15
-0.026504192283964945
-0.5514005055551936
-0.007159803265757936
0.3523594882799272
-0.22000050553812506
-0.16622195803019757
-0.09752950042700914
0.164835476680179
0.03180156854104646
-0.054250957768034715
0.3704156170265076
0.06800229429095861
0.058962244594198965
0.049293959713539906
0.07095926838445399
0.05274515510341815
0.0076557969565866635
-0.1091240420381285
0.23758440420226212
-0.16794944343602566
0.10651182371435824
-0.05234208552701862
0.13015094052347387
0.167719449438251
-0.13881558610160505
-0.020663307130452696
0.03376281302725381
-0.10739531793119947
-0.13356153692502898
0.034577296698555804
0.03287532068871146
0.06279741305193459
0.12434349887457505
0.27917527298434286
0.032780512621969425
-0.1795134070079753
-0.038798866595271014
0.2565015061699786
0.06141496541102176
0.19974017750766976
0.09026230653455136
0.3630656832712369
-0.07042902134607328
0.19665648437685734
-0.10211262138164293
0.5980321773689848
-0.08637996184843566
0.37314403163313015
0.08479873985271053
0.6985120231110356
-0.12715733794170186
-2.1649348980190553e-15
-0.08479873985270672
0.6985120231110334
-0.08637996184843222
-0.3731440316331305
0.10211262138164287
0.5980321773689892
-0.07042902134607174
-0.1966564843768575
-0.09026230653455297
0.3630656832712337
0.06141496541102448
-0.1997401775076691
0.03879886659527115
0.25650150616997913
0.03278051262196814
0.1795134070079742
-0.12434349887457313
0.2791752729843418
0.03287532068871091
-0.06279741305193287
0.1335615369250296
0.034577296698553805
0.033762813027254944
0.10739531793119864
0.1388155861016051
-0.0206633071304535
0.15494161147780128
-0.08029396833324212
0.017333023591408377
-0.010622918944896212
0.15196601287243527
0.07307030189804808
-0.16159680476669144
0.06268911085752825
0.34923643816561967
0.05297214179565714
-0.13060553385424647
-0.011459268428015389
0.10731742193443894
0.07097395360467373
0.039467877333529355
0.0520150202522599
0.05938426230672292
-0.08348729637444569
-0.1920671926496994
0.042103458839014396
0.040237691279404575
-0.08150668323389193
-0.10553631062040868
-0.052251947786992936
0.19453711628792986
-0.04840401079147977
-0.11902890237836942
-0.28617976698433667
0.29262615505379913
-3.885780586188048e-16
0.11902890237836782
-0.28617976698433556
0.1945371162879284
0.04840401079148096
0.10553631062040966
-0.05225194778699624
0.04023769127940613
0.08150668323389326
0.1920671926496991
0.04210345883901367
0.05938426230672067
0.08348729637444552
-0.03946787733352919
0.05201502025225943
0.10731742193443972
-0.07097395360467301
0.1306055338542471
-0.01145926842801522
0.34923643816561756
-0.0529721417956559
0.1615968047666925
0.06268911085752697
0.1519660128724344
-0.07307030189804886
-0.017333023591408703
-0.010622918944897017
0.15494161147780183
0.08029396833324184
-0.21227504925072527
0.23849768730493276
0.02256141236351468
-0.06007498307309905
-0.23062672531015005
0.14688140176787373
0.016541782929457113
-0.16500729329231306
-0.1167137342197283
0.2976196126772858
-0.014810222872710027
-0.0021646623683017063
0.06414599818425734
0.4560497946347477
0.16031319398643956
0.07942578661477467
0.0003405403936524998
0.3358073512143747
0.08439326814386236
0.029271872898003863
-0.0010505101372475512
0.3943078325204563
-0.06825108053109102
-0.08556919895371518
-0.04948326908243503
0.6262092172135021
-0.0570446080054029
0.12013917095024373
0.008087558363678499
0.6956574997016768
-0.19949460037915492
-8.049116928532385e-16
-0.008087558363675876
0.6956574997016758
-0.05704460800540162
-0.12013917095024393
0.04948326908243503
0.626209217213504
-0.06825108053109286
0.08556919895371526
0.0010505101372477732
0.3943078325204562
0.08439326814386287
-0.029271872898004717
-0.00034054039365338795
0.33580735121437655
0.16031319398644012
-0.07942578661477481
-0.06414599818425609
0.45604979463474704
-0.01481022287270986
0.002164662368302317
0.1167137342197282
0.29761961267728676
0.01654178292945696
0.1650072932923134
0.23062672531014775
0.14688140176787418
0.02256141236351336
0.06007498307309778
0.2122750492507257
0.23849768730493026
-0.11762479003184234
-0.23857894753695205
0.03055116928728621
0.05927716491992646
0.07907735284541206
-0.17737584184059707
-0.015317594300185686
0.016762704334178397
0.09145314408050303
-0.10891928414963906
-0.09176861686622056
0.13384532552524814
0.1920992268308785
-0.21752878445471052
-0.03502794755729184
0.08356277412564331
-0.09203826975719309
-0.10920168629990093
-0.030602523627475904
0.07933908635745471
-0.08734693238159524
-0.26126446009907583
-0.02331804785683017
0.10387984446742567
-0.06712476201476436
0.041920258702206115
0.18726031927129544
-0.04487767937117451
-0.01611171839045228
-0.10765735580822078
-0.06321057683857888
-0.06751934850108612
0.17249431992154654
-3.608224830031759e-16
0.06321057683857616
-0.06751934850108485
-0.01611171839045411
0.10765735580821914
-0.187260319271295
-0.04487767937117529
-0.06712476201476353
-0.04192025870220631
0.023318047856830337
0.10387984446742526
-0.08734693238159563
0.261264460099075
0.03060252362747619
0.07933908635745285
-0.09203826975719132
0.10920168629990068
0.03502794755729015
0.08356277412564206
0.19209922683087888
0.21752878445470952
0.09176861686621984
0.1338453255252469
0.09145314408050353
0.1089192841496393
0.015317594300184673
0.016762704334178265
0.07907735284541162
0.17737584184059912
-0.03055116928728717
0.05927716491992727
-0.1176247900318439
0.23857894753695386
-0.32878365561083167
0.334110598996862
-0.01595604148615981
0.002001416471834834
-0.3191013934079691
0.2724597913263761
0.02688985958564538
-0.15903923982664328
-0.342700018794305
0.4100541076189069
0.03642957871393898
-0.058640950712569966
-0.2397447078847958
0.4130384982985907
-0.09664094155898922
0.035880787014943065
-0.10657414055592163
0.5562174380901038
0.00950666257181304
0.05966965724260284
-0.07656309761185846
0.46034768249773855
0.04750819042201043
0.034550017901618935
-0.10617620777781153
0.25709781296110934
-0.12846630261681294
0.06584340050310117
-0.20651267672987467
0.29915168231777484
-0.23817519036375936
0.1627766257623015
-0.09994824851845871
0.3644856183688092
-0.38194106894892477
-4.163336342344337e-16
0.09994824851845943
0.3644856183688082
-0.2381751903637585
-0.16277662576230117
0.20651267672987456
0.29915168231777556
-0.1284663026168126
-0.06584340050310039
0.10617620777781
0.25709781296110923
0.047508190422011265
-0.034550017901619434
0.0765630976118566
0.46034768249773983
0.009506662571812666
-0.059669657242604285
0.10657414055592207
0.5562174380901008
-0.09664094155898942
-0.03588078701494321
0.23974470788479477
0.41303849829859085
0.036429578713939106
0.05864095071256948
0.3427000187943061
0.41005410761890615
0.026889859585645992
0.15903923982664475
0.31910139340797
0.27245979132637554
-0.015956041486160505
-0.002001416471834397
0.32878365561083095
0.33411059899686113
0.24471381292001548
-0.3674581875492289
-0.030778651597868564
-0.03346552869706044
0.05001215197444353
-0.05496833956734937
0.06807073132347292
0.08551822691813407
0.24744244028420742
-0.01232097853902292
-0.08293015825043082
0.055845522707975236
0.2008401761432817
-0.021360664501072102
0.10316111279941904
0.1396235162672777
0.11095473758924246
-0.1189948334089422
0.014764275724701764
0.0602089819369076
-0.059894776579189415
-0.03833474629510655
-0.07009983786512558
0.008233425044191195
-0.09162054237603123
-0.005430854979341704
-0.05852692480672844
0.15081685838617456
-0.018847520775159318
0.013574356868043091
0.038350546966006815
0.1110636295206715
0.11103946522517927
-0.09629878036133407
0.0061783970426520785
0.20636739747306512
0.06763896437907989
-8.326672684688674e-17
-0.006178397042652037
0.20636739747306648
0.11103946522517819
0.09629878036133277
-0.038350546966007204
0.11106362952067225
-0.01884752077515804
-0.013574356868043633
0.05852692480672786
0.15081685838617337
-0.09162054237603195
0.0054308549793428695
0.07009983786512597
0.008233425044191833
-0.05989477657918918
0.03833474629510808
-0.014764275724702982
0.060208981936908185
0.11095473758924268
0.11899483340894351
-0.10316111279941849
0.1396235162672771
0.2008401761432813
0.02136066450107338
0.08293015825042994
0.05584552270797517
0.24744244028420737
0.01232097853902342
-0.0680707313234731
0.08551822691813453
0.05001215197444209
0.05496833956735003
0.030778651597869015
-0.03346552869706018
0.24471381292001426
0.3674581875492292
