44.44453607103024
1.9555665918570537e-15
-2.8964818622169766
3.7176180661100653
2.947397095637422
-6.662585250380544e-16
2.896481862216968
3.717618066110059
2.115230798275636
-0.4029106148023924
0.9328262675916545
0.5739415399125163
-8.843748503247188
1.0427825643344423e-15
-0.9328262675916599
0.5739415399125168
2.1152307982756393
0.40291061480239126
-1.243534205841263
-1.3274586024353643
-0.03943706576125827
-0.7711722822565101
1.5566285142226832
-1.9527337561631706
-0.27881166726202433
-1.7458212997746518e-15
-1.5566285142226874
-1.9527337561631637
-0.03943706576125472
0.7711722822565057
1.2435342058412693
-1.3274586024353652
-0.8859081651880318
0.31234159993168514
0.4455592889951323
0.3523543916209921
0.03680812734233729
0.31115811837772583
-0.7116548160683347
-0.48641616962216944
-0.7108163184110087
2.0809016480150272e-15
0.7116548160683311
-0.4864161696221705
0.03680812734233835
-0.311158118377729
-0.44555928899513514
0.35235439162099086
-0.8859081651880305
-0.3123415999316824
0.4596780141553497
-1.50016201624109
-0.07597618647057983
-0.5131881917788778
0.01510459566684963
-0.3058921078115558
-0.3098124984134037
0.3882892780245054
-0.5726751620854647
0.23909701388381763
-0.6222315890557182
-4.190106237369159e-16
0.572675162085466
0.2390970138838158
-0.3098124984134012
-0.38828927802450386
-0.01510459566684963
-0.3058921078115551
-0.07597618647057913
0.513188191778878
-0.45967801415534715
-1.5001620162410914
-0.2506501021321458
0.8374718875825824
0.1162121805312151
0.19468994076239973
0.4330510909016707
0.35776295640080635
-0.18099122634462525
0.02845514348006803
-0.7973026337596182
-0.044115821893832244
0.07394217045274112
0.09035783826267654
1.917208832632241
-2.220446049250313e-16
-0.07394217045274207
0.09035783826267783
-0.7973026337596194
0.0441158218938317
0.18099122634462358
0.028455143480070243
0.4330510909016694
-0.35776295640080513
-0.11621218053121567
0.19468994076240026
-0.25065010213214683
-0.8374718875825838
0.2813014270873208
-0.08962826812360036
0.02462850819904608
-0.10753999963019509
-0.18134502144747633
-0.02037829551317774
-0.12523827178943764
0.07873453746055274
0.08475058246805124
0.4965257629696731
0.3769864842315035
0.10488480483048432
0.22231342520018615
0.7233459924702457
0.6024801146472378
9.71445146547012e-17
-0.22231342520018502
0.7233459924702463
0.3769864842315034
-0.10488480483048489
-0.084750582468051
0.4965257629696742
-0.1252382717894364
-0.07873453746055153
0.18134502144747616
-0.020378295513177686
0.024628508199046655
0.1075399996301938
-0.2813014270873214
-0.08962826812359961
-0.155672327124465
0.39337331336350867
-0.11396819600406087
0.23618733363886463
-0.1471843763554998
0.04520852828523059
0.10488942638116489
0.14309538880243966
-0.029294376405891803
0.01007997906247829
0.04376544373432862
-0.17949316409368737
0.4436486340377054
-0.24492728519742782
0.15733488918331323
0.13627877017694698
-0.7439696719866211
-1.8596235662471372e-15
-0.1573348891833141
0.13627877017694667
0.44364863403770427
0.24492728519742518
-0.04376544373432878
-0.17949316409368643
-0.029294376405894273
-0.010079979062478324
-0.10488942638116444
0.14309538880243974
-0.14718437635549997
-0.04520852828522978
0.11396819600405991
0.2361873336388643
-0.15567232712446366
-0.3933733133635098
-0.1403149015707087
0.33358979675016187
-0.027544223569761023
0.1276854111427717
0.018421874096823526
0.17324938360822703
-0.03076124407107242
-0.13067533764921557
0.024846882126499353
0.14685250092828556
0.046466732081626355
0.08678397969362409
0.14482660197364317
-0.028502138695168655
-0.03347135471015983
-0.20714622108486047
-0.12062292216337522
-0.731441733332694
-0.5179527389350767
1.1102230246251565e-16
0.12062292216337414
-0.7314417333326938
-0.0334713547101596
0.20714622108486058
-0.14482660197364428
-0.02850213869517046
0.046466732081626404
-0.08678397969362542
-0.024846882126500297
0.14685250092828558
-0.030761244071071045
0.13067533764921663
-0.018421874096823776
0.17324938360822592
-0.027544223569760107
-0.1276854111427702
0.14031490157070747
0.33358979675016187
-0.0790178464454829
-0.19077369187810303
-0.04160578587442887
0.07298121750702716
-0.009313881190595064
0.038093786085756975
0.06434763397198173
0.060824505125797124
0.12367325934208764
-0.048826635869657437
-0.04035169517391923
-0.05413787376022415
-0.07629748497772926
-0.3296321604928274
-0.03146007985336555
0.014106500230409075
0.03439825171833667
0.29902649437609313
0.006222726319303623
-0.06786392502206778
-0.08740147689051175
-8.049116928532385e-16
-0.006222726319303096
-0.0678639250220682
0.03439825171833631
-0.29902649437609224
0.03146007985336437
0.014106500230407992
-0.0762974849777302
0.329632160492828
0.04035169517391882
-0.054137873760224775
0.12367325934208784
0.04882663586965763
-0.06434763397198108
0.06082450512579696
-0.009313881190594397
-0.0380937860857567
0.04160578587442906
0.07298121750702675
-0.07901784644548354
0.1907736918781045
-0.009124323862286232
0.11512057380689539
-0.15173737027845605
0.022070547069294677
-0.041031021520837985
0.0773575451413562
0.006671445957857083
-0.025691514728483494
-0.05349124067943893
-0.13356334432291767
-0.0883982801063213
-0.07756101696461437
-0.0006103714339389665
-0.08776054728679338
0.05240161777977616
-0.024223808984912415
-0.14758392326770903
-0.24887654704722378
-0.265647652165076
0.054349284905113704
-0.05544760083005973
0.2510301735831944
0.36091915581409606
8.326672684688674e-16
0.05544760083006085
0.25103017358319535
-0.26564765216507547
-0.05434928490511354
0.14758392326770892
-0.24887654704722342
0.052401617779777074
0.02422380898491247
0.0006103714339385849
-0.08776054728679283
-0.08839828010632102
0.07756101696461469
0.05349124067943893
-0.13356334432291783
0.0066714459578567226
0.025691514728483217
0.04103102152083776
0.07735754514135641
-0.15173737027845569
-0.022070547069294788
0.009124323862287342
0.11512057380689496
0.1653202836830457
-0.17903087246688273
0.06646043921152402
0.028603863334773494
0.057010484735910624
0.01953464060948356
0.07126879423372054
-0.0715542063658664
0.15313476710673707
-0.11967220396704506
0.005570782131430675
0.020664038545222144
0.05347578348910426
0.026267878562110006
0.009313783998289023
-0.0803592093626643
-0.007798274603503647
0.18606585946622212
-0.07285950162584176
0.11948084047239044
-0.10729848755943594
-0.134515197714843
-0.02785458650742484
-0.0520159923041186
0.17411175701044523
-6.38378239159465e-16
0.027854586507424894
-0.05201599230411913
-0.10729848755943538
0.13451519771484285
0.07285950162584201
0.11948084047239069
-0.007798274603503519
-0.18606585946622214
-0.00931378399828972
-0.08035920936266475
0.053475783489104645
-0.02626787856210984
-0.005570782131430391
0.02066403854522235
0.1531347671067358
0.1196722039670448
-0.0712687942337219
-0.07155420636586657
0.05701048473591057
-0.01953464060948333
-0.06646043921152427
0.028603863334773313
0.16532028368304472
0.17903087246688237
0.04598339161167722
-0.11390319783457373
-0.07941021376638435
-0.12172950317299897
-0.12131473623054488
-0.05067453060921692
-0.1802422292333249
-0.0070446911253513045
-0.06292504812620613
-0.14019725377375974
0.015453138935900251
-0.0872888254366341
-0.04742897275371791
-0.043324440012811306
0.06806229345720767
0.14411731378163306
-0.03543853422959828
0.09529194036828445
0.01937643968491086
0.014476236508377621
0.040552557738495365
0.1529659496509716
0.221888931416091
0.005277425189803356
0.1303687065843699
0.12103121024983365
0.03145592055741164
5.551115123125783e-16
-0.13036870658436972
0.12103121024983426
0.22188893141609212
-0.005277425189802704
-0.040552557738495754
0.1529659496509712
0.01937643968491065
-0.014476236508377621
0.03543853422959799
0.0952919403682844
0.06806229345720818
-0.1441173137816331
0.047428972753717366
-0.043324440012811626
0.0154531389358993
0.08728882543663466
0.06292504812620697
-0.14019725377375947
-0.18024222923332506
0.007044691125351624
0.121314736230544
-0.05067453060921702
-0.07941021376638496
0.12172950317299848
-0.04598339161167736
-0.11390319783457281
0.12386210248078297
0.09862940910563027
0.07192732960678483
0.01716791781233365
0.10493637486629118
-0.05488712222863933
0.1289816132028915
0.04343231632527081
0.1148410277079024
0.01581850128541093
0.0516624619533744
-0.012968987152112171
-0.04498973949287678
0.12345056310641037
-0.03013332926895295
-0.012231455736614605
-0.08645332611922726
-0.019162059014406894
-0.08496652970039541
0.009354989328787394
-0.004145355645898519
0.046839798522266066
0.2072068211443362
-0.05162524032273269
0.009891209032974121
-0.010302512026176436
-0.19656061629061117
0.03645340250228857
-0.1226700072187265
-7.771561172376096e-16
0.1965606162906105
0.03645340250228829
0.009891209032974607
0.010302512026176436
-0.20720682114433608
-0.05162524032273336
-0.0041453556458981855
-0.046839798522266454
0.0849665297003952
0.00935498932878795
-0.08645332611922665
0.019162059014407304
0.030133329268952812
-0.01223145573661491
-0.044989739492876116
-0.123450563106411
-0.0516624619533744
-0.012968987152112477
0.11484102770790233
-0.015818501285411374
-0.12898161320289145
0.043432316325271635
0.10493637486629237
0.05488712222863923
-0.07192732960678536
0.017167917812332956
0.12386210248078272
-0.09862940910562945
-0.1923572864688053
-0.18880449599295324
-0.05003402213163671
-0.07959750967490835
-0.07022824362175659
-0.1085685740764454
-0.07974590578446009
-0.10904790353905137
-0.11484236196900738
-0.01860905374009081
0.008867573561264719
0.034857648732621316
-0.017165796382525564
0.01844371643045234
-0.012631664364605028
0.03246130432488059
0.0378195758943804
0.06755536728023864
0.01475899981282286
0.005712631722246689
0.12197615193749581
-0.020532480667829922
-0.09345637138648402
-0.0720275796608115
-0.08725321358844931
-0.013021517983750688
-0.05583701231286897
0.06493524551563248
0.04455252077306289
-0.1616601264102247
-0.36292312639268576
3.608224830031759e-16
-0.044552520773062605
-0.16166012641022376
-0.055837012312869305
-0.06493524551563279
0.08725321358844973
-0.013021517983750786
-0.09345637138648395
0.07202757966081183
-0.12197615193749566
-0.020532480667829606
0.014758999812823248
-0.005712631722245981
-0.03781957589438051
0.06755536728023874
-0.012631664364604694
-0.03246130432488009
0.017165796382524856
0.0184437164304527
0.008867573561264636
-0.03485764873262093
0.11484236196900693
-0.018609053740091197
-0.07974590578446034
0.10904790353905133
0.07022824362175734
-0.10856857407644566
-0.05003402213163735
0.07959750967490903
0.19235728646880512
-0.18880449599295324
0.006656921100152938
0.1104750708664286
0.05384448900198868
-0.011337889426124306
0.0077626500374125
-0.028512214810048536
0.015945204550720647
0.02946840644330863
0.06620656621706625
0.08688703587742558
0.06034813904260605
0.0012568811071658192
-0.044240218596456146
0.003260760128097305
-0.06639905843123176
0.055955249676611335
-0.05043551369292822
0.027928547294067692
0.06113103993799267
-0.043180804338820974
-0.0036630838907596164
-0.0455899427398887
0.059345269093451364
0.08796529504773162
0.10866503465935434
-0.034686188857992684
-0.16314757196194135
-0.042361092214126206
-0.0024107716356921646
0.0021899385150038198
0.30193557531899967
0.035119550911619724
0.20294300243370497
5.273559366969494e-16
-0.30193557531900095
0.035119550911620556
-0.0024107716356919218
-0.0021899385150036116
0.16314757196194143
-0.042361092214125706
0.10866503465935362
0.034686188857992406
-0.05934526909345195
0.08796529504773144
-0.0036630838907590335
0.04558994273988867
-0.06113103993799206
-0.04318080433882093
-0.050435513692928244
-0.027928547294067768
0.06639905843123173
0.055955249676611224
-0.04424021859645577
-0.0032607601280972218
-0.06034813904260686
0.0012568811071660968
0.06620656621706593
-0.08688703587742497
-0.01594520455072032
0.02946840644330928
0.007762650037412916
0.028512214810049112
-0.05384448900198924
-0.011337889426124848
0.0066569211001520565
-0.11047507086642917
-0.18910745211659966
-0.1228084514723467
0.004028744953443686
-0.0713094262478356
0.003301602987908034
-0.020836061119543947
0.031235504960743454
-0.018274441195613722
-0.10441592432542414
-0.03928369167108592
-0.03080592215748955
0.04895962060984926
0.004271491317449416
0.06326372015391714
0.011134403345190197
0.005026333345943518
0.11725078355980807
-0.009832982252456435
-0.02793552003260885
-0.011410334168618655
-0.010205890722914307
0.05252557345181297
-0.010962052539843503
-0.062474988343000935
0.006935026595835642
-0.1392097717864056
-0.1226584372648884
0.0522581770049491
0.09839171833963006
-0.0026985961471889044
0.16519815369867044
-0.026181826714337775
-0.22886944227323738
0.020582094361764253
0.2480444271958713
5.551115123125783e-17
0.22886944227323855
0.02058209436176428
0.1651981536986697
0.02618182671433744
-0.09839171833963062
-0.0026985961471889808
-0.12265843726488823
-0.05225817700494939
-0.006935026595835031
-0.1392097717864057
-0.010962052539843448
0.06247498834300054
0.010205890722914467
0.052525573451812746
-0.02793552003260852
0.011410334168618474
-0.11725078355980816
-0.00983298225245673
0.011134403345189836
-0.00502633334594367
-0.004271491317449597
0.06326372015391668
-0.03080592215749056
-0.04895962060984961
0.10441592432542465
-0.03928369167108566
0.031235504960743843
0.018274441195614333
-0.0033016029879075065
-0.020836061119544558
0.004028744953443651
0.07130942624783604
0.18910745211659993
-0.12280845147234692
0.025508293731355408
0.07153921373098981
0.010299441320306302
0.04334301791019775
0.05420077289518106
-0.02318690668331487
0.01775820248709392
-0.01649458222777008
0.02841554816700332
0.033072196453207234
0.018127489534204483
0.0015368271211418927
0.04343390961063954
-0.0018863417148834855
0.015146520493939913
0.014394826852541481
-0.05961046432290998
-0.01305287127335919
-0.014402475044785562
0.03360063862963701
0.0702561764617619
-0.10235933896167841
-0.06899139427245608
-0.023644540009453596
0.02768894150235049
0.09722324886773173
0.08894473753309486
-0.0014293982868760838
0.03501184350888625
-0.06431803842192857
0.023497015964546022
-0.10012231359269189
0.024762652824264153
-0.02008260926670434
-0.21183916528213584
-0.12382571877473894
-0.2327250815398493
-2.0816681711721685e-17
0.2118391652821351
-0.12382571877473897
0.02476265282426371
0.020082609266705027
-0.023497015964546022
-0.1001223135926916
0.03501184350888559
0.06431803842192882
-0.08894473753309513
-0.0014293982868761324
0.027688941502350878
-0.09722324886773093
0.06899139427245635
-0.023644540009453707
0.07025617646176155
0.10235933896167829
0.01440247504478559
0.033600638629636886
-0.059610464322909604
0.013052871273359135
-0.015146520493940163
0.014394826852541898
0.04343390961064023
0.0018863417148834508
-0.018127489534204178
0.001536827121141754
0.028415548167003826
-0.033072196453207164
-0.017758202487094046
-0.016494582227769748
0.054200772895181326
0.02318690668331415
-0.010299441320305913
0.043343017910197956
0.025508293731354936
-0.07153921373098968
