61.78102775666525
-5.71881830818136e-16
2.5977432399754186
-4.066717136539539
-3.820118309522285
1.8689161995331082e-15
-2.5977432399753893
-4.066717136539525
3.872589713872987
-1.1230839671247883
0.07373410068214564
1.114615116333474
-1.1720425210753271
-1.338436281515709e-15
-0.07373410068215391
1.1146151163334732
3.8725897138729763
1.1230839671247876
1.7954132174821686
0.42309708140398083
-0.09493334409360776
0.7131491679214287
1.009797409188932
0.3281453259896116
-0.990856193427329
6.335113224872389e-16
-1.0097974091889403
0.32814532598961244
-0.09493334409360397
-0.7131491679214288
-1.795413217482175
0.4230970814039828
-2.2628235174714293
-0.1242920757960042
0.40800842662135006
1.2584637304178004
1.4365341817774122
0.029037714337571376
0.5396999974919563
0.11735586802690447
-5.164144075741797
-6.093401658099295e-16
-0.5396999974919516
0.1173558680269052
1.4365341817774118
-0.02903771433757098
-0.4080084266213463
1.2584637304177924
-2.2628235174714173
0.12429207579600812
0.0950332181788675
0.8894260261084345
-0.25208632077848253
0.9836419815501437
0.4856673785452703
0.0710988095494586
0.13564516795956166
0.22946991056042876
-0.4119048049102244
1.1821078347815084
0.6791637346355958
2.1098048327645603e-15
0.4119048049102233
1.18210783478151
0.1356451679595597
-0.2294699105604278
-0.4856673785452728
0.07109880954945613
-0.25208632077848225
-0.9836419815501429
-0.09503321817886634
0.8894260261084346
-0.7571226942417577
0.5030000064652617
0.09066949642996458
-0.21226295586768568
-0.08928746302203977
-0.40371168491810155
0.12870119264741742
0.00900612473374196
-0.48036812152460195
0.22548005054774076
-0.0112702868177679
-0.7367218451040229
0.27715691619622257
-1.8041124150158794e-16
0.011270286817767705
-0.7367218451040234
-0.4803681215246037
-0.22548005054774053
-0.12870119264741747
0.009006124733743515
-0.08928746302204127
0.4037116849181002
-0.09066949642996514
-0.21226295586768512
-0.7571226942417564
-0.5030000064652606
-0.8289159213668583
-0.23308562642998149
0.3925040004514234
0.18275154995632326
-0.07567790379588699
0.03065283173104122
0.3927322007373372
0.1956474468488093
0.10457876018250194
0.13496588424888828
0.2255944706772781
-0.09153107320642767
-0.47830815380269603
-0.3764467929480816
0.23668287766789342
0.0
0.47830815380269476
-0.3764467929480816
0.22559447067727934
0.09153107320642653
-0.10457876018250356
0.1349658842488876
0.3927322007373377
-0.19564744684880983
0.07567790379588635
0.03065283173104172
0.3925040004514247
-0.18275154995632367
0.8289159213668557
-0.2330856264299802
0.6889496361185801
-0.2903596286297373
0.039138322663396063
0.025001297629879543
-0.35664644317540106
-0.2248303948053204
-0.04691424977023578
-0.17733846650467985
0.32217463247314587
0.10110104184153272
-0.07425296943158596
-0.276198674404738
-0.24552812526953405
-0.22305282206297933
-0.38125136049303654
-0.02553395068884437
0.9095424870190886
6.38378239159465e-16
0.38125136049303693
-0.025533950688844648
-0.24552812526953438
0.22305282206297933
0.07425296943158721
-0.276198674404739
0.3221746324731456
-0.10110104184153285
0.046914249770235394
-0.17733846650467794
-0.3566464431754012
0.22483039480531997
-0.03913832266339701
0.025001297629880848
0.6889496361185787
0.290359628629737
0.17339171902522482
-0.27588946296136185
-0.06933802514494192
-0.124720922414993
-0.21954379914994004
-0.16232871162408857
0.08809130054812409
-0.03112785666747231
0.030416078177881584
-0.25117576673361575
0.15521932968178087
-0.19052977614185135
-0.027986279502298372
-0.2935396725513234
-0.0884088162573416
-0.2602355406427641
-0.02910543420238032
-0.25917395562260015
-0.4510562718316829
2.248201624865942e-15
0.02910543420238043
-0.25917395562260037
-0.08840881625734054
0.26023554064276483
0.027986279502298372
-0.2935396725513242
0.15521932968177887
0.19052977614185165
-0.0304160781778815
-0.2511757667336153
0.08809130054812381
0.031127856667472753
0.21954379914994
-0.1623287116240879
-0.06933802514494261
0.12472092241499227
-0.17339171902522574
-0.27588946296136274
0.03432061180735167
-0.11360615026953563
-0.208948863228886
-0.07397236853465922
0.0780886695206211
-0.10908501046469352
-0.14559248351970294
-0.045891507846564816
-0.05090947119155442
-0.09924543548516951
-0.12896609466791684
0.12916148486926637
-0.02900924650452036
-0.15153792439887034
0.03088400283072002
0.07170052112928449
-0.004787512058743851
0.13204991162317142
0.00620788989960841
0.33407348726618896
-0.17518825724886133
7.771561172376096e-16
-0.006207889899608077
0.33407348726618796
-0.004787512058744836
-0.13204991162317092
-0.030884002830719626
0.07170052112928355
-0.029009246504519914
0.15153792439886957
0.12896609466791714
0.12916148486926637
-0.05090947119155409
0.09924543548517073
0.1455924835197035
-0.045891507846564816
0.07808866952061991
0.10908501046469293
0.20894886322888642
-0.07397236853465912
0.034320611807350104
0.11360615026953491
0.13742491652330716
-0.30356155643037286
-0.13300494793939438
-0.22815574652227882
0.11193658569576087
-0.2546111200579977
-0.15170450363727384
-0.13281073656820458
0.04918562008885302
-0.2656347935641281
-0.12483999317857358
-0.23893004587814343
-0.10665652487252456
-0.3072298763696859
-0.42602172290054563
0.038219507641465256
0.02271231193438955
-0.05736206795076643
0.10063133804023458
0.019266670136187297
0.08475632616989476
0.03215139084288671
0.01116575318669566
9.992007221626409e-16
-0.08475632616989437
0.03215139084288679
0.10063133804023444
-0.019266670136187145
-0.022712311934390272
-0.057362067950766135
-0.42602172290054546
-0.03821950764146456
0.10665652487252429
-0.30722987636968496
-0.12483999317857403
0.23893004587814304
-0.04918562008885291
-0.26563479356412834
-0.15170450363727428
0.1328107365682047
-0.11193658569576073
-0.25461112005799685
-0.13300494793939477
0.22815574652227893
-0.13742491652330735
-0.3035615564303722
-0.10847992721942026
-0.24400200170954384
-0.10404187988816449
0.11602392831403983
0.14637570089751545
0.018049627501138227
-0.10006810666618421
0.12340552162224055
0.002380132616170677
-0.18567310728965797
-0.09591391742287586
-0.02143575283353838
0.12075593620414606
-0.09550259898628513
-0.04414550642119712
0.1248342858980581
0.037683770463949995
-0.041163763869809536
-0.028233255249814238
0.1216013464347073
0.12967558713177751
-0.007043939940398897
0.14812579013128754
0.09180443441686303
-0.0632950090865077
7.771561172376096e-16
-0.14812579013128685
0.09180443441686306
0.12967558713177843
0.00704393994039873
0.028233255249814515
0.12160134643470649
0.03768377046395027
0.041163763869809133
0.0441455064211967
0.12483428589805844
0.12075593620414618
0.09550259898628556
0.09591391742287575
-0.021435752833537713
0.002380132616170219
0.18567310728965936
0.10006810666618386
0.1234055216222405
0.14637570089751611
-0.018049627501139254
0.10404187988816349
0.1160239283140389
-0.10847992721941971
0.24400200170954334
0.09801933720472572
0.06039044635471391
-0.23798471669191404
0.05824592882832852
0.1397129627729844
-0.23069702066070452
-0.16513203661952444
-0.03676345183027645
0.009789152217871938
-0.10424164326780438
-0.18681440145826594
-0.024632485424607928
0.11813402113911169
0.0006550658390518105
-0.18285482090057037
0.06310474732888446
-0.02580956661806163
0.14525555025570486
0.028592533377411744
0.009535387408060314
0.1582551664413927
0.17448588998550602
-0.08832180607296176
0.1701940345716489
-0.11114972968816941
0.12767192001715516
0.2845042542474508
1.8041124150158794e-16
0.1111497296881695
0.1276719200171549
-0.08832180607296211
-0.1701940345716486
-0.15825516644139237
0.17448588998550582
0.028592533377412133
-0.009535387408060009
0.02580956661806222
0.14525555025570558
-0.18285482090057112
-0.06310474732888559
-0.1181340211391109
0.0006550658390519076
-0.1868144014582651
0.02463248542460683
-0.009789152217872653
-0.10424164326780425
-0.16513203661952372
0.036763451830276
-0.13971296277298584
-0.23069702066070374
-0.23798471669191473
-0.05824592882832813
-0.09801933720472553
0.060390446354712746
0.02183933163505447
0.05696597641070669
-0.07496619179422215
0.061268401009742623
0.1496979387597877
-0.13342430029921654
-0.07887709708673263
0.11307037124755687
-0.0007289567867942992
-0.06073215260382056
-0.0337762249015372
0.020418005540380813
0.021522537562809196
0.003362351184034669
-0.06700178667822712
0.0009164220169637083
-0.012764685105724843
-0.03163424353500899
-0.06116621027994312
-0.07763168280433003
-0.0009869779388772815
0.12274325342753095
0.06893060154528244
-0.029259901657667703
-0.027963706077370754
-0.00876924557563974
-0.11616370838171958
-0.2025409667849388
0.09795559354332684
-5.551115123125783e-17
0.1161637083817195
-0.20254096678493883
-0.02796370607737092
0.008769245575638393
-0.06893060154528298
-0.029259901657668175
-0.000986977938876421
-0.12274325342753162
0.06116621027994224
-0.07763168280432908
-0.01276468510572485
0.031634243535008516
0.06700178667822645
0.0009164220169633752
0.021522537562809904
-0.003362351184035259
0.033776224901537366
0.02041800554038045
-0.0007289567867941882
0.06073215260382048
0.0788770970867333
0.11307037124755745
0.14969793875978582
0.13342430029921534
0.07496619179422237
0.061268401009742374
0.0218393316350545
-0.05696597641070661
-0.04535595625076555
0.11203404882579598
-0.05892869044132085
0.12416849733579788
0.10468907482399543
-0.020181455916521818
-0.14339770524852163
0.07005563168290009
-0.03841150384871589
-0.07900637729186143
-0.09657354637383966
0.10654153888885545
0.019032854142314343
0.017820611906689293
0.04640575731982072
0.11224313959764592
0.030814316709617373
0.060533800641724755
-0.05054877753246399
0.04238234768426005
0.012940585899086032
-0.0007899274007242552
0.1823129895703176
0.05938507353494762
-0.08005810618143472
0.05735939068848417
-0.11463930828916674
-0.10959775459444634
-0.06590357738683061
0.00539525217347353
-0.17987898102698918
5.828670879282072e-16
0.06590357738683228
0.00539525217347353
-0.11463930828916721
0.1095977545944465
0.0800581061814356
0.057359390688483794
0.18231298957031733
-0.059385073534948346
-0.01294058589908631
-0.0007899274007250878
-0.05054877753246455
-0.04238234768426022
-0.030814316709616582
0.06053380064172529
0.04640575731982058
-0.11224313959764573
-0.01903285414231426
0.01782061190668821
-0.09657354637383955
-0.10654153888885556
0.03841150384871628
-0.0790063772918615
-0.14339770524852313
-0.07005563168289966
-0.10468907482399503
-0.020181455916520902
-0.058928690441320486
-0.12416849733579885
0.04535595625076583
0.11203404882579754
0.14056750611065338
0.23573067525856306
-0.023142554645675634
0.035735016761530264
0.07907810919193031
-0.04342848639359259
-0.024894159738971
0.015688580783358635
0.08210529629278088
-0.059124390089220866
-0.05520667610317584
-0.01821811457510583
-0.007494194684081912
-0.03423778861792676
-0.06548660237347396
0.043209736031402435
0.12090984120483855
0.07318479790075051
0.041381094017822195
-0.008079944736329503
-0.08532216806798734
0.05262735103079481
-0.09518181017838566
-0.0320911878480441
0.1827880679488476
0.02361677869780536
0.17677181102486755
-0.22775443756174713
-0.25669450452753606
-0.02770260353316184
-0.18700886752510695
-0.028124331422151677
0.18343867779408965
7.771561172376096e-16
0.18700886752510715
-0.028124331422150803
-0.2566945045275356
0.027702603533161063
-0.1767718110248675
-0.22775443756174685
0.1827880679488462
-0.023616778697805346
0.09518181017838592
-0.032091187848043407
-0.0853221680679868
-0.052627351030794634
-0.041381094017821654
-0.008079944736329586
0.12090984120483816
-0.0731847979007506
0.06548660237347387
0.043209736031401935
-0.007494194684081773
0.03423778861792695
0.05520667610317562
-0.018218114575105526
0.08210529629278072
0.059124390089220616
0.024894159738971883
0.015688580783358885
0.07907810919193067
0.043428486393592425
0.023142554645675273
0.0357350167615304
0.14056750611065205
-0.23573067525856228
-0.0868633152150885
0.09673314050694548
0.038037927780576894
0.011160280345380913
-0.010764591306369808
0.07884092308717802
-0.05171204461406945
0.11843983411482505
0.055042551954353244
0.06079870815128274
0.007092314187462423
0.08167962813416418
-0.017329551127188952
0.07456824806025271
-0.03423578500047306
0.058356072326730346
0.04800516840208441
0.04056908111494634
0.03560469233897158
0.08272602946690735
-0.07329850215760136
0.07432132622517501
0.03552821869610889
-0.03200500327154268
0.009757470696782289
0.07587311275632651
-0.03564314384404649
-0.08327309682308531
-0.072419977956997
-0.04071219382713759
0.04359048151005704
0.011062431857251573
0.11008292106115752
-0.014474731444162892
0.006269267790259686
3.885780586188048e-16
-0.1100829210611572
-0.01447473144416253
0.04359048151005704
-0.011062431857250893
0.07241997795699703
-0.040712193827138476
-0.035643143844044975
0.0832730968230859
-0.009757470696781831
0.07587311275632679
0.03552821869610928
0.03200500327154204
0.07329850215760164
0.07432132622517545
0.03560469233897163
-0.08272602946690788
-0.04800516840208424
0.04056908111494725
-0.034235785000471974
-0.058356072326730596
0.017329551127189202
0.074568248060253
0.0070923141874629225
-0.0816796281341649
-0.0550425519543524
0.060798708151281855
-0.05171204461406889
-0.11843983411482403
0.010764591306369559
0.07884092308717844
0.03803792778057728
-0.011160280345381024
0.08686331521508983
0.09673314050694415
-0.08489017351846043
-0.006225323322487264
-0.019985269435305375
-0.006292701845996396
0.024850407715018757
0.1227958863470403
-0.05794166878207985
0.008258324395754413
0.03173863279289042
0.022595779467925625
-0.06820360842040069
-0.008078681451223202
0.034319387259575646
0.056926459888183345
-0.0371208214061855
0.010618681562892224
-0.026871515046308192
0.056113400933432825
0.001251347219237725
0.06129108507657492
0.07109056368717397
0.14255280311925608
0.0692889983999106
-0.01727441459622242
-0.05458572390285381
-0.03243524658036062
0.03375606120879324
-0.010962229230293108
-0.05107432382301141
-0.011628438031797042
-0.10013919067010134
0.14482136024238207
-0.061840010960782094
-0.014690809747238437
0.13547550810093215
0.14203333757161962
-0.015018003104865563
1.1102230246251565e-16
-0.13547550810093123
0.1420333375716205
-0.061840010960781594
0.014690809747238243
0.10013919067010169
0.14482136024238232
-0.051074323823011275
0.011628438031797084
-0.03375606120879274
-0.01096222923029258
-0.0545857239028531
0.03243524658036029
-0.06928899839991023
-0.017274414596223156
0.07109056368717381
-0.1425528031192556
-0.0012513472192385022
0.061291085076574325
-0.026871515046308025
-0.056113400933432867
0.037120821406184445
0.01061868156289296
0.03431938725957573
-0.05692645988818268
0.0682036084204003
-0.008078681451222883
0.031738632792889784
-0.022595779467925806
0.05794166878207972
0.008258324395753282
0.02485040771501814
-0.12279588634704192
0.01998526943530579
-0.00629270184599709
-0.08489017351845912
0.006225323322488041
