46.30063824696144
5.572500950483106e-15
-8.599911567409663
0.7859735625289748
8.446936209712671
2.4276333071245e-15
8.599911567409702
0.7859735625289631
-5.3165150978397335
0.9663476947904553
-2.566469003924111
0.6510782584153337
-8.475471577443129
1.919505165632894e-17
2.5664690039241034
0.6510782584153321
-5.3165150978397415
-0.9663476947904506
0.1587200516263597
-0.4204632691067003
-0.8456887486050564
0.8852162125164246
2.69671638612656
1.7064591291332736
-2.303233602921431
-1.8286995249291193e-15
-2.6967163861265577
1.706459129133274
-0.8456887486050546
-0.8852162125164257
-0.15872005162635494
-0.4204632691066981
1.077601137250904
-0.09605941532097757
-0.733875769501775
-0.45153212357281325
0.7766015649561789
-0.34284549557672567
0.9817764333302839
0.5290939106498328
-0.05443696846426835
-3.5755028532291194e-16
-0.9817764333302804
0.5290939106498328
0.7766015649561838
0.34284549557672617
0.7338757695017705
-0.45153212357281536
1.0776011372509
0.09605941532098212
0.5055631817426492
-0.11391872928548667
0.39056136622228166
-0.0006858809771011794
-1.0919967500677248
-0.4191326844112598
-0.5328203944120321
-0.5587110907298071
0.18666191065622473
-0.4805594426992944
-0.5191492554852468
1.9146714630323227e-15
-0.18666191065621873
-0.48055944269929635
-0.5328203944120335
0.5587110907298071
1.0919967500677308
-0.41913268441125795
0.3905613662222751
0.0006858809771016217
-0.5055631817426582
-0.11391872928548727
0.14001467067480622
-0.561094238365029
-0.1161313032423208
-0.49093831641888075
-0.21205946540446907
0.03017213868231927
0.17554546540384153
-0.24544864692076726
-0.22722244391136204
0.042928465415336896
0.328583434588212
-0.2593054553391926
0.6518285609313073
7.008282842946301e-16
-0.3285834345882113
-0.2593054553391938
-0.22722244391136326
-0.04292846541533743
-0.1755454654038442
-0.24544864692076673
-0.21205946540446968
-0.030172138682318883
0.11613130324232315
-0.4909383164188784
0.140014670674808
0.5610942383650288
-0.49830084518679973
0.09808911617464802
0.3836100030155899
-0.27595646320453343
0.08243936748067071
-0.260176819987398
-0.09478960825024046
0.02230728855775696
0.5804352228293065
0.09629883802555789
0.7249009228449234
0.11853892002786737
-0.6776197063467044
0.0509927611602022
0.7260242510364947
-2.3800406090401793e-15
0.6776197063467031
0.05099276116020233
0.7249009228449219
-0.11853892002786517
-0.5804352228293059
0.09629883802555723
-0.09478960825023855
-0.022307288557755323
-0.08243936748067276
-0.2601768199873964
0.38361000301559084
0.2759564632045325
0.49830084518679846
0.09808911617464532
-0.12890960390009973
0.4703956157645111
0.0847115741043023
0.1891147213078212
0.31050353299004446
-0.010842118112256785
0.20842579200126166
0.1795572459917619
-0.4823751225791403
-0.24363668756163576
-0.2566917679653425
0.04620844043329564
0.20695236856776267
0.08535390205366195
-0.4285464837506153
-0.007612159882208869
-1.0368232871125744
7.077671781985373e-16
0.4285464837506155
-0.007612159882209313
0.20695236856776217
-0.08535390205366122
0.256691767965344
0.046208440433297804
-0.48237512257914006
0.2436366875616362
-0.20842579200126168
0.17955724599175998
0.31050353299004296
0.010842118112257451
-0.08471157410430291
0.18911472130782023
-0.12890960390010003
-0.47039561576451
0.543803577921503
-0.035771447276290835
-0.04372598164562369
0.18590544618077387
0.1839455755421681
0.17518377420234854
0.0789153944644489
-0.11412484095879358
0.0576144018255112
0.19925770205842547
-0.24533585272342018
-0.138416839495058
-0.22519183798145742
-0.03321200346584503
-0.11302515622457143
0.03276321401074905
0.5964603232797783
0.1834513650768697
-0.7016850507045035
1.6583956430338276e-15
-0.596460323279779
0.18345136507686952
-0.11302515622457104
-0.03276321401075233
0.22519183798145812
-0.03321200346584405
-0.245335852723421
0.13841683949505634
-0.05761440182551164
0.19925770205842544
0.0789153944644495
0.11412484095879477
-0.18394557554216667
0.17518377420234987
-0.04372598164562208
-0.18590544618077207
-0.5438035779215011
-0.03577144727629178
0.045638955195798
0.007172117065790379
0.1266398564239672
0.22861142800978093
-0.15188654343904848
-0.138314858325154
-0.08834197920539397
0.06144569442057152
0.051266524044933814
-0.0836445407788318
-0.02038801462933544
0.009384982042965617
0.209055833187336
0.11562065493046766
0.21443316410640678
0.09219471837148933
-0.11458162573746206
-0.10969935642061335
0.3586995405868053
0.39653361881614296
0.732680256366832
9.71445146547012e-17
-0.3586995405868042
0.39653361881613947
-0.11458162573746178
0.10969935642061382
-0.21443316410640564
0.09219471837148947
0.2090558331873351
-0.11562065493046754
0.020388014629335816
0.009384982042967976
0.051266524044932385
0.08364454077883163
0.08834197920539252
0.061445694420569186
-0.1518865434390484
0.13831485832515494
-0.1266398564239651
0.22861142800978018
0.04563895519579683
-0.00717211706578947
-0.40633651040375635
0.11144715472700845
-0.11512066875741578
-0.18925621071972487
0.007817135100513933
0.22125906788117675
-0.025084939717279736
-0.05017285365541585
0.07298147251545453
-0.019826363609827924
0.18125287389023592
0.0637616728096996
-0.05188506999995341
-0.115234577771755
0.19499800140815252
0.01965681637509953
-0.026061080751776905
0.059033769225022376
-0.11996103712329864
-0.03362359224953064
-0.27044537584278894
-0.020716037233685244
0.3716029427375094
7.771561172376096e-16
0.27044537584278916
-0.0207160372336855
-0.11996103712329884
0.033623592249528295
0.026061080751776267
0.0590337692250234
0.19499800140815376
-0.019656816375097697
0.0518850699999544
-0.1152345777717553
0.18125287389023675
-0.06376167280969988
-0.07298147251545317
-0.019826363609826647
-0.025084939717280264
0.050172853655417016
-0.007817135100513406
0.22125906788117633
-0.115120668757416
0.18925621071972581
0.4063365104037559
0.1114471547270075
-0.10196246426899305
-0.4720294653258903
-0.08537745284843679
0.15905036226973346
-0.009927186348668515
-0.06974179927337984
0.04781516368896788
0.026057239369102037
0.033840508887738596
0.05614661064188503
0.10178741158434768
-0.04254850379115854
-0.05650520332961395
-0.006099544213843143
-0.03519154761390292
0.04005158089141703
-0.04875014174104145
0.04055001699531975
-0.15590535759474955
0.007711532029237689
-0.18676042054797204
0.15247945465389667
-0.19893177281029495
-0.24362217567544592
-0.4801379563033543
-1.3739009929736312e-15
0.198931772810298
-0.24362217567544803
-0.18676042054797354
-0.15247945465389506
0.15590535759474927
0.0077115320292386325
-0.04875014174104138
-0.040550016995320945
0.03519154761390206
0.04005158089141497
-0.05650520332961467
0.006099544213841901
-0.10178741158434879
-0.04254850379115835
0.0338405088877375
-0.05614661064188517
-0.04781516368896871
0.026057239369100427
-0.00992718634866896
0.06974179927338264
0.08537745284843756
0.1590503622697329
-0.10196246426899319
0.47202946532588963
0.10374019522145095
0.35419347517228894
-0.04956497714528931
-0.19781522869059592
0.03089445923250922
0.06338685854493409
0.08347818509540507
0.102162272928845
-0.029059385718358977
-0.06708935530168825
0.02159453485990573
-0.000769070097453417
0.007952477037446185
-0.05009905672407597
-0.14791290209447633
-0.019042191244056123
0.02859735520699431
-0.026977213199750133
0.004101323872439416
0.07967582684228047
0.025574829006280816
0.01706020200970504
-0.09570386115157009
0.08235392688569065
0.07049386991204853
0.027545059702619334
-0.0966410486795597
7.494005416219807e-16
-0.07049386991204983
0.027545059702621444
-0.09570386115157314
-0.08235392688569086
-0.025574829006281566
0.01706020200970282
0.00410132387244036
-0.0796758268422813
-0.028597355206995245
-0.026977213199749002
-0.14791290209447566
0.01904219124405812
-0.00795247703744642
-0.05009905672407615
0.021594534859905548
0.000769070097454222
0.029059385718359976
-0.06708935530168705
0.08347818509540429
-0.10216227292884482
-0.030894459232508553
0.06338685854493253
-0.049564977145288736
0.19781522869059753
-0.10374019522145117
0.3541934751722909
0.03445899969408012
0.0061159595692269475
-0.01607925148548714
0.13813900794551698
-0.055683064833941164
-0.027983413384894185
-0.07846291349839349
-0.047560041016464716
-0.04445069295118265
0.14505185369313972
-0.052954568349746614
0.03781720659261073
-0.0003270630627728588
0.0773031924375312
0.005804740407337555
0.04437187796369485
-0.07455681988954313
0.03219033974706815
0.045014519727977126
-0.07359703511461202
-0.0835602758089593
-0.053145603470159675
0.09791209019157598
0.09582590088992171
0.011885770826670597
-0.09027572970701099
-0.03959586687750832
0.17228677168999293
0.08663710020646131
2.2898349882893854e-16
0.03959586687750849
0.17228677168999304
0.01188577082667061
0.09027572970700898
-0.09791209019157522
0.09582590088992088
-0.08356027580896136
0.05314560347016072
-0.04501451972797604
-0.0735970351146113
-0.07455681988954341
-0.032190339747069835
-0.005804740407337472
0.04437187796369452
-0.0003270630627703816
-0.07730319243753092
0.052954568349746496
0.037817206592610175
-0.04445069295118284
-0.1450518536931386
0.07846291349839365
-0.047560041016465326
-0.05568306483394135
0.02798341338489424
0.016079251485487195
0.13813900794551714
0.03445899969407812
-0.0061159595692278634
0.1089033853948925
-0.3945721403313714
-0.0934730208815358
-0.0921066597880284
-0.0381565720427665
0.11113019354014658
-0.01358216686706766
-0.013245834234633096
0.04251963132473422
-0.07941804755705156
-0.04810629512297021
0.09631561548045339
0.12006648265945519
-0.0047865933576755615
0.04089994365661084
0.07075435287117036
-0.005210366397891797
-0.022217953804538768
-0.05278214738494669
-0.0472657980124368
0.05559850597108218
-0.021163335484162826
-0.13897882774839723
-0.08621639676303605
-0.11483002139594585
0.027608717754195267
-0.09842015831480955
-0.1464579114161092
0.034882856145892094
-0.07406018176478912
-0.17368793077153222
-8.049116928532385e-16
-0.03488285614589193
-0.07406018176478901
-0.09842015831481006
0.1464579114161092
0.11483002139594481
0.027608717754195572
-0.13897882774839693
0.08621639676303552
-0.05559850597108257
-0.02116333548416177
-0.05278214738494791
0.047265798012437577
0.005210366397891297
-0.022217953804537782
0.04089994365661077
-0.0707543528711705
-0.12006648265945558
-0.004786593357675423
-0.04810629512296938
-0.09631561548045386
-0.042519631324733534
-0.0794180475570525
-0.013582166867069395
0.013245834234634657
0.038156572042767053
0.11113019354014791
-0.09347302088153558
0.09210665978802901
-0.10890338539489103
-0.39457214033137006
-0.22503536678901098
-0.005810611171101487
0.028959460929466607
-0.36132598861551946
-0.18401111076517956
0.0703258087653136
0.011724326192025812
0.10614892959882857
-0.023272773317508655
0.11899095281697386
0.058909189553571634
0.033144130046745324
-0.017653099274568207
0.040239043360074736
0.12240258473650367
-0.0502151079864859
0.04302498630874277
-0.044594454141785644
-0.008106692778687308
0.08843747647061881
-0.012032820680640821
-0.048755347552276174
0.038673924734480725
0.03154683381578258
0.013318453691473026
0.08976825693773734
-0.05818579736429293
-0.028441202838992652
-0.10848371074100238
0.023747813553832653
0.15696774417795376
-0.14152330781304046
-0.05335440455035434
6.106226635438361e-16
-0.15696774417795434
-0.1415233078130408
-0.10848371074100374
-0.023747813553833597
0.058185797364291955
-0.028441202838991764
0.013318453691472915
-0.08976825693773634
-0.038673924734479836
0.03154683381578244
-0.012032820680641626
0.048755347552274786
0.008106692778687453
0.08843747647061895
0.043024986308743796
0.04459445414178487
-0.12240258473650317
-0.0502151079864863
-0.017653099274568235
-0.04023904336007418
-0.058909189553572605
0.0331441300467456
-0.023272773317508433
-0.11899095281697267
-0.011724326192023904
0.10614892959882748
-0.18401111076518017
-0.07032580876531419
-0.028959460929467412
-0.36132598861551884
-0.22503536678901293
0.0058106111710997665
-0.04433923751262245
-0.3838129448076012
-0.04594729960214805
-0.09730535269862786
-0.021335894546654008
-0.047539571746690615
-0.07645446176441145
0.07888347064274176
-0.019366540509865304
-0.1042810270526894
-0.011232767981935277
0.08531495969156158
-0.02094190259850376
0.06165700102580905
-0.03510225906774103
-0.06921579139304777
0.051335836691596005
0.015532581477852636
0.014456855790243084
-0.028641578463840106
-0.0015779968627262775
0.090948324158941
0.12870641301316732
0.06246666174669152
-0.017087979496352435
-0.06399471024516107
0.03236299900670769
0.03913078291925268
-0.016670023937396417
0.04830663810983815
0.09045262328835407
-0.09316577185379449
0.03295888277987412
-0.023643443459120783
0.5441695712193257
-7.216449660063518e-16
-0.03295888277987352
-0.023643443459120228
0.09045262328835352
0.09316577185379404
0.016670023937396694
0.048306638109838096
0.03236299900670814
-0.0391307829192538
0.01708797949635099
-0.06399471024516107
0.12870641301316652
-0.06246666174669138
0.0015779968627264163
0.09094832415894197
0.014456855790242792
0.028641578463840328
-0.051335836691597206
0.015532581477851887
-0.03510225906774113
0.06921579139304822
0.020941902598504453
0.06165700102580927
-0.011232767981934705
-0.08531495969156222
0.019366540509864194
-0.10428102705268999
-0.0764544617644124
-0.07888347064274123
0.02133589454665416
-0.047539571746689935
-0.04594729960214783
0.09730535269862695
0.0443392375126237
-0.3838129448076009
0.18539318989961692
0.017511513341965948
0.11353936004148107
-0.2622030712334149
-0.08148365077427525
0.060027766948915456
0.006166277871809928
-0.04487652727762653
-0.0830522449963281
-0.01285680637674097
-0.07018918564476156
-0.11050464009523142
-0.020697747535727812
0.06948398892148763
-0.014155966165108391
0.20898364820983725
0.06082980472491495
0.0029950741905513806
0.029312056873535608
0.014488033878331898
0.0003294212277733244
0.03767564400022141
-0.0044035334665708525
0.06822307356828392
-0.026274126663096864
0.040786026146193935
-0.1937202743260576
-0.0948002687931001
-0.0046513263859284115
0.032738004181548014
0.11812680556438143
-0.12536287990360923
-0.07119197113857645
0.05101670606801191
-0.4117018905322002
-0.19918166639475016
-0.06285033811212146
8.187894806610529e-16
0.41170189053219897
-0.1991816663947502
-0.07119197113857634
-0.05101670606801133
-0.11812680556438107
-0.1253628799036093
-0.004651326385928772
-0.032738004181548264
0.19372027432605787
-0.09480026879309905
-0.026274126663097475
-0.040786026146193394
0.004403533466571963
0.0682230735682843
0.000329421227773935
-0.03767564400022258
-0.02931205687353569
0.01448803387833237
0.06082980472491492
-0.0029950741905507006
0.014155966165107559
0.2089836482098369
-0.020697747535727673
-0.0694839889214876
0.07018918564476162
-0.110504640095231
-0.08305224499632788
0.012856806376741886
-0.0061662778718091504
-0.04487652727762778
-0.081483650774276
-0.06002776694891587
-0.11353936004148107
-0.2622030712334153
0.1853931898996158
-0.01751151334196588
