35.422964427155904
-1.849873958545464e-15
-4.073402975595171
-2.342843609238629
-4.191558287314457
-2.7973798160593906e-15
4.0734029755951635
-2.3428436092386202
-5.98792694084639
0.3564559006564417
0.7949650863500154
-0.8917556054771115
-3.621725933569121
6.456517094759967e-16
-0.794965086350017
-0.8917556054771107
-5.987926940846388
-0.35645590065644667
0.9861004891489733
-0.12575365396049143
0.6542309272541026
0.21581764397453806
0.6746615432970605
-1.192427382848122
0.2714957723451609
-1.6731204073638949e-15
-0.6746615432970631
-1.192427382848124
0.654230927254102
-0.2158176439745412
-0.9861004891489672
-0.12575365396049365
-0.30258388084704535
0.05486669136727254
-0.15261284982025458
0.45998339899537666
-0.05490094201941331
0.4498944238459108
-0.046629782396277186
-0.4783192697953552
-1.1757327619303717
-4.392558029896045e-16
0.04662978239627853
-0.4783192697953537
-0.05490094201941553
-0.44989442384590966
0.1526128498202517
0.4599833989953732
-0.3025838808470467
-0.05486669136727774
0.585547913305333
0.7881090550852411
0.21698136775068272
-0.05344724190092061
-0.3081909928981735
0.5527223650181063
-0.5294227329838255
-0.017440496699657016
0.46165818471483133
0.08827688677585128
1.094914190934083
2.3092538848289587e-16
-0.46165818471483033
0.08827688677585002
-0.5294227329838254
0.01744049669965384
0.3081909928981691
0.5527223650181066
0.2169813677506823
0.05344724190091987
-0.5855479133053274
0.7881090550852401
0.9924918973343938
0.01720517117724113
-0.08685438292238719
-0.28665790111904144
0.0352958939274704
0.017662296042009668
0.2480891986048719
0.41133283636952317
0.23606367076405832
-0.023835583092623784
-0.4304228779570124
-0.2566266001521774
0.5008352634642482
1.9081958235744878e-16
0.43042287795701123
-0.25662660015217587
0.23606367076405899
0.023835583092624457
-0.24808919860487116
0.4113328363695245
0.035295893927469735
-0.017662296042012304
0.0868543829223869
-0.2866579011190404
0.9924918973343947
-0.017205171177241296
-0.4597074695396993
-0.17037487700673315
-0.285586526398744
-0.04867801730787982
0.2544342178957896
0.009727384448219356
0.46410317716016203
0.07391264304194875
-0.08217280253631493
0.1146318514636685
-0.864771450622195
-0.14735811945968216
-0.10680176375468546
-0.021359461021931925
-0.7030264494771357
-6.661338147750939e-16
0.10680176375468377
-0.021359461021931092
-0.864771450622196
0.14735811945967997
0.08217280253631443
0.11463185146366756
0.46410317716016125
-0.07391264304194925
-0.25443421789579124
0.009727384448222465
-0.2855865263987447
0.04867801730787913
0.45970746953969666
-0.17037487700673193
-0.3163978162567943
-0.4410202306839054
0.13169257681513505
0.06140603956514497
0.06426790658825383
-0.022998204355461516
-0.08519840279803662
-0.47581833067368473
0.14193482691304493
0.13543513081725178
0.18439085863660615
0.17966197614593585
-0.2595658459526945
-0.09216640665784409
0.15789598516406794
-0.21721673170846054
-0.23021145324917802
-2.7755575615628914e-16
-0.15789598516406783
-0.21721673170846026
-0.25956584595269694
0.09216640665784356
-0.1843908586366068
0.17966197614593638
0.1419348269130446
-0.13543513081725086
0.08519840279803842
-0.4758183306736834
0.06426790658825537
0.022998204355460072
-0.1316925768151345
0.06140603956514515
-0.3163978162567935
0.44102023068390367
0.04960663661093434
-0.04486145996180098
0.08623471795073362
0.10576839446755171
0.021150928331918672
0.009053067216794053
-0.44021336472712563
-0.07172801546608149
0.1228665012469484
-0.34937118968220915
0.2771210650514672
0.013156358827433184
0.05241121656298378
-0.09784843411440652
0.1508487862832462
0.002687441833400056
0.07022714476516961
-0.22252664349533113
0.1290755965831541
-1.0269562977782698e-15
-0.07022714476517017
-0.2225266434953294
0.15084878628324538
-0.002687441833399723
-0.05241121656298324
-0.09784843411440675
0.2771210650514663
-0.013156358827433018
-0.12286650124694881
-0.34937118968221004
-0.44021336472712774
0.0717280154660803
-0.021150928331917784
0.00905306721679526
0.08623471795073408
-0.10576839446755115
-0.04960663661093667
-0.04486145996179898
0.1609648372129629
0.18529496754263342
-0.03879278830335746
0.003969933736806014
-0.008628348568172073
-0.04457643803457706
0.05599725490274658
0.21780844850878106
-0.3300614376076055
-0.12709517517246383
0.05268217259609642
-0.13711172789804954
-0.08757727098805573
0.1520707370188349
-0.2532209119359642
0.16062691820375596
-0.036887805021412215
-0.08656854046114548
0.08256562751498323
0.03356027369073156
0.014200653415899989
-4.163336342344337e-16
-0.08256562751498375
0.033560273690731446
-0.03688780502141284
0.08656854046114487
0.2532209119359635
0.16062691820375719
-0.08757727098805627
-0.15207073701883544
-0.05268217259609563
-0.13711172789805035
-0.3300614376076062
0.12709517517246294
-0.0559972549027454
0.21780844850878042
-0.008628348568171351
0.044576438034576886
0.03879278830335771
0.00396993373680532
0.1609648372129623
-0.1852949675426357
-0.13132985653438248
-0.07804242647553483
-0.0311886642482605
-0.06884206965312001
-0.03414522551061433
-0.033403887396778464
0.13367958006584194
0.07661085153077832
0.0411197238773324
0.15757287427480765
-0.16914888893293964
0.02508754992309853
0.11112695254122054
0.01732638209167385
-0.04572052264323309
-0.16047339910146394
-0.013073900390972518
-0.060377116778524115
0.01713311906295398
0.025021474306734598
-0.12250689884106772
-0.08818255238071844
0.1682533808003886
-1.3877787807814457e-17
0.12250689884106702
-0.08818255238071906
0.017133119062954102
-0.02502147430673446
0.013073900390973087
-0.06037711677852293
-0.04572052264323445
0.1604733991014652
-0.11112695254122092
0.017326382091672796
-0.1691488889329396
-0.025087549923098626
-0.041119723877331704
0.15757287427480554
0.1336795800658422
-0.0766108515307784
0.03414522551061397
-0.0334038873967757
-0.031188664248260972
0.0688420696531199
0.13132985653438237
-0.07804242647553333
-0.13109326541580657
0.3198330949000236
0.0057140932559353735
0.010894393474764438
0.010443464068021713
-0.034745505563863605
0.028430250752692385
-0.00810522540208973
0.0832168025261007
0.0399155205011474
-0.10983434733960878
0.14110940234372737
-0.08476048754202875
-0.027584073966423428
0.04400512979922133
0.166827457751528
-0.1713912420065618
-0.052023018912933955
-0.01700148993844891
-0.07123151382619886
-0.14594093785759749
0.010072992334800829
-0.09504022795076933
-0.22449229355317496
-0.08224187434758626
-4.440892098500626e-16
0.0950402279507692
-0.22449229355317524
-0.14594093785759657
-0.01007299233480087
0.01700148993844884
-0.0712315138261985
-0.17139124200656258
0.052023018912933525
-0.04400512979922125
0.16682745775152835
-0.08476048754202992
0.027584073966423928
0.10983434733960903
0.14110940234372663
0.08321680252610086
-0.03991552050114733
-0.028430250752691594
-0.008105225402089813
0.010443464068021394
0.03474550556386513
-0.005714093255935082
0.010894393474764424
-0.13109326541580885
-0.3198330949000271
0.1001524642237596
0.05447095097885615
0.019056078217891473
-0.03312204723414472
-0.1124424741794362
0.017640631533380247
-0.07702542046304961
-0.04182970421677109
0.01698857005137433
-0.05555354894822237
0.014332290032256556
-0.055871917216424316
0.041387822076050726
0.11896375924892083
0.14941334560540798
0.059846177782359206
-0.011590897057253281
0.15573864466433268
-0.10859835571230614
-0.03541360519894583
0.02286679134662889
0.030097780816609798
-0.1482705950851495
0.038326888364025646
-0.030989844316427984
-0.14704621066142953
-0.45075436827155724
-5.273559366969494e-16
0.030989844316428206
-0.14704621066142998
-0.14827059508515006
-0.03832688836402662
-0.022866791346629667
0.030097780816610055
-0.10859835571230639
0.03541360519894639
0.011590897057253531
0.15573864466433351
0.14941334560540773
-0.05984617778235915
-0.04138782207605012
0.11896375924892065
0.014332290032256778
0.055871917216424455
-0.016988570051373775
-0.05555354894822334
-0.07702542046304954
0.04182970421677127
0.11244247417943648
0.017640631533380895
0.019056078217892257
0.033122047234144636
-0.10015246422375783
0.05447095097885679
-0.04636049284042952
-0.1891954957477467
0.008131412356985585
-0.006210739677704788
-0.09819297535846616
0.22008695206218432
-0.0009698269750187116
0.031165344707410753
-0.04892595585255924
-0.09313101662161324
0.08609206596797453
0.024110933585083483
0.008250600398584815
-0.0029311407754492452
0.030360502482259216
-0.10039120183076448
0.06458591382626637
-0.02107672080468649
-0.0927022337667916
0.12154132595934075
-0.06978457606920704
-0.003504315521533373
0.14292551042370244
-0.1364396468020299
-0.05504617791759389
0.025812623272124163
-0.01589361075097051
-0.15604212451145516
-0.1426091169018206
-8.465450562766819e-16
0.015893610750970705
-0.1560421245114547
-0.05504617791759378
-0.02581262327212394
-0.1429255104237016
-0.13643964680203072
-0.06978457606920707
0.0035043155215331127
0.09270223376679151
0.12154132595934164
0.06458591382626581
0.021076720804686453
-0.03036050248225755
-0.10039120183076553
0.00825060039858528
0.0029311407754494256
-0.0860920659679745
0.024110933585083205
-0.048925955852558656
0.09313101662161342
0.000969826975019128
0.031165344707409864
-0.09819297535846594
-0.22008695206218382
-0.008131412356986306
-0.006210739677705055
-0.046360492840431866
0.1891954957477468
-0.006605008387666894
0.2718341624857683
-0.011412850290527118
0.03530311594196342
0.036590435333284654
0.14501640330163573
0.07090035850620456
-0.03561200340303153
-0.03574680924338816
0.01697701018132316
-0.055643734294314684
0.07754591326332431
0.06639730299333854
0.009054754117980617
-0.08801682075432579
-0.030461099334772257
0.06336396913883599
-0.03598824439735754
0.12207332598507863
-0.01883140030381735
0.013781580114607575
0.16306092961050267
-0.0829213450093296
-0.022697864913481816
-0.04687652867046781
0.013001031211108863
0.035388843670809786
-0.014493968221170106
0.009750300628779074
0.027981197561309068
-0.07617876280363389
-5.065392549852277e-16
-0.009750300628779046
0.027981197561308263
0.03538884367080936
0.014493968221170661
0.04687652867046774
0.013001031211109196
-0.08292134500932981
0.0226978649134821
-0.013781580114607395
0.16306092961050309
0.1220733259850772
0.018831400303817566
-0.06336396913883618
-0.03598824439735768
-0.08801682075432482
0.030461099334773617
-0.06639730299333801
0.009054754117981248
-0.05564373429431421
-0.07754591326332372
0.0357468092433888
0.016977010181322718
0.07090035850620482
0.03561200340303117
-0.03659043533328571
0.1450164033016354
-0.011412850290526355
-0.0353031159419627
0.006605008387668809
0.27183416248576864
0.1610817894448864
0.31697904617812483
-0.015583283277560013
-0.0391645443819278
0.003957850064662205
0.052736907429682345
0.037505741059682615
0.019778353021536577
-0.024104216040166437
0.01922428272984096
-0.015310370612774835
0.051022806509037094
-0.027355522430784235
-0.049617325427637055
0.015579123785985353
0.07378349777747403
-0.11865108265031953
-0.05849577377044257
0.06546113365724902
0.018023793626416054
0.02948086600412332
0.03558980082121526
-0.0031505118364545392
0.12693972934736253
-0.04451966348019659
-0.09196751113213762
-0.11513747587457437
0.0016940166034092319
-0.09809461203623668
0.02518602319348731
-0.012202068264625124
0.10950912531734786
-0.014641023999211106
-1.304512053934559e-15
0.012202068264625443
0.10950912531734759
-0.09809461203623696
-0.025186023193486923
0.1151374758745748
0.0016940166034086768
-0.04451966348019576
0.09196751113213666
0.0031505118364546503
0.12693972934736245
0.02948086600412239
-0.035589800821215045
-0.06546113365724879
0.01802379362641692
-0.11865108265031893
0.05849577377044343
-0.015579123785986526
0.07378349777747395
-0.02735552243078343
0.049617325427637
0.015310370612774626
0.051022806509035956
-0.024104216040166604
-0.019224282729842168
-0.03750574105968274
0.01977835302153709
0.003957850064662871
-0.0527369074296824
0.015583283277559645
-0.03916454438192814
0.1610817894448855
-0.316979046178125
0.016650107573291384
-0.1687183140672624
-0.021925211368009137
-0.05564256655699493
0.004760927929155834
0.21101673400296728
0.08002227933703583
0.10274908884302066
-0.013860549510441758
0.04634128681792565
-0.069775150639387
-0.051936464268169995
0.048394560258078534
-0.02897739399478106
0.15288320581156195
0.022593276844091376
-0.050587072630883495
0.14388623917174956
-0.11982520668236565
0.025288188362843342
0.06215106172016609
0.007331982019988026
0.071730150800841
-0.0747077508760074
0.026071665704581998
0.1165909326599804
-0.11426586640732417
-0.08863003027183926
-0.02098741496228898
-0.04540390121136534
-0.04087262759036593
-0.06175875151830469
0.021706535721532763
-0.0523827214830041
-0.0295139231598171
-1.3183898417423734e-16
-0.021706535721533027
-0.05238272148300532
-0.0408726275903665
0.06175875151830511
0.02098741496228894
-0.045403901211364714
-0.11426586640732421
0.0886300302718393
-0.026071665704582463
0.11659093265997973
0.0717301508008403
0.07470775087600759
-0.06215106172016588
0.007331982019987887
-0.11982520668236607
-0.025288188362843758
0.050587072630883814
0.1438862391717488
0.1528832058115625
-0.022593276844091237
-0.04839456025807978
-0.028977393994781248
-0.06977515063938725
0.05193646426817056
0.013860549510442854
0.04634128681792597
0.08002227933703653
-0.10274908884302043
-0.004760927929156611
0.21101673400296683
-0.02192521136800843
0.05564256655699489
-0.016650107573292022
-0.168718314067263
-0.17916405061341864
0.08850065558510417
0.004106370800982608
0.022793990544762943
0.17185973561702964
0.16815101677241434
0.05494928451938354
-0.10591409183607453
-0.012839364563465794
0.04387690773072305
-0.06835196454479386
0.11237965805830642
-0.026195901439712566
-0.11426851081840245
0.12429212911620952
-0.08944664689554564
0.03078721700624274
0.09256076190185179
-0.0594660600589046
0.13344001356366775
-0.07436626302733945
-0.13623995216949644
-0.043379551827746984
0.06141766216293067
0.0494150058345917
0.0251933195082253
0.010883283704507071
0.11089966713773373
-0.06393183025624427
0.00558475359041305
-0.04323964093111696
-0.042181762074419246
-0.0170249966372852
-0.027105621428751836
-0.08708063558162568
-0.06544831717910038
-0.1324601645395956
1.5265566588595902e-16
0.08708063558162638
-0.06544831717910016
-0.017024996637284545
0.027105621428751794
0.043239640931116236
-0.04218176207442009
-0.06393183025624524
-0.005584753590413452
-0.010883283704506724
0.11089966713773343
0.04941500583459171
-0.02519331950822503
0.04337955182774719
0.06141766216293075
-0.07436626302733862
0.13623995216949655
0.059466060058905035
0.13344001356366772
0.030787217006242484
-0.0925607619018515
-0.12429212911620979
-0.08944664689554595
-0.02619590143971269
0.1142685108184032
0.06835196454479414
0.11237965805830667
-0.012839364563465933
-0.04387690773072329
-0.054949284519384245
-0.10591409183607467
0.17185973561703075
-0.16815101677241379
-0.004106370800983319
0.022793990544762284
-0.17916405061341872
-0.08850065558510412
