58.793101172439286
8.452533374134644e-15
0.16315746775162232
-4.5406599170831665
-8.96556418545115
4.0626154583379645e-15
-0.16315746775162943
-4.540659917083152
3.49011390687054
0.7195829324655024
-0.3048183438941741
0.695026953628193
-1.988146475571917
5.79926203542136e-16
0.30481834389416423
0.6950269536281886
3.4901139068705276
-0.7195829324655071
-0.6253802866117009
0.6889669915224883
-0.8241428894327191
-0.8764489145889408
-0.3078923503307538
0.83931932738537
-1.5280050619302672
-3.295554932440321e-16
0.3078923503307534
0.8393193273853707
-0.8241428894327161
0.8764489145889423
0.6253802866117099
0.6889669915224957
-2.6824554248954406
-0.11036450132888144
0.30106749332273286
-0.6426575289856036
-0.08666322222074019
0.06374860594456579
0.657409784073705
0.7066145616167391
-2.998555547941736
2.101897256240904e-15
-0.6574097840737044
0.7066145616167376
-0.0866632222207418
-0.06374860594456594
-0.30106749332273497
-0.6426575289856032
-2.68245542489544
0.1103645013288945
-0.3973040731646988
1.2068648995659585
0.714069004372675
-0.2502927542734344
-0.16766811150684796
0.618426493587495
-0.22223099397777016
0.7629009067371598
0.13088544568525987
0.4833003516204022
1.6426152411513328
-2.6228394653656125e-15
-0.13088544568525584
0.4833003516204003
-0.22223099397777268
-0.7629009067371603
0.16766811150684635
0.6184264935874966
0.7140690043726741
0.25029275427343234
0.39730407316469796
1.2068648995659559
-1.1553188171194622
-0.1395525064741201
-0.03223992257095004
-0.378667681642933
-0.32157549064662494
0.11988619580569884
0.054758302843487594
0.2576703316121773
-0.3798789463191028
-0.4848760634715499
-0.6941062094772732
-1.1952076610104512
0.7939531389322743
-6.38378239159465e-16
0.6941062094772728
-1.1952076610104547
-0.3798789463191017
0.48487606347154877
-0.054758302843486456
0.2576703316121789
-0.3215754906466245
-0.11988619580570059
0.03223992257094915
-0.37866768164293363
-1.1553188171194622
0.1395525064741232
-0.19311216456058228
0.4695440962423183
-0.060626974774988796
-0.036554826136699164
0.18328517460912985
0.24493851129655853
0.2786021055782362
0.23894030723988058
0.20289470349101774
-0.31238947873675077
0.12020374039134334
-0.3182672071525995
0.26775057238134836
0.14898019193645634
0.7874369600087912
-1.3183898417423734e-15
-0.26775057238134836
0.14898019193645662
0.12020374039134446
0.3182672071525999
-0.202894703491018
-0.3123894787367505
0.27860210557823584
-0.23894030723987997
-0.183285174609129
0.2449385112965582
-0.060626974774988796
0.036554826136700094
0.19311216456058575
0.46954409624231674
0.007340294358389315
0.31508032395189634
-0.13089142921320046
-0.24160578154771306
0.03316660288963014
0.014841844590883876
-0.07709856580892754
-0.191334315420195
0.271991648554206
-0.14811050414403198
-0.15466775224263385
-0.43097208351811317
0.07558839663746698
0.4694982859879583
0.2612745950448322
0.011490345280390474
-0.4011483478566667
0.0
-0.261274595044832
0.011490345280391688
0.07558839663746648
-0.4694982859879597
0.15466775224263277
-0.43097208351811234
0.27199164855420543
0.14811050414403135
0.07709856580892652
-0.1913343154201968
0.033166602889630525
-0.014841844590883946
0.13089142921320074
-0.24160578154771264
0.0073402943583879
-0.31508032395189506
-0.022285673117962354
-0.21530069795385476
-0.05574812258199108
-0.14595506158129423
0.2370542060496766
0.05939393176150684
0.17856917860921678
0.06778447628415137
-0.018029809238420878
-0.20478773151910118
-0.11673055739470647
-0.11352334048234049
-0.008424052287619041
0.18976617943063775
0.3983311047981335
-0.04366905976201753
-0.41481500554247197
-0.2899257805411518
-0.9523220147455355
1.942890293094024e-15
0.4148150055424721
-0.2899257805411526
0.39833110479813305
0.043669059762015905
0.008424052287619194
0.18976617943063837
-0.11673055739470575
0.11352334048233961
0.01802980923842172
-0.20478773151910132
0.17856917860921562
-0.06778447628415196
-0.23705420604967614
0.05939393176150748
-0.05574812258199144
0.14595506158129495
0.022285673117961508
-0.2153006979538553
0.30311559330080745
0.40411388554723526
0.024486365342577934
0.0620968158848163
0.07503081690144003
0.03908800106382168
-0.11857425472177854
-0.06459843502764728
-0.017140977710594238
-0.031321360503810305
0.12554933614449193
0.044764762651924
-0.0848738241727656
0.12322404019639374
0.007629660883232747
0.1496067464899415
-0.18583146041017579
-0.21870124696003643
0.18728618001893013
0.616407675318432
0.445225083490223
-8.326672684688674e-16
-0.18728618001893083
0.6164076753184331
-0.18583146041017473
0.21870124696003607
-0.0076296608832328305
0.14960674648994193
-0.08487382417276566
-0.12322404019639423
-0.12554933614449115
0.044764762651926
-0.0171409777105945
0.0313213605038104
0.11857425472177835
-0.0645984350276474
0.07503081690144034
-0.0390880010638221
-0.02448636534257849
0.06209681588481658
0.3031155933008072
-0.4041138855472363
0.22583660186352836
-0.0036555853235392607
-0.00757390843984837
-0.05896476794002062
-0.024452903446772867
-0.20015944203808567
-0.0498408938182284
0.00817547172418591
0.024217204961842376
-0.13774657609564217
0.15344771043366845
-0.0044645539533097744
-0.12386558376611184
0.026182013137837204
-0.13139289773296575
-0.04183634999936153
-0.04789196021258432
-0.13425240960580315
-0.11774278542903246
0.14757121730316616
0.22205706557224267
-0.03927300389458538
0.056124792449210315
-4.440892098500626e-16
-0.22205706557224184
-0.03927300389458431
-0.11774278542903087
-0.14757121730316589
0.0478919602125846
-0.1342524096058035
-0.13139289773296706
0.041836349999361644
0.12386558376611219
0.026182013137836718
0.1534477104336696
0.004464553953309663
-0.024217204961843347
-0.13774657609564137
-0.04984089381822812
-0.008175471724186353
0.024452903446770785
-0.200159442038086
-0.007573908439847954
0.058964767940021034
-0.22583660186352678
-0.0036555853235370472
0.20357729028141497
0.2697955425110861
-0.03151128534543701
-0.09690519655509555
0.05140969928802579
0.05930675416867914
0.04720545683722818
0.1275109588638173
0.015670384438097484
-0.07197496343387055
0.0710758065832241
0.15784746274108805
-0.10494026009020241
0.02222355882612531
-0.023649890457936452
0.20839721841591927
0.09741275616721616
-0.024492961891156698
0.06665880150614792
0.3516585763613637
0.10685540714353287
0.013041794387309416
-0.2206160204766203
-0.13786645045860557
-0.09006219504408058
3.885780586188048e-16
0.22061602047662004
-0.13786645045860502
0.10685540714353225
-0.013041794387309777
-0.06665880150614778
0.3516585763613651
0.09741275616721545
0.024492961891156823
0.02364989045793603
0.20839721841591802
-0.10494026009020258
-0.02222355882612468
-0.07107580658322338
0.15784746274108916
0.015670384438097706
0.07197496343387029
-0.04720545683722838
0.12751095886381794
0.051409699288025724
-0.05930675416867946
0.03151128534543618
-0.09690519655509647
0.20357729028141303
-0.2697955425110866
0.0842355195396928
0.2369218893061502
0.049082265964357386
-0.1571554008358088
-0.029777442311017338
0.012866079980224876
-0.002138704837978317
-0.04054690074274794
-0.011362015476376606
-0.06877562380300176
0.04221890961893482
0.02837994407845998
-0.13743765928091642
-0.002506127099586253
-0.11953512765592857
-0.05120873648894608
0.10917711476644648
-0.06663980918539628
0.11153538779640243
0.12184521601271439
0.012616783462167248
-0.13916063975089538
-0.21825883310169436
-0.09004003279389265
-0.03821641801801906
-0.023728108576265727
0.3125939769095212
-6.938893903907228e-17
0.03821641801801841
-0.023728108576267143
-0.21825883310169453
0.09004003279389264
-0.012616783462166785
-0.13916063975089504
0.11153538779640151
-0.12184521601271531
-0.10917711476644644
-0.06663980918539564
-0.11953512765592827
0.051208736488946846
0.1374376592809167
-0.0025061270995870855
0.04221890961893421
-0.028379944078460395
0.01136201547637658
-0.06877562380300115
-0.002138704837978834
0.04054690074274788
0.029777442311018698
0.012866079980224848
0.04908226596435772
0.15715540083580917
-0.08423551953969216
0.23692188930615138
0.08430380571142715
-0.05450529937120513
0.10044231737548359
-0.11729007272834044
-0.037802550474481444
0.17465884683132726
0.08797952920029403
0.0825787321803935
-0.02507614808883049
-0.06915941695417666
-0.025552772678705246
0.10791712278617699
-0.05272973276877538
0.031084136676807678
0.04190608495615665
0.08575262055958474
0.10579942118908997
0.009332992711804614
-0.07134576862809475
0.009328039510177688
-0.07043602716178057
-0.0845471423033311
-0.00899898173533284
-0.23953758482636553
0.11480149201584205
0.04550608639476372
-0.009065637200266749
-0.16057427694415444
-0.1499701474713305
2.220446049250313e-16
0.009065637200266166
-0.16057427694415477
0.11480149201584228
-0.04550608639476351
0.008998981735331993
-0.2395375848263658
-0.070436027161781
0.08454714230333099
0.07134576862809414
0.009328039510177327
0.10579942118909003
-0.00933299271180528
-0.04190608495615708
0.08575262055958519
-0.05272973276877513
-0.031084136676807747
0.025552772678704844
0.10791712278617718
-0.02507614808882994
0.06915941695417677
-0.08797952920029378
0.08257873218039384
-0.03780255047448042
-0.17465884683132835
-0.10044231737548374
-0.11729007272834063
0.08430380571142726
0.0545052993712038
-0.048224742451834
0.17924050260744445
-0.004260386266992655
-0.02709068578103585
-0.06997260617373961
0.13604562911388773
0.10024493462401886
-0.05738785163320104
-0.08965244554400077
-0.10989701807245035
-0.056260622965750365
0.037404486980183366
0.026357022130315266
-0.012159400619986271
0.00955482521800649
0.016266100955490942
0.08875919398091872
-0.05369608776506403
-0.11159194240088889
0.04707382547578185
0.002094012348836924
-0.060602600990332045
-0.03432899035762063
-0.10526949403373945
-0.011906463406693477
0.1418300740879441
0.05762732872084324
0.03151634551198393
0.03996418067845675
0.11502673426727783
-0.1879714326197623
3.3306690738754696e-16
-0.039964180678456626
0.11502673426727916
0.05762732872084313
-0.03151634551198365
0.011906463406692297
0.14183007408794454
-0.034328990357621325
0.10526949403373898
-0.002094012348836674
-0.06060260099033264
-0.11159194240088863
-0.04707382547578103
-0.08875919398091825
-0.05369608776506246
0.00955482521800588
-0.01626610095549011
-0.026357022130314323
-0.012159400619985272
-0.056260622965750295
-0.03740448698018364
0.0896524455440004
-0.10989701807244978
0.10024493462401808
0.05738785163320091
0.06997260617373938
0.13604562911388796
-0.004260386266992849
0.0270906857810361
0.04822474245183414
0.1792405026074462
-0.03171746293681742
-0.06896441563876118
-0.05276352773208198
-0.04096994363920223
0.06489559536067457
-0.007728030114966283
0.02785161398673941
-0.008590220905584492
-0.03983751558985427
-0.0399858349538314
-0.042181227773817845
0.09537680061817089
0.06661561185095323
0.0020250262629389892
-0.03728856653085143
-0.043114036408598316
0.034271759995497836
-0.017379704142793523
-0.042819826437994736
-0.13896556481923927
0.07416713784116585
-0.01329872179575356
0.0350206090309335
-0.18813853637716804
-0.006855100693925753
0.1053800371134503
-0.036320721043047566
-0.07044161730468104
-0.04021172576187436
-0.012087913552610297
0.13357856546476662
0.04183634625430072
0.07278746985172757
4.85722573273506e-17
-0.13357856546476665
0.041836346254300216
-0.04021172576187604
0.01208791355261006
0.03632072104304667
-0.07044161730468157
-0.006855100693926072
-0.10538003711345105
-0.03502060903093315
-0.18813853637716818
0.07416713784116657
0.013298721795754184
0.04281982643799473
-0.13896556481923963
0.03427175999549758
0.01737970414279366
0.03728856653085121
-0.04311403640859873
0.06661561185095236
-0.002025026262938462
0.04218122777381755
0.09537680061817089
-0.03983751558985424
0.039985834953832566
-0.027851613986739382
-0.008590220905585436
0.06489559536067477
0.007728030114966256
0.05276352773208187
-0.040969943639202616
-0.03171746293681696
0.06896441563876082
-0.04686274826646347
0.04158278439165797
-0.017948930935900848
-0.07043101446742625
0.07206634827789245
0.16193551313501853
-0.049062193531896996
0.0315125416524544
-0.023775443055137332
0.022738296683999876
-0.11223386344629997
-0.006054787151229299
0.11733145117421645
0.017314124158731306
-0.046952540478507665
0.03384541424762624
0.008844700269832612
0.045290570383403755
-0.07865363834752387
-0.07106936193695865
-0.004993169630169048
0.0654004471123574
0.06685544288140739
-0.0012626348186366432
-0.07283912766637504
0.18001741071238847
-0.06057328705503401
-0.03541023453611944
-0.03330782458201968
0.12310239480139726
0.12270045656507456
0.04936660884165113
-0.03285322210986874
0.0072156745069517775
-0.06903248041581844
1.457167719820518e-16
0.032853222109868255
0.007215674506950015
0.12270045656507461
-0.049366608841652004
0.03330782458202046
0.12310239480139767
-0.060573287055034064
0.035410234536120216
0.07283912766637572
0.18001741071238936
0.06685544288140749
0.0012626348186362754
0.004993169630169436
0.06540044711235705
-0.07865363834752384
0.07106936193695954
-0.008844700269833763
0.04529057038340399
-0.046952540478508144
-0.033845414247626215
-0.11733145117421606
0.017314124158730987
-0.11223386344629942
0.006054787151229368
0.023775443055136854
0.022738296683999182
-0.049062193531896184
-0.03151254165245487
-0.07206634827789205
0.16193551313501847
-0.017948930935900297
0.07043101446742722
0.04686274826646192
0.041582784391658134
0.014707663252491537
0.06699973126319254
0.03735466163997536
-0.0266496447619598
0.004963800769095195
0.029480090535766
-0.04668367925224021
-0.13967635963483122
-0.013020299643247656
0.003958778654014464
-0.028962396239746196
-0.08534832561070801
0.10021994841576404
0.004229674376261802
-0.00334165348593507
-0.09864016846386121
-0.03233648532381134
0.04022759068159204
0.04427490923832715
-0.14454144383205905
0.014819768127698543
0.026286466330268876
0.039407835458959664
-0.03169625188755909
-0.12630861216779415
-0.011466741389813948
0.023287188621223254
0.027415038012219575
0.09408011335447958
-0.08096641598093081
-0.002157643181206065
0.21342971185129145
-0.015502497495410411
-0.024576668098913464
-0.07803328435408784
-0.02399213082730861
0.18208772626525382
-3.3306690738754696e-16
0.07803328435408799
-0.023992130827308333
-0.015502497495410203
0.02457666809891331
0.0021576431812059538
0.21342971185129278
0.0940801133544793
0.08096641598093184
-0.023287188621223337
0.027415038012219548
-0.12630861216779396
0.011466741389813434
-0.039407835458959886
-0.031696251887559146
0.014819768127698668
-0.026286466330268904
-0.04427490923832664
-0.14454144383205883
-0.03233648532381117
-0.040227590681591756
0.003341653485935042
-0.09864016846386095
0.10021994841576443
-0.004229674376262232
0.02896239623974617
-0.08534832561070711
-0.01302029964324753
-0.003958778654013798
0.04668367925224032
-0.13967635963483072
0.00496380076909525
-0.029480090535766085
-0.037354661639975625
-0.026649644761960127
0.014707663252491968
-0.06699973126319339
