48.22673096611495
1.1074938594653847e-16
-5.605764379334374
2.615156058805244
-4.823982320307589
9.10952681250077e-16
5.605764379334357
2.6151560588052387
3.005247222040418
-1.2770226584149402
1.016973696472789
-0.6867159892501874
5.0767593331671685
3.473534000871227e-16
-1.0169736964727956
-0.6867159892501867
3.00524722204042
1.2770226584149331
-0.7370485677177065
1.4739936102619946
-0.5136205193943796
0.6400314989648582
0.06327009973758224
-0.4609839960105977
-1.79403975366632
-1.0184737248681556e-15
-0.06327009973757719
-0.4609839960105977
-0.5136205193943815
-0.6400314989648593
0.7370485677177021
1.4739936102619973
-1.089948531458313
0.4746095442692981
-0.6489484781961802
-0.5990928062006615
-0.026384382398173867
0.278562354759544
0.23125481597045772
0.7281563903252439
-1.5533884792694448
4.018178840545268e-16
-0.23125481597045694
0.7281563903252476
-0.026384382398175643
-0.27856235475954294
0.648948478196183
-0.5990928062006593
-1.0899485314583088
-0.474609544269296
0.6785579651718614
-0.5013165096319001
0.5378320310623539
-0.3628737020996827
-0.684894561261745
0.01804947776601155
0.21630324914429472
-0.5061178361111361
1.090302534480339
-0.2750866882904536
0.1830125454908521
-1.521058946327128e-15
-1.0903025344803376
-0.27508668829045185
0.21630324914429916
0.506117836111135
0.684894561261745
0.018049477766009625
0.5378320310623539
0.36287370209968484
-0.6785579651718645
-0.5013165096318984
-0.4654031514157604
1.3775712085430714
-0.3509134993979858
-0.059734944992403616
-0.4317126161355396
-0.09378350026729058
0.19677740612107264
-0.46406660341458755
-0.5860750105212109
0.14364057952353196
-0.23029886382193943
-0.4601443752877009
-1.239690186467958
6.38378239159465e-16
0.23029886382193998
-0.4601443752877
-0.586075010521214
-0.14364057952353193
-0.19677740612107308
-0.4640666034145864
-0.4317126161355419
0.09378350026729174
0.3509134993979868
-0.05973494499240328
-0.4654031514157595
-1.3775712085430685
0.7187870091610311
0.6805859381630293
-0.3230708863145368
-0.3537934117561665
-0.019252747774676227
-0.2702094105732641
-0.4906675929380943
0.041945894203053335
0.07794796027743967
-0.09440345802434644
-0.01698210624920049
0.06676286710015161
0.2780781224339376
-0.09684703703782307
0.2743170411627117
-9.992007221626409e-16
-0.2780781224339372
-0.09684703703782344
-0.016982106249200934
-0.06676286710015196
-0.07794796027743867
-0.09440345802434554
-0.4906675929380945
-0.041945894203053335
0.019252747774677448
-0.2702094105732619
-0.3230708863145365
0.3537934117561661
-0.7187870091610304
0.6805859381630268
-0.14665498819848316
0.5400747279666038
0.23014483880190653
0.05467092021933273
-0.23540289382331636
0.4222723971504015
0.19050054581474463
0.2083475946438379
-0.27423222922335566
0.021546051177016357
0.3994355403304819
0.2683395319764917
-0.11513752198336258
0.09349411117085947
-0.5306266609747919
-0.04004805417877766
0.06977371194975496
-5.551115123125783e-16
0.5306266609747923
-0.04004805417877921
-0.11513752198336304
-0.09349411117085919
-0.39943554033048106
0.26833953197649074
-0.2742322292233569
-0.02154605117701766
-0.19050054581474374
0.20834759464383817
-0.23540289382331447
-0.42227239715040105
-0.23014483880190606
0.05467092021933195
-0.14665498819848216
-0.5400747279666034
-0.15432751261863958
0.26865140884213035
0.16644532509874344
-0.22280115375354947
0.4373261647314026
0.20208841250063764
0.16018032694361806
-0.3879677490697854
-0.13408347826509012
-0.13038560328477994
0.16424536993124084
0.1715786709534706
-0.03521560799219496
-0.06733495984251431
0.09128498510593791
0.10009393598332589
-0.3862713613748878
0.34326247031774
0.2469083499455319
-3.0531133177191805e-16
0.38627136137488666
0.3432624703177398
0.09128498510593575
-0.10009393598332572
0.03521560799219495
-0.06733495984251464
0.1642453699312402
-0.1715786709534709
0.13408347826509015
-0.13038560328477963
0.16018032694361722
0.38796774906978526
-0.4373261647314023
0.20208841250063736
0.16644532509874382
0.22280115375355009
0.15432751261863964
0.26865140884213057
-0.41939867314346546
0.15478906414340715
-0.06494886862014146
-0.2696915503083445
-0.09416192741544638
0.19780773538569002
-0.11409050600098154
-0.3470106989111901
0.13244995278188632
0.1315352515670848
0.09204564892066114
0.15523380450067809
0.1719139163593224
-0.0809219219516748
-0.04869432873470678
0.22727289960052138
0.3077218987712482
-0.32971308758886225
0.09572598642377599
0.27320120475755255
0.05519103519662642
0.0
-0.09572598642377615
0.27320120475755416
0.30772189877124756
0.32971308758886264
0.04869432873470722
0.22727289960052094
0.1719139163593234
0.08092192195167425
-0.09204564892066086
0.155233804500678
0.13244995278188565
-0.13153525156708404
0.11409050600098192
-0.3470106989111911
-0.0941619274154456
-0.19780773538568916
0.06494886862014258
-0.2696915503083437
-0.41939867314346574
-0.15478906414340776
-0.3972113492681303
0.24694472974948756
-0.030854317045953095
0.09310234521820185
-0.011239172242500928
0.08041435464082106
0.1474525976914995
-0.1197383127700665
0.060380353809022874
0.10056667946425002
0.13246708429640847
-0.05638953268119927
-0.18304779197664786
0.025903150338282804
0.29934839279615916
-0.05113732027719797
0.07470156581729201
-0.04999206708368137
0.02643504875768144
-0.019545582134751438
0.06292053527709326
-0.27788782616481456
0.13012046420672385
3.885780586188048e-16
-0.0629205352770939
-0.27788782616481467
0.02643504875768219
0.019545582134750106
-0.07470156581729215
-0.049992067083681424
0.2993483927961596
0.05113732027719964
0.18304779197664833
0.02590315033828197
0.13246708429640952
0.056389532681199006
-0.06038035380902307
0.10056667946424994
0.14745259769149882
0.11973831277006658
0.011239172242501538
0.08041435464082125
-0.030854317045953858
-0.09310234521820307
0.3972113492681306
0.2469447297494876
-0.24921758112078748
-0.233689909765385
0.030230076415695875
-0.054293208141872266
-0.19184898771385508
-0.04228005854957173
0.00788618081148057
-0.10777830876359056
-0.05590885517699262
0.10088721451190857
-0.12995634446319437
-0.019473000725447026
-0.08415308001301022
-0.020574281487082777
-0.04667854521116008
0.038411614842533165
-0.21967047033904621
-0.022792456183787904
-0.16110413772888582
-0.01929480213562032
-0.04279537106236242
0.1864207366224639
0.3016132399329128
0.031695654905234044
-0.0007153904298650426
-1.3183898417423734e-15
-0.301613239932914
0.03169565490523471
-0.04279537106236281
-0.18642073662246517
0.1611041377288852
-0.01929480213562007
-0.2196704703390463
0.02279245618378794
0.04667854521115948
0.03841161484253154
-0.08415308001301017
0.02057428148708315
0.12995634446319265
-0.01947300072544704
-0.05590885517699293
-0.1008872145119083
-0.007886180811480376
-0.10777830876359144
-0.19184898771385406
0.04228005854957234
-0.030230076415695598
-0.05429320814187205
-0.24921758112078676
0.23368990976538617
-0.08944352382513537
-0.011195958178179297
0.1374703865749563
0.008232660951844328
-0.2672535527057796
0.03949024291013041
0.163653515634419
-0.05631876745884856
0.1380543782671013
0.1639518242138358
0.1474360741842719
-0.09131764783519733
0.031760901890490384
0.19676982219174594
-0.021476967372136696
0.07471494981287798
0.10595368544467781
0.04001614315594901
0.06905968851045982
-0.011963964138222136
0.06733408772281702
0.047785711793566055
-0.08330580291739308
0.03174794278927204
-0.10351131367102429
0.08190965957614268
0.07542857716810719
1.6653345369377348e-16
0.10351131367102384
0.08190965957614241
-0.08330580291739281
-0.03174794278927168
-0.06733408772281668
0.04778571179356576
0.06905968851046085
0.011963964138222797
-0.10595368544467725
0.040016143155948286
-0.021476967372136724
-0.07471494981287706
-0.03176090189049059
0.19676982219174594
0.14743607418427157
0.09131764783519836
-0.13805437826710099
0.1639518242138358
0.16365351563441816
0.056318767458848784
0.26725355270577955
0.03949024291013031
0.13747038657495653
-0.008232660951845439
0.08944352382513551
-0.011195958178180948
0.052112934351149554
-0.017864232998551388
-0.0429854171965922
0.07168854886124623
-0.07513256520843703
-0.10196652178862983
0.1325146057219535
-0.05746280392123119
-0.07600927895322687
-0.13715182213538327
-0.08003285065030627
-0.03888632940928524
0.020757299267672835
0.053656353133192676
-0.02143556064201685
-0.035469860208254655
-0.031151648341723653
-0.057054993432972045
0.0031522157485782826
-0.15794157412701565
0.14673369797998587
0.05451797509196443
-0.0848759517625396
-0.1774206715882779
-0.02155783856326189
-0.008216181183149096
-0.030184231963004293
-0.18107408586950122
0.030606585970641947
-1.3183898417423734e-16
0.030184231963004654
-0.1810740858695018
-0.021557838563262127
0.008216181183150269
0.0848759517625392
-0.17742067158827737
0.14673369797998603
-0.05451797509196454
-0.00315221574857924
-0.15794157412701568
-0.03115164834172285
0.05705499343297246
0.021435560642016842
-0.03546986020825468
0.020757299267673224
-0.05365635313319267
0.08003285065030624
-0.038886329409284534
-0.07600927895322718
0.1371518221353833
-0.13251460572195267
-0.057462803921231154
-0.07513256520843813
0.10196652178863018
0.04298541719659213
0.07168854886124605
0.05211293435114961
0.01786423299855483
-0.09110485101470246
-0.07248681934233549
0.04142033968743372
-0.10870083871228611
-0.07651824665876172
0.0036209513050256548
0.10956560925022688
0.0020142952553361404
-0.1843183643709334
0.0010234473695173718
0.0994668444020746
0.06460293697381139
0.06393751668827773
0.038566885032594644
-0.037037294877937124
-0.03881333987560273
-0.04079431569195935
-0.07559962522902496
-0.043312904952271525
0.02663129886353008
-0.008196258632341025
0.02473681520366309
-0.21740453575686636
0.003634168821303796
0.003167548941756415
0.06559257219625797
-0.21135357063579716
-0.06410668697186789
-0.008741216294678333
0.058974418396146644
-0.36935302363612377
1.1102230246251565e-16
0.008741216294678417
0.058974418396146325
-0.21135357063579696
0.06410668697186861
-0.003167548941755749
0.0655925721962583
-0.2174045357568666
-0.003634168821303286
0.00819625863234133
0.024736815203663526
-0.04331290495227119
-0.026631298863529648
0.04079431569195832
-0.07559962522902416
-0.037037294877937166
0.03881333987560369
-0.06393751668827796
0.0385668850325942
0.09946684440207432
-0.06460293697381148
0.18431836437093413
0.0010234473695175939
0.10956560925022638
-0.0020142952553361126
0.07651824665876253
0.0036209513050250164
0.041420339687434374
0.10870083871228517
0.09110485101470311
-0.07248681934233658
0.08306530953310526
0.08440436889238705
-0.11764522744034285
0.03646822425091162
0.05365476667421391
-0.12480035067541267
0.014259887360717372
0.03327126911827605
-0.05230667835640446
-0.03482412067123594
0.18867041025471598
-0.004873684333543835
-0.08336661927198086
-0.0751282366648528
-0.09962954817931757
0.004257857231888096
0.08573060430017523
0.02525181740455623
0.014352900646588479
-0.014239934129367651
0.047274511012427495
-0.01634399448502835
0.10204585819696
0.06741803842008998
0.07415582518030445
0.01901748324340098
0.1238004915579473
0.047521642195169876
0.09275238324618698
-0.015289364177684894
0.007157485504432834
-0.014162141369999187
0.16883916558367087
-2.706168622523819e-16
-0.007157485504433729
-0.014162141369999565
0.09275238324618743
0.015289364177684839
-0.12380049155794787
0.04752164219517045
0.07415582518030456
-0.019017483243400968
-0.10204585819696002
0.06741803842009017
0.04727451101242698
0.016343994485028407
-0.01435290064658902
-0.01423993412936761
0.08573060430017526
-0.02525181740455687
0.09962954817931768
0.004257857231888297
-0.0833666192719818
0.07512823666485274
-0.1886704102547161
-0.0048736843335438484
-0.05230667835640411
0.0348241206712354
-0.014259887360716844
0.033271269118275854
0.05365476667421398
0.12480035067541201
0.11764522744034331
0.03646822425091137
0.08306530953310495
-0.08440436889238723
0.2038317832804834
-0.19563725224318584
-0.0437521970125946
0.07066332773906964
-0.08154875156129608
-0.004375182353446944
0.017154847294206757
0.023117717543046527
-0.008604757668196905
-0.04690557795188788
0.007010046420006216
-0.04360981722488643
-0.2640391637942341
-0.0583487169150437
0.035695262665481786
0.11955019819445553
0.0001109907387641107
-0.06525528226567376
-0.13172411420692348
-0.047691201971512984
-0.0037038527592055948
-0.03901090240413152
-0.019354179498039623
-0.03389380377954371
-0.031412597629642734
-0.04430903924731608
-0.131702342234087
-0.06710794903328537
-0.09824581006268837
-0.08890961712424962
0.2163619841563738
0.05368238011268539
0.044082154616126246
-0.052155105616416966
0.021911581098094435
-7.216449660063518e-16
-0.044082154616126794
-0.0521551056164169
0.21636198415637453
-0.053682380112685585
0.0982458100626879
-0.08890961712424975
-0.13170234223408686
0.06710794903328568
0.03141259762964263
-0.04430903924731627
-0.01935417949803965
0.033893803779544235
0.003703852759205234
-0.039010902404131284
-0.13172411420692304
0.04769120197151207
-0.00011099073876374987
-0.06525528226567419
0.035695262665482064
-0.11955019819445489
0.26403916379423337
-0.05834871691504348
0.007010046420006827
0.04360981722488625
0.008604757668196128
-0.04690557795188727
0.01715484729420727
-0.02311771754304523
0.08154875156129587
-0.004375182353446444
-0.043752197012594356
-0.0706633277390693
-0.2038317832804858
-0.19563725224318534
0.18269191636370308
0.06233726940106421
0.10478475083484196
0.15951212617862798
-0.003141809933427747
0.10282900741412665
0.01196530391860548
0.08057084934524683
0.028016597484072314
0.0054060186964029755
0.022878351081961998
0.01932363716183412
-0.0509953526348063
0.0677372619715084
0.1832363203269589
0.030722588773551968
0.004884467259917674
-0.0745727504084953
0.05603205980357457
-0.00048256183312964107
0.049317594942998394
-0.01259815593350222
0.03869029086518065
-0.030820829781117387
-0.002683561373717974
0.048486477527668485
0.017435721750871797
-0.0938874507581633
-0.04244416119844766
0.01461976942017501
-0.06409611489480302
-0.09650230317426443
-0.06121613750253413
0.02863854601826668
-0.12183912130774804
0.06996608850243213
-0.09053180115314913
-6.453171330633722e-16
0.12183912130774835
0.06996608850243138
-0.06121613750253446
-0.028638546018266514
0.06409611489480352
-0.096502303174264
-0.04244416119844757
-0.014619769420174775
-0.017435721750871186
-0.09388745075816361
-0.002683561373718016
-0.04848647752766863
-0.03869029086518072
-0.030820829781117387
0.049317594942998685
0.012598155933502025
-0.056032059803574584
-0.00048256183313026557
0.0048844672599178685
0.0745727504084957
-0.18323632032695883
0.030722588773551787
-0.05099535263480696
-0.06773726197150821
-0.022878351081962178
0.019323637161833745
0.02801659748407248
-0.005406018696403503
-0.011965303918605633
0.08057084934524619
-0.003141809933427664
-0.10282900741412629
-0.10478475083484207
0.15951212617862798
0.18269191636370385
-0.06233726940106282
