59.057952236431106
9.389775188142813e-16
0.038578844469919105
6.213401258740051
9.686993742824463
-1.6504735761949094e-15
-0.038578844469918216
6.213401258740041
3.7744030871160024
0.13747413222595042
-0.2798344853443258
1.5488937279972759
-4.637177295051813
1.9494719556674711e-16
0.2798344853443294
1.5488937279972845
3.7744030871159864
-0.13747413222595709
-0.11729073157339176
-0.5496097826906063
0.8970252612804163
-0.09057327318351854
0.18788332192276358
-1.5983148413169403
1.2541852496330872
-4.2237336093136546e-15
-0.1878833219227691
-1.5983148413169428
0.897025261280419
0.09057327318351437
0.1172907315733901
-0.5496097826906065
-1.7837055430055835
0.06263367413239795
-0.055298471664106896
-0.13087228120608763
-0.053790006878270846
0.0665204086977335
0.1285930101737166
-0.17408338808978396
-2.639299729767319
3.9045150154013715e-15
-0.12859301017372168
-0.17408338808978563
-0.053790006878273844
-0.06652040869773149
0.05529847166410773
-0.13087228120608918
-1.7837055430055768
-0.06263367413239197
-0.05869814660952827
-1.9308811066619875
-0.35840028344090796
0.1406459913667977
0.00552734723466175
-0.392604105566406
0.29432955611693545
-0.025931997595239897
-0.152700261326983
-0.7119970139014816
-2.7437436233196997
-2.890551504463214e-16
0.15270026132698122
-0.7119970139014823
0.29432955611692535
0.025931997595240838
-0.005527347234661223
-0.39260410556640546
-0.35840028344091085
-0.14064599136680095
0.05869814660952864
-1.9308811066619924
-0.6802236855826491
0.033837271579306265
-0.04983174265953472
-0.4130946021835393
-0.15254436307742728
-0.09965414335473673
0.06529964735762087
-0.3177802385384535
-0.47714061346087006
-0.10253922928777932
0.04723681650334022
-1.0223270250824141
1.105869383928889
0.0
-0.04723681650333922
-1.022327025082415
-0.47714061346087205
0.10253922928777887
-0.06529964735762117
-0.31778023853845416
-0.1525443630774293
0.09965414335473743
0.04983174265953527
-0.4130946021835396
-0.6802236855826501
-0.03383727157930711
0.053321457751853374
-0.5561386481270972
-0.21693414198641287
0.26025800326159026
-0.010930028026115035
-0.2794706700592246
-0.20917922838228659
0.012242184737985676
0.06524532699043134
-0.03312975293477288
-0.498559748303915
0.14243843620792093
-0.046599806940293476
0.3899374987678824
0.6156155616974872
9.43689570931383e-16
0.046599806940293684
0.38993749876788364
-0.4985597483039138
-0.14243843620792052
-0.06524532699043235
-0.03312975293477177
-0.20917922838228734
-0.01224218473798621
0.01093002802611568
-0.2794706700592231
-0.2169341419864132
-0.2602580032615909
-0.053321457751854096
-0.556138648127099
0.14464940366543177
0.07783800851086747
-0.14576725755395326
-0.1230667978893956
-0.0976434959189662
-0.22096625796485675
0.0430997943384111
-0.08154955863467679
0.16387437748254693
-0.05344827121075002
-0.11929594178663472
-0.08796985487624565
-0.0006042527063518377
-0.03266651177922802
-0.02038985985932451
0.42254533610943906
-0.09085260503132625
0.0
0.020389859859323956
0.4225453361094393
-0.0006042527063516712
0.032666511779227816
0.11929594178663389
-0.08796985487624487
0.16387437748254918
0.05344827121075166
-0.043099794338410935
-0.08154955863467844
-0.09764349591896557
0.22096625796485772
0.14576725755395287
-0.12306679788939529
0.1446494036654315
-0.07783800851086581
0.060609834107774097
0.546884875337095
-0.08364205024878561
0.12767460326900576
0.1742953011098758
-0.11720280548831719
-0.32586289774822336
0.14863215530996476
0.037755638924198476
0.14112318720407568
0.13602743454902386
0.03316683784011991
0.030151562499108567
0.04549478255099601
-0.16692590170574323
-0.07355682371809896
0.10675931016292008
0.08120712203920707
0.5769844176148239
1.6306400674181987e-15
-0.10675931016292142
0.0812071220392071
-0.16692590170574342
0.07355682371809874
-0.030151562499108053
0.04549478255099551
0.13602743454902338
-0.03316683784012027
-0.037755638924199725
0.14112318720407618
-0.3258628977482234
-0.1486321553099659
-0.1742953011098753
-0.11720280548831863
-0.08364205024878504
-0.12767460326900537
-0.06060983410777254
0.5468848753370952
-0.007305331312163765
0.05973393683530406
-0.04393032068986777
0.0590048033275401
0.12305998839074073
-0.025294078220173405
-0.16816941615457565
0.13187194840259642
0.08782870986425456
-0.14275750844581783
-0.06836930534726622
0.28870910655584203
0.06257551458068294
0.03461014864405869
0.031614027591354274
0.3445230890049995
-0.04421946791460875
0.10971424348886899
-0.05554243651612714
0.35471039924453585
0.031413713046193115
-6.245004513516506e-17
0.05554243651612803
0.3547103992445354
-0.044219467914609095
-0.10971424348886932
-0.031614027591355065
0.3445230890049992
0.06257551458068344
-0.03461014864405812
0.0683693053472668
0.28870910655584164
0.08782870986425516
0.14275750844581805
0.16816941615457637
0.13187194840259758
0.1230599883907399
0.025294078220172836
0.0439303206898686
0.05900480332754002
-0.0073053313121645425
-0.05973393683530438
0.03963166628422936
0.3498727035666825
-0.046640300487754915
0.06541559684692567
0.08832882422707755
0.19085904268018825
-0.20174872981539627
-0.005820619839897956
0.12362996572395696
-0.01165566631517229
-0.011749368384020402
0.026762579056640007
0.04811539667444256
0.09037841686560706
-0.1303010018475228
-0.03617054256740037
-0.0680097794090545
0.12434151561725447
0.3136764259799828
-0.0806630722677969
-0.02924722119557792
0.08095385731486757
-0.5914365838698692
0.0
0.02924722119557785
0.08095385731486746
0.31367642597998313
0.08066307226779804
0.0680097794090547
0.1243415156172544
-0.13030100184752308
0.03617054256740146
-0.04811539667444226
0.09037841686560874
-0.011749368384020561
-0.02676257905663998
-0.12362996572395582
-0.01165566631517255
-0.2017487298153961
0.005820619839898025
-0.08832882422707733
0.19085904268018847
-0.0466403004877547
-0.06541559684692506
-0.03963166628422948
0.3498727035666811
-0.07964949320723981
0.0023742013918197358
0.0656575214690264
0.0729304799974217
0.009102888874575776
0.04456700662410008
-0.0957247904126774
0.16046726639792777
0.10760086389793704
-0.04969484009146853
-0.028318635864819086
0.19918627956517165
-0.010754502952096345
0.0823000359711585
-0.01783392507854903
0.03484644183543694
-0.057518970526795166
0.020567983664839896
0.07311220419711939
-0.040977553999067884
0.06723333705620968
-0.008301140728440175
0.06962917096530544
-0.24738196919992914
-0.11451911351792199
1.0824674490095276e-15
-0.06962917096530442
-0.2473819691999291
0.06723333705620987
0.008301140728439585
-0.07311220419711967
-0.040977553999067606
-0.05751897052679482
-0.02056798366483989
0.017833925078548314
0.034846441835436476
-0.010754502952095485
-0.08230003597115726
0.028318635864818725
0.199186279565172
0.1076008638979373
0.04969484009146863
0.0957247904126767
0.16046726639792824
0.009102888874575166
-0.04456700662409949
-0.06565752146902615
0.07293047999742147
-0.0796494932072408
-0.002374201391819368
0.03886250381401604
-0.19693344649616096
-0.04306077378639689
0.09157107583854307
-0.05319350152709588
0.08979583416065252
0.04015003047852966
-0.06929478251599464
0.05648317451033036
0.03948368734451094
-0.117784202446587
0.03630765466039207
-0.06394815809761618
0.02930069903808022
0.17305672970169272
-0.09173856763463684
-0.0257851988059698
0.07204206284112072
0.04489986117633239
-8.640756633671032e-05
-0.02677615986939936
0.10375950944384717
0.015118884920331532
0.07737792464695781
-0.05487712136617667
-0.11122032496427611
0.199832972517749
-1.5265566588595902e-16
0.05487712136617742
-0.11122032496427586
0.01511888492033217
-0.07737792464695789
0.026776159869399838
0.1037595094438455
0.04489986117633343
8.640756633600255e-05
0.025785198805970175
0.07204206284111994
0.17305672970169184
0.0917385676346362
0.063948158097616
0.029300699038079775
-0.11778420244658616
-0.03630765466039183
-0.056483174510331136
0.03948368734451052
0.04015003047852996
0.0692947825159948
0.05319350152709709
0.08979583416065164
-0.04306077378639567
-0.09157107583854368
-0.03886250381401518
-0.19693344649616185
0.12184597790343149
-0.024297067581430257
0.04872214900875159
0.017254836467286788
-0.03801788695716002
-0.06219955152931411
0.08780948124317453
0.16316931477156807
-0.01881534744601565
0.028245278274374896
-0.013885268229597972
-0.0022911835125875163
-0.06706915218661724
-0.03756771108172935
0.11308339255102691
-0.01792868227716804
0.007443536717711585
0.04821898335992279
0.0373180451835809
-0.14442719147050476
-0.11768901027978684
-0.02200084963412169
-0.0033285327172396448
-0.17348838483121803
0.12446249424984068
-0.0819327350872701
-0.041934283322935764
0.0005913394687228207
0.004213750428206833
-2.0816681711721685e-16
0.04193428332293486
0.0005913394687220158
0.12446249424984007
0.081932735087269
0.0033285327172395685
-0.17348838483121834
-0.11768901027978662
0.022000849634121328
-0.0373180451835806
-0.14442719147050498
0.007443536717711197
-0.048218983359923
-0.11308339255102663
-0.017928682277168817
-0.0670691521866173
0.03756771108172899
0.013885268229597299
-0.0022911835125875787
-0.018815347446015346
-0.028245278274374522
-0.0878094812431742
0.16316931477156776
-0.03801788695716213
0.06219955152931414
-0.048722149008752075
0.01725483646728712
0.1218459779034316
0.024297067581430548
0.03021305279074614
-0.27865612561898123
-0.014163198190348482
0.06271454704432392
-0.013557879413165358
-0.13767722757179413
0.09238351409235052
0.07593190499928695
-0.1253970826302172
0.0022788367697750833
0.07952762199053076
-0.02857354102529469
-0.036974563820918564
-0.023916010724085335
0.20866349622700545
0.03221815017998811
-0.09896376124864958
0.04316758441746746
0.015333255867533174
0.045055718250351706
-0.03909274163870963
-0.14772716729692587
0.2079173093874197
-0.001327327976740851
0.039905215863041216
-0.23321882885733347
-0.11377405487759551
0.05628826243693466
0.10054678957829324
-0.05612170933118735
0.09177268515819859
-3.191891195797325e-16
-0.10054678957829329
-0.05612170933118674
-0.11377405487759532
-0.05628826243693422
-0.0399052158630422
-0.2332188288573337
0.20791730938742004
0.0013273279767409898
0.039092741638709516
-0.14772716729692575
0.015333255867533188
-0.04505571825035172
0.09896376124864939
0.043167584417467694
0.20866349622700503
-0.03221815017998762
0.036974563820918266
-0.02391601072408492
0.07952762199052989
0.028573541025294052
0.12539708263021745
0.0022788367697754164
0.09238351409235035
-0.07593190499928626
0.013557879413165094
-0.13767722757179404
-0.014163198190348919
-0.06271454704432439
-0.030213052790746472
-0.27865612561898095
0.15785451089037603
-0.030861821910822623
0.009789027478304402
0.0036164317548969677
0.07861121189697959
-0.06852332875710257
0.02495046859294975
0.07999239106015649
-0.055918136918342465
-0.10590305245057359
0.08629255757679369
0.0466828333992223
-0.031968051290272664
-0.03696307687432031
0.0780759924917535
-0.01277290509905847
-0.08648163982280507
-0.030940669532621215
0.014467307552181716
-0.10974281343822823
0.06176124507466017
-0.10254477019988167
0.043408296412641934
0.07753885124151544
0.18325417190457516
0.0241414997177369
-0.09230348958459264
0.1221244591797758
-0.08207764530670031
0.01254244489810652
-0.04045455743881274
-0.024204510974349364
0.28725559252018434
7.077671781985373e-16
0.040454557438812946
-0.02420451097434942
-0.08207764530670046
-0.012542444898106825
0.09230348958459249
0.12212445917977599
0.1832541719045761
-0.024141499717736888
-0.04340829641264229
0.0775388512415147
0.061761245074659764
0.10254477019988163
-0.014467307552181383
-0.10974281343822787
-0.08648163982280499
0.03094066953262095
-0.07807599249175347
-0.012772905099057985
-0.031968051290273136
0.0369630768743202
-0.08629255757679383
0.04668283339922291
-0.055918136918342354
0.10590305245057435
-0.024950468592950165
0.0799923910601561
0.07861121189698028
0.06852332875710215
-0.009789027478304083
0.003616431754896555
0.15785451089037617
0.030861821910821874
-0.002179000387310323
-0.04055857578230879
0.012611220777295595
0.03686320902415596
0.04039629365202735
-0.19062540026495423
0.06443661040094661
0.13199673719028504
-0.04279217985481182
-0.19076217643161744
0.1863975247298481
0.15214853736130118
-0.07408845893214203
-0.07510033791361609
0.07443489953360882
0.08694584771824906
-0.0731223488663729
-0.1596248492221088
0.12933069652896423
0.07767507101497725
0.04823639045663834
-0.11576540946413139
-0.11092571798298795
0.05617243563107453
-0.010134282281208017
-0.09823555167106782
-0.12098670023381777
-0.00041569048262312183
0.07442426433035282
-0.09869856708098161
-0.029703119944890027
-0.07707780159358456
0.005052545042969016
0.180922824590664
-0.08689353613645928
-9.71445146547012e-17
-0.0050525450429693974
0.18092282459066383
-0.02970311994488989
0.07707780159358463
-0.07442426433035293
-0.09869856708098139
-0.12098670023381863
0.00041569048262237243
0.010134282281208072
-0.0982355516710677
-0.11092571798298795
-0.056172435631074095
-0.0482363904566391
-0.11576540946413208
0.12933069652896448
-0.07767507101497664
0.07312234886637278
-0.1596248492221084
0.07443489953360935
-0.08694584771824922
0.07408845893214158
-0.07510033791361632
0.18639752472984902
-0.15214853736130185
0.04279217985481219
-0.19076217643161786
0.0644366104009468
-0.13199673719028543
-0.04039629365202679
-0.19062540026495436
0.01261122077729565
-0.03686320902415528
0.0021790003873110586
-0.04055857578230923
-0.10550045749372017
-0.0162968136916901
0.007459250150092606
0.03608614343128588
0.046312938916594826
-0.04265934292705121
-0.025834152462551083
-0.03068970238548857
0.009394598108862784
-0.14237307449775566
0.0570389056094346
0.14122537899805038
-0.06127111700107549
-0.11313912915979943
0.0519062673234823
-0.041107360971666736
-0.03324675497401741
-0.06279513200194814
0.04077605890503716
0.09027239004955584
0.06562125901465046
-0.0690445037021705
-0.05628404751248603
0.09044722587520743
-0.015579394329026997
-0.015588586833533091
-0.03768716701665682
0.0322436167814156
0.07688834216762197
0.0017707530603356808
-0.0037690238344691707
0.10139754835374634
-0.027693162053987065
0.07884204073108414
-0.0038166509591021566
-0.09455499024418029
-0.2954375757464641
5.828670879282072e-16
0.003816650959102441
-0.09455499024417927
-0.027693162053987204
-0.07884204073108417
0.0037690238344695592
0.1013975483537464
0.07688834216762269
-0.0017707530603352506
0.0376871670166566
0.03224361678141563
-0.015579394329027371
0.015588586833532203
0.05628404751248656
0.09044722587520689
0.06562125901465048
0.0690445037021695
-0.040776058905037396
0.09027239004955556
-0.03324675497401677
0.06279513200194836
-0.05190626732348198
-0.04110736097166717
-0.061271117001076195
0.11313912915980015
-0.05703890560943442
0.1412253789980511
0.009394598108862173
0.14237307449775463
0.025834152462550206
-0.03068970238548846
0.04631293891659431
0.04265934292705104
-0.007459250150094021
0.036086143431285606
-0.10550045749372011
0.016296813691688602
