37.5210456327242
-2.898094004456399e-15
6.974706549544976
-1.2406512546759183
5.445679268212679
8.125937553562789e-16
-6.9747065495449885
-1.2406512546759263
3.490145136861775
-1.2305298806527518
1.2250648671653313
-0.25671102921662603
6.696584640744127
-2.7493952697629474e-16
-1.2250648671653384
-0.2567110292166241
3.490145136861772
1.2305298806527492
3.496123483122048
0.19241987639635724
1.5241567765163067
-0.5631104357787174
-0.5947191517268131
0.7912569905007695
2.834658837166843
-8.809744092970433e-16
0.5947191517268232
0.791256990500768
1.5241567765163107
0.5631104357787214
-3.4961234831220422
0.19241987639635594
0.6725263486062016
-0.48330796582112207
0.5352905320543392
0.24112458679682555
-0.03272367004271454
-0.8196675005061222
0.7792906867663945
-0.43847949114076273
-0.404080502024345
1.1952422323497505e-15
-0.7792906867663997
-0.43847949114076673
-0.03272367004271756
0.8196675005061216
-0.5352905320543374
0.24112458679682736
0.6725263486061911
0.48330796582112545
0.4211466282145544
0.09883671949987492
0.5097143874585621
-0.3354948948457435
0.6629096082603754
0.5642077465104304
0.8757234745925939
-0.4860472393575502
-0.24303668661306616
0.1180441550903419
0.19188076313630603
-5.041410050318626e-16
0.2430366866130644
0.11804415509034565
0.8757234745925937
0.4860472393575488
-0.662909608260376
0.5642077465104316
0.5097143874585655
0.33549489484574363
-0.4211466282145546
0.09883671949987932
0.33191326806225196
0.3898273174836921
0.23327240093672924
0.15904032502917514
-0.36156319606088244
-0.5290283323144594
0.2630448475218981
0.2686179998950088
-0.6057789245650316
0.12722477058051462
0.2600282634148351
-0.5092362397435994
-0.7651955426737365
-2.3592239273284576e-16
-0.2600282634148341
-0.5092362397435989
-0.6057789245650317
-0.12722477058051457
-0.26304484752189816
0.2686179998950075
-0.361563196060884
0.529028332314458
-0.2332724009367274
0.15904032502917542
0.33191326806225324
-0.38982731748369137
-0.3144013650427896
0.07282855163554114
0.09036423281005582
-0.041767271775443704
0.07953159290003636
0.1390992860829569
0.42287447391267374
-0.49235040265466057
0.020459357890899976
0.0767413324274491
-0.4849260611423314
0.23473036401552821
0.26157426824573554
-0.377400863717431
0.42958013864416167
3.400058012914542e-16
-0.26157426824573343
-0.37740086371743164
-0.48492606114233067
-0.23473036401552647
-0.020459357890901003
0.07674133242744868
0.42287447391267385
0.49235040265466035
-0.07953159290003473
0.1390992860829549
0.09036423281005784
0.04176727177544425
0.3144013650427874
0.07282855163553825
-0.20746615325296436
0.29059276415988455
0.07874971748965509
0.014290186056221052
-0.01978863667348929
0.3135042666362773
-0.05533107774201507
0.3115618948103431
-0.14340537043932555
-0.27015313244599015
0.06991028357064147
-0.04538796353064993
-0.3617742152980688
0.425378975499648
-0.37760020076636247
-0.08240707851804663
0.2363542898489278
9.159339953157541e-16
0.3776002007663626
-0.08240707851804724
-0.3617742152980683
-0.4253789754996487
-0.06991028357064334
-0.04538796353064904
-0.14340537043932777
0.2701531324459903
0.055331077742012735
0.3115618948103433
-0.01978863667348979
-0.31350426663627873
-0.07874971748965265
0.014290186056222134
-0.20746615325296436
-0.2905927641598861
-0.17564072687907556
0.25201112267386094
0.010363895574508786
0.04887186847337825
-0.31906685161822224
-0.03949025823613181
0.033928783265564186
-0.04837132458239107
-0.04391101479503674
0.14503869010210962
0.030945497807812306
-0.03942239944191639
0.12458015953477558
-0.29630564203055476
-0.17812490648706347
0.21697874971267866
-0.38218576173848734
0.023422589693778174
0.41828686345545224
5.551115123125783e-16
0.38218576173848706
0.023422589693779323
-0.1781249064870629
-0.21697874971267786
-0.12458015953477664
-0.2963056420305554
0.030945497807811972
0.03942239944191644
0.04391101479503484
0.1450386901021088
0.033928783265563256
0.048371324582391365
0.31906685161822124
-0.03949025823613109
0.010363895574509258
-0.04887186847337725
0.17564072687907423
0.25201112267385967
-0.28290680757503667
0.006922084842634041
-0.01640316468416307
-0.006600139807504832
-0.08650390629498124
0.23520313667370885
-0.12499214490459432
0.0904816367063126
0.11376370091576615
0.11336921405366586
-0.38678917064530877
0.24538351310988837
-0.00979770450534112
0.11411101332520884
0.10018224891642807
0.09410730426420197
-0.02890899836134954
-0.03719814001315834
-0.5300217230227267
0.48933967217886654
-0.0075854138805941315
-6.175615574477433e-16
0.5300217230227243
0.48933967217886676
-0.028908998361348914
0.03719814001315863
-0.10018224891642735
0.09410730426420147
-0.009797704505340205
-0.11411101332520898
0.386789170645309
0.24538351310988787
0.11376370091576488
-0.11336921405366701
0.1249921449045931
0.09048163670631246
-0.08650390629498128
-0.2352031366737076
0.016403164684161586
-0.006600139807504138
-0.2829068075750377
-0.0069220848426369275
-0.19156498048316056
0.10670051276932074
-0.007080007481012167
0.046890739914253826
-0.23396307783785222
0.09339045146434494
-0.02114172543575482
0.10466291310337916
-0.23590810683803046
0.04010580241433698
-0.024684202128266317
0.027684815938425228
-0.19519106486211962
-0.013799727734289106
0.07498023418660171
0.20714317332713114
0.17276434037508495
0.11510964331122553
-0.055188510291936166
-0.19379738839019123
-0.34989899963665827
0.17636112205290708
-0.05150924678326907
3.885780586188048e-16
0.34989899963665805
0.1763611220529075
-0.05518851029193686
0.193797388390191
-0.17276434037508331
0.11510964331122664
0.0749802341866026
-0.20714317332713084
0.19519106486212112
-0.013799727734288364
-0.02468420212826633
-0.02768481593842416
0.2359081068380306
0.04010580241433691
-0.021141725435755654
-0.10466291310337913
0.2339630778378523
0.09339045146434598
-0.007080007481012743
-0.04689073991425369
0.19156498048316073
0.10670051276932016
-0.12845942557026868
-0.00814099982949339
-0.07016470766422969
0.008631754565998226
-0.03597886583250462
-0.07404221531527988
-0.15723542471938445
0.025518604964094527
0.007819640209884002
0.10287660760256875
-0.27580759955374745
0.16009026716981917
0.2017909102089651
-0.025135769963167992
-0.36379334370198235
0.1726843589745783
-0.24373897922660348
0.06987060381205168
0.22303396215412838
0.32772954522039016
0.01838449811029537
-0.1115845760125169
-0.20559955820142525
0.3636261280294827
-0.3672202776187573
6.106226635438361e-16
0.20559955820142778
0.3636261280294821
0.018384498110295286
0.11158457601251634
-0.22303396215412913
0.3277295452203908
-0.24373897922660331
-0.06987060381205201
0.3637933437019819
0.1726843589745779
0.20179091020896445
0.02513576996316766
0.2758075995537471
0.16009026716981956
0.0078196402098832
-0.10287660760256945
0.1572354247193839
0.02551860496409454
-0.03597886583250395
0.0740422153152795
0.07016470766422944
0.008631754565998656
-0.12845942557026882
0.008140999829494566
-0.1754859798976171
-0.10416342314253385
-0.04680382957932255
0.012354821125453788
-0.1052337625989028
0.09257566433343967
0.047696735060765216
0.05892063473299147
-0.20734445010418406
0.023297861810860118
-0.16759993237833898
0.0972203525639441
-0.22002110011059378
0.16453180443427612
0.23650651211318016
-0.016718387611493746
0.01001345001506411
-0.014908164388994963
-0.4812180873094881
0.06789505478526844
-0.046010717124293
0.26186550386291874
0.25455462170928755
-0.06727864781974743
0.2077442152886232
0.08233405685885745
-0.8242474287925436
-6.800116025829084e-16
-0.20774421528862497
0.08233405685885756
0.2545546217092881
0.06727864781974852
0.046010717124292666
0.2618655038629185
-0.481218087309488
-0.0678950547852692
-0.010013450015063347
-0.014908164388995455
0.23650651211318027
0.01671838761149324
0.2200211001105935
0.16453180443427518
-0.16759993237833895
-0.09722035256394382
0.207344450104185
0.02329786181085916
0.04769673506076555
-0.05892063473299147
0.1052337625989035
0.09257566433343915
-0.046803829579322644
-0.012354821125453958
0.17548597989761694
-0.10416342314253346
-0.12999479555152682
-0.07045055995061933
-0.06680902629480734
-0.008302961076844667
0.01469896542661392
-0.05127206523839756
-0.14662043859529122
0.07975704449616401
0.08592368181994017
-0.11707533337680337
-0.16508306067867218
0.0038204943287273724
-0.014942655743109878
-0.04149425287624817
-0.2431926785075795
0.15251269979499596
-0.03379203495717595
0.0334637202626496
0.24210628602509962
-0.03474384232393957
-0.187295482151144
-0.0799463230271955
-0.3581378853894982
0.1036821766598934
-0.20546131500591377
0.10512856642192557
0.5703417443247557
-0.12771283436938924
-0.09371328519463085
-4.926614671774132e-16
-0.5703417443247558
-0.1277128343693915
-0.20546131500591472
-0.10512856642192618
0.35813788538949864
0.10368217665989454
-0.18729548215114453
0.07994632302719522
-0.24210628602509934
-0.034743842323939456
-0.033792034957174866
-0.03346372026264938
0.24319267850758022
0.1525126997949963
-0.014942655743110628
0.04149425287624872
0.1650830606786721
0.003820494328728302
0.08592368181994041
0.11707533337680272
0.146620438595291
0.07975704449616416
0.014698965426613614
0.05127206523839591
0.06680902629480702
-0.008302961076844452
-0.12999479555152693
0.07045055995061972
-0.10269029274817454
-0.09683101801483623
-0.057589702956508615
-0.005517222235691163
-0.013192218925790922
-0.03469360523782774
-0.031392428041913084
-0.024609407765332665
-0.0901113634299735
0.08501237701516032
0.008075695172984829
0.07498330264814548
-0.11589034277295863
0.08533250292005856
-0.08408305072144542
-0.0785359719687507
-0.031461837200097174
0.04740075928679144
-0.24559258296587472
0.14559013941623533
0.06907250115258487
0.09986604227362501
0.08580487078973009
-0.12601749764925363
-0.019341557729898706
-0.16761543405546053
-0.4635211093477617
0.23293573297290351
0.05111097986004799
0.010428133577538912
0.2489816788395361
6.522560269672795e-16
-0.0511109798600477
0.010428133577538523
-0.46352110934776297
-0.23293573297290518
0.01934155772989886
-0.16761543405546023
0.0858048707897306
0.12601749764925468
-0.06907250115258573
0.09986604227362539
-0.2455925829658755
-0.14559013941623455
0.03146183720009692
0.04740075928679212
-0.08408305072144487
0.07853597196875078
0.11589034277295844
0.08533250292005967
0.00807569517298476
-0.07498330264814564
0.09011136342997378
0.08501237701515957
-0.03139242804191297
0.024609407765332297
0.013192218925790838
-0.034693605237827704
-0.05758970295650934
0.005517222235690886
0.10269029274817487
-0.0968310180148359
-0.11901790916738297
-0.16815478718213228
-0.027218193642167696
-0.019079891118634104
-0.05824339267581338
-0.0102719006826658
-0.07964209895907974
0.04606964155177624
0.0791351893782376
-0.04532171706345178
-0.11280124220727143
0.0052326462795335565
-0.006593571856035818
-0.09928167267539133
0.0066306833377405006
0.022106259785554083
-0.09427525587246983
0.0432627361513066
0.11960465764250154
-0.2656637436236136
-0.06993433054780591
0.04921313218723032
-0.17270467141477006
-0.027687007633961813
-0.0612204799116787
0.05723212609388076
0.26840566339935557
-0.40378897672316605
0.17682350943306438
-0.05833320576208581
-0.4604128004852594
-0.19954931272059961
-0.11782087218661141
-2.220446049250313e-16
0.46041280048526007
-0.1995493127205982
0.17682350943306452
0.0583332057620871
-0.2684056633993553
-0.4037889767231668
-0.06122047991167914
-0.05723212609388109
0.1727046714147702
-0.027687007633961175
-0.06993433054780565
-0.04921313218723114
-0.11960465764250267
-0.26566374362361356
-0.09427525587247064
-0.0432627361513071
-0.006630683337740112
0.022106259785552945
-0.006593571856036207
0.09928167267539201
0.11280124220727142
0.005232646279533043
0.07913518937823709
0.045321717063452005
0.07964209895907921
0.04606964155177629
-0.058243392675812744
0.010271900682666452
0.027218193642165052
-0.019079891118634118
-0.11901790916738303
0.16815478718213228
-0.07242837513437994
-0.039267930588722466
-0.06441161878819181
0.02759358771623066
0.0006125737369812451
-0.12084131503169365
-0.11490172408849977
-0.05356591037205577
-0.03952112449042702
-0.06941352483680813
0.10338091480495759
0.026185034308982266
-0.03756452636949187
-0.02430761774316592
-0.028506809653062598
-0.020950437170865727
-0.043768022763971924
0.03193695828558704
0.02066020685596387
0.07604880203967694
0.10330139008258882
-0.13777119359014234
0.22947734864221236
-0.0570061239462436
-0.19631551107619663
-0.06444602762534901
-0.09431544255787275
0.1647612639865339
0.20538517675488777
-0.10578679754502411
0.5919884372023014
-0.1524750221601774
-0.2234611394905402
-0.06737556389643412
-0.21736444933059526
-5.689893001203927e-16
0.2234611394905402
-0.06737556389643501
0.5919884372023011
0.15247502216017822
-0.2053851767548873
-0.10578679754502332
-0.09431544255787244
-0.16476126398653473
0.19631551107619669
-0.06444602762535001
0.22947734864221314
0.05700612394624327
-0.10330139008258829
-0.1377711935901429
0.02066020685596265
-0.07604880203967682
0.043768022763971695
0.031936958285586646
-0.028506809653061904
0.020950437170865532
0.03756452636949231
-0.024307617743166143
0.10338091480495756
-0.026185034308981642
0.039521124490426676
-0.0694135248368083
-0.11490172408849933
0.05356591037205512
-0.0006125737369809814
-0.12084131503169303
-0.06441161878819317
-0.027593587716230827
0.0724283751343795
-0.039267930588721495
-0.008053270512888622
-0.024643707487509048
-0.046500686674695285
-0.04315915694475031
-0.012342801276474413
-0.0924024897187331
-0.06312357483619369
-0.09612064304450206
0.011763475431637728
-0.01591122305218809
-0.019524333086553353
-0.09980861960957235
0.1363499980572852
0.06183360534503038
0.06117907794070665
-0.09345265566687841
-0.005718095080211261
-0.016163109520920538
0.06713988158713731
-0.11039847138048858
0.13514438384156235
0.059603104637155596
-0.14121591981063236
-0.06321887023941675
0.14915354140072484
-0.04826069363641203
0.15073697056454122
-0.14012887284118353
0.100029551054358
-0.07443308651319225
-0.1918334897180839
0.15856486829332622
0.15189264297933708
-0.09006943299227038
0.2713659190682272
-0.011087047470724587
0.08456041321073848
1.3877787807814457e-17
-0.27136591906822755
-0.011087047470725295
0.1518926429793374
0.09006943299226922
0.19183348971808417
0.158564868293326
0.10002955105435751
0.07443308651319286
-0.15073697056454097
-0.14012887284118325
0.14915354140072418
0.04826069363641203
0.14121591981063236
-0.06321887023941683
0.13514438384156247
-0.059603104637155
-0.06713988158713736
-0.11039847138048756
-0.005718095080211538
0.016163109520920704
-0.061179077940707316
-0.09345265566687722
0.13634999805728573
-0.061833605345030004
0.01952433308655324
-0.09980861960957199
0.011763475431637221
0.015911223052187645
0.0631235748361947
-0.09612064304450202
-0.012342801276474719
0.09240248971873324
0.046500686674694376
-0.04315915694475034
-0.008053270512889177
0.024643707487509048
