53.690688513294354
-3.6354939541380065e-15
-0.7236536555212822
0.36510025117457673
0.11134745495938692
1.7292160892559894e-15
0.7236536555212542
0.3651002511745699
-8.014474165421369
-1.0731803189867324
-0.14844183155788385
0.1668944346028451
-3.5000409017119694
1.7928520740784306e-15
0.1484418315578805
0.16689443460284556
-8.014474165421367
1.0731803189867186
0.9241586353801914
0.7160382297008261
0.07923071869300088
-0.24781280669816544
0.40527060241687374
-0.23238908800921956
-0.15216774138184647
-1.3561407068014588e-15
-0.40527060241686813
-0.23238908800922164
0.07923071869299876
0.2478128066981649
-0.9241586353801892
0.716038229700831
-0.5357068666811227
-0.08385468762456742
0.14332022610227235
0.13829915605780624
1.1070845308304307
0.5482458446889669
0.13660384320831265
-0.15046356092569352
-2.7671794054997707
-4.317946031230954e-16
-0.1366038432083182
-0.15046356092569427
1.1070845308304222
-0.5482458446889646
-0.1433202261022672
0.13829915605780402
-0.5357068666811294
0.08385468762456826
-0.4206037413113187
-0.5077473330995511
-0.26670893932888984
0.06070791143689796
-0.3895312693452845
-0.11619919260963679
-0.06090136881730432
0.17139446474654316
-0.10143230929742936
0.10903632692461755
0.04936087387785609
-8.407492677949084e-17
0.10143230929742783
0.10903632692461958
-0.060901368817307455
-0.17139446474654138
0.38953126934528687
-0.1161991926096379
-0.26670893932888895
-0.0607079114368992
0.4206037413113165
-0.5077473330995493
1.1387034879508957
0.6266682156093175
0.08126761261250315
-0.12810156259244457
-0.32972640424749655
-0.11677663960069945
-0.1051633598895848
-0.07354510188955518
1.3448848948309875
-0.20700539982166596
-0.024709676551715454
0.0013465037917367584
0.6588724217839601
-3.885780586188048e-16
0.024709676551715118
0.001346503791736689
1.3448848948309888
0.20700539982166613
0.10516335988958539
-0.07354510188955594
-0.32972640424749583
0.11677663960069934
-0.08126761261250239
-0.12810156259244382
1.1387034879508948
-0.626668215609317
0.6182496421417613
0.28413337521871374
0.14270986978495828
0.006503136348849914
0.2829028271343971
0.12357023816202295
0.14008682517137497
-0.09270959784476004
0.0617759746226966
-0.15335888947113507
0.030135243801999584
0.0066185146729986506
-0.07740653493634064
-0.028601938748555364
0.10201754444380856
-2.8796409701215e-16
0.0774065349363407
-0.02860193874855463
0.03013524380200006
-0.00661851467299894
-0.061775974622697974
-0.15335888947113557
0.14008682517137538
0.0927095978447599
-0.28290282713439785
0.12357023816202305
0.1427098697849591
-0.006503136348849303
-0.6182496421417609
0.2841333752187146
-0.49612410488198205
-0.24234901106517928
-0.05792761768566082
0.0831355165328466
0.3177371631447784
-0.12289148963198408
0.05354621334187784
0.15694483934669054
-0.17062213986416733
0.12381162412376855
0.01218009047379498
0.02255098229900906
-0.5500432213138557
0.03159937550175268
-0.07509204574183138
0.16086069677394907
0.36614030296767414
-4.85722573273506e-16
0.07509204574183274
0.16086069677394893
-0.5500432213138553
-0.031599375501752375
-0.01218009047379609
0.022550982299009356
-0.17062213986416638
-0.12381162412376875
-0.05354621334187741
0.15694483934669043
0.31773716314477696
0.12289148963198374
0.057927617685661924
0.08313551653284568
-0.4961241048819806
0.2423490110651789
-0.3055855570806762
-0.2515957897754513
-0.14683391621937553
0.017805255638985634
-0.05057493564061771
-0.15964725050724568
-0.18672855626023566
0.0018004829338171546
-0.09879955773281635
0.06318221102799303
-0.003989755259974359
0.03748301123422211
0.10662862932661926
0.17084666840761653
-0.03566654072749377
-0.12988590905370606
0.10831691123048907
-0.010189365077313411
-0.1812360197980314
-3.642919299551295e-17
-0.10831691123048846
-0.0101893650773128
-0.035666540727494034
0.12988590905370626
-0.10662862932661872
0.17084666840761698
-0.003989755259975164
-0.03748301123422154
0.09879955773281587
0.06318221102799426
-0.18672855626023507
-0.0018004829338179942
0.05057493564061799
-0.15964725050724612
-0.14683391621937683
-0.017805255638985627
0.3055855570806767
-0.2515957897754524
-0.049494446165723405
0.25218669992149567
0.07805975998795853
-0.12452128762660425
-0.2635642417702477
0.0671820233703821
0.055633942521901014
-0.17358458704405505
-0.20614569950407785
-0.037385761667637976
-0.08337441445219974
-0.10290701853162035
0.31720612093559186
-0.04214326137029121
0.07255151397639856
-0.04280484477530577
-0.4339909863989522
0.020784725600916987
0.08939673420280078
-0.22574787658213813
-0.12599439387322886
-4.198030811863873e-16
-0.0893967342028011
-0.22574787658213835
-0.43399098639895184
-0.020784725600917493
-0.0725515139763989
-0.042804844775305134
0.3172061209355907
0.04214326137029223
0.08337441445219954
-0.10290701853161915
-0.2061456995040768
0.03738576166763813
-0.05563394252190201
-0.17358458704405522
-0.26356424177024873
-0.06718202337038195
-0.07805975998795806
-0.12452128762660461
-0.04949444616572318
-0.2521866999214951
0.2162393807224061
-0.20954568499642579
0.12451785819367592
0.0297905360034783
-0.10975375538552083
-0.00351511004604578
0.10609899028460218
0.10419375196239714
-0.0628732144403987
0.047317283899322826
0.09549833108575818
0.0029666817628321435
-0.049399011592510034
-0.09562109819360831
-0.039628503422434465
0.06742938756041059
-0.12864495860092479
-0.06130040371875792
0.07434582036015192
0.13251493749163956
-0.0642092678666166
0.03744106732517517
0.15694823691658288
-1.3530843112619095e-16
0.06420926786661657
0.037441067325174104
0.07434582036015247
-0.13251493749163953
0.12864495860092504
-0.06130040371875789
-0.03962850342243573
-0.06742938756041164
0.049399011592509645
-0.09562109819360716
0.0954983310857582
-0.002966681762831422
0.06287321444039809
0.04731728389932252
0.10609899028460223
-0.10419375196239682
0.10975375538551986
-0.003515110046045322
0.12451785819367564
-0.0297905360034785
-0.21623938072240634
-0.20954568499642523
0.3441617337263435
-0.24247435217540503
-0.0757868381433453
0.1057310368150878
-0.05318725322303555
0.07911061318892004
-0.051333227317789124
0.06827524588042326
0.18767769919265959
0.05181947274124763
0.013715695978940848
0.1296659215114629
-0.21983000276254494
0.04387680410645562
0.006144388885091806
0.017000667536054913
0.03295961442727695
-0.02381261448911242
-0.10495974479210446
0.08783918122979092
0.24768983351844148
-0.03491710739215623
-0.04062248141052188
0.17325352502338004
-0.011448890622070107
-4.0245584642661925e-16
0.04062248141052192
0.17325352502337996
0.24768983351844137
0.03491710739215672
0.10495974479210346
0.0878391812297904
0.03295961442727623
0.023812614489112094
-0.006144388885090998
0.01700066753605564
-0.21983000276254488
-0.04387680410645474
-0.013715695978941084
0.12966592151146294
0.1876776991926597
-0.051819472741247555
0.051333227317788444
0.06827524588042287
-0.05318725322303572
-0.07911061318891895
0.07578683814334472
0.10573103681508783
0.34416173372634284
0.24247435217540436
-0.37022554693470133
0.12931123635877245
-0.09688304023150277
-0.024148445688946987
0.07372666780085371
0.05984519236093855
-0.052770453238806504
-0.05860720268544195
0.14040989974094537
-0.01569603345299541
-0.07135719424869223
-0.06995750512304982
0.06256761384387804
0.009615433825644143
0.029526772017852893
-0.023914808008476233
0.08926731057932834
0.023814814724163857
0.002090022716879282
-0.13154625079466006
0.07032847248126188
-0.041530021289643115
-0.10365986115145423
-0.06160655882787658
0.020446717900570975
-0.06677195664937181
-0.08871541678615288
-1.3877787807814457e-17
-0.02044671790057081
-0.06677195664937213
-0.10365986115145338
0.06160655882787624
-0.07032847248126223
-0.041530021289642644
0.0020900227168789143
0.13154625079466045
-0.08926731057932803
0.02381481472416369
0.029526772017853392
0.023914808008476115
-0.06256761384387755
0.009615433825644823
-0.07135719424869216
0.06995750512304949
-0.14040989974094584
-0.0156960334529959
-0.05277045323880608
0.05860720268544237
-0.07372666780085377
0.05984519236093901
-0.09688304023150336
0.024148445688947112
0.3702255469347012
0.1293112363587715
-0.2705876739238789
0.20118767159811674
0.05864202301005017
-0.11359197366507791
0.2298165280455232
0.004584348762597376
0.005601780377351252
-0.0631893537254043
-0.03262531649469014
-0.05957594116322584
0.012602808058416938
-0.06680272295040487
0.1386178361318668
-0.050672258588430455
-0.04872872101040454
-0.013226119630635202
0.20193847090537537
-0.003827978342332755
0.08074818070925997
0.03528358137666962
-0.14315741193151604
0.03545485205482951
0.0817153983829557
-0.08612226240777088
0.21700146855776709
0.0526227384122501
-0.003900418819389573
-0.06463929575606867
0.05623370516272358
1.5265566588595902e-16
0.003900418819389108
-0.0646392957560687
0.21700146855776814
-0.0526227384122504
-0.08171539838295523
-0.08612226240777074
-0.14315741193151646
-0.03545485205483003
-0.08074818070925951
0.03528358137666983
0.2019384709053752
0.003827978342332214
0.04872872101040426
-0.01322611963063507
0.138617836131867
0.05067225858843112
-0.012602808058416168
-0.06680272295040456
-0.03262531649469069
0.059575941163225524
-0.00560178037735095
-0.0631893537254047
0.22981652804552333
-0.004584348762596863
-0.058642023010050615
-0.11359197366507699
-0.27058767392387983
-0.20118767159811768
0.1005139618968508
0.037787338382554214
0.0738634944076369
0.02828841264386533
-0.02984774397830106
-0.045128944764748644
0.05086325806967998
0.062214835924952236
-0.10720111337273042
-0.0052421160272416445
0.03553252317665253
0.07870386737839918
-0.05077844844812307
0.02615333354476085
0.028889575071028527
-0.013969339934922193
-0.04395215603011251
-0.0077751781349928925
-0.08489343913417666
0.04220229489215048
-0.04675160676021002
0.05116489772141672
0.045198669710523304
0.11592869762788041
-0.008435183105699573
0.07513391257336555
0.09747822482028508
0.002400837142715384
-0.0025776046374636832
0.08006374387782329
0.0466955342646409
-7.28583859910259e-17
0.0025776046374638047
0.08006374387782242
0.09747822482028569
-0.0024008371427149816
0.008435183105699746
0.07513391257336574
0.04519866971052289
-0.11592869762788004
0.046751606760210555
0.051164897721416885
-0.08489343913417645
-0.04220229489215068
0.043952156030112065
-0.0077751781349931146
0.02888957507102917
0.01396933993492263
0.05077844844812321
0.026153333544760793
0.035532523176652106
-0.07870386737840004
0.1072011133727298
-0.0052421160272419776
0.05086325806967937
-0.06221483592495171
0.029847743978301866
-0.0451289447647479
0.07386349440763669
-0.02828841264386553
-0.10051396189685086
0.03778733838255399
0.05530269239067165
-0.0182756718354411
-0.04597275415090796
0.07825540642818225
-0.10591306361433743
0.01283696961676134
-0.01596462302026108
0.025877994148609848
-0.003009479509785279
0.03171000819258979
-0.008119834314975871
0.012567314521019224
-0.019050421934010464
0.021896562677134704
0.02531963098799747
0.04750884004308567
-0.21900515624523617
-0.01258882827670578
0.020059201518762226
-0.0733112075790616
0.05392284220524113
-0.017967213346278793
-0.10660916057410738
-0.037862591078796554
-0.06961891539619247
-0.01723964519131578
-0.039984811595244696
0.034760390767086265
-0.21137945526133356
-0.05930442325198979
0.009749936303116075
-0.01737779833936992
-0.22990675785118803
-1.1449174941446927e-16
-0.009749936303116036
-0.017377798339370337
-0.211379455261333
0.0593044232519904
0.03998481159524467
0.034760390767086355
-0.06961891539619276
0.0172396451913149
0.1066091605741071
-0.03786259107879618
0.05392284220524128
0.017967213346279078
-0.0200592015187622
-0.07331120757906175
-0.2190051562452363
0.012588828276704378
-0.02531963098799795
0.047508840043085594
-0.019050421934010853
-0.021896562677133982
0.008119834314976065
0.012567314521019557
-0.003009479509785605
-0.03171000819259112
0.015964623020261706
0.025877994148609806
-0.10591306361433646
-0.012836969616760993
0.045972754150907846
0.07825540642818185
0.05530269239067148
0.018275671835440876
0.12935593235572945
0.0756914257941923
-0.1013157047236376
-0.058349009415742975
-0.0005480796041877761
-0.026537743472877462
-0.04015076532057978
-0.03138291535182275
0.06756086001819087
-0.027441017909262677
-0.014864710195429204
-0.0403811838144911
0.044766661857929026
-0.06947306947671245
-0.03781385171908502
-0.0009294706028242644
-0.038393620747956506
-0.03622113904502188
0.03963294841936621
0.08720560849305209
0.0026585807868330733
-0.04044200993088329
0.04450037408991467
-0.0264618275106489
-0.004936484308970951
-0.11352342576684146
-0.07750222417222968
0.009001233081857685
-0.035699201627022344
-0.12898897276343807
-0.026492160135165532
0.06412144106450332
-0.02800864886490189
-0.09782870245899845
0.01469108845905645
-1.0408340855860843e-17
0.02800864886490166
-0.09782870245899797
-0.026492160135165477
-0.0641214410645027
0.03569920162702243
-0.12898897276343818
-0.07750222417222978
-0.009001233081857407
0.004936484308971506
-0.11352342576684207
0.044500374089914925
0.026461827510648545
-0.0026585807868332173
-0.040442009930883524
0.03963294841936586
-0.08720560849305234
0.03839362074795663
-0.03622113904502142
-0.037813851719084746
0.0009294706028244726
-0.044766661857928144
-0.06947306947671272
-0.014864710195428961
0.040381183814490684
-0.06756086001819067
-0.02744101790926254
-0.040150765320579554
0.03138291535182247
0.0005480796041876998
-0.026537743472877184
-0.10131570472363843
0.05834900941574332
-0.12935593235573
0.0756914257941933
0.22212733257071982
0.01207025843274323
0.05883016071434813
-0.10065576879038501
-0.05241837154323928
-0.03356098702897313
-0.012216776042021288
-0.026712772265696447
0.037239947763405556
-0.003617527574404672
-0.012266440707337234
-0.005211605907012473
-0.09275764269588796
0.0033163214811455927
0.0009116117264687806
-0.02277383633359365
0.09639866237724191
0.03672266448928692
-0.049075794937996506
0.02096765804417296
-0.008295407180286846
0.08284420548906195
0.04814639287845564
0.10239144512701748
-0.11612803335687016
0.0075868058312243206
0.045177177677965835
0.009329683453303997
0.08447795784022473
0.03128205468128105
-0.05134916907353071
0.06898509903006841
-0.023790218140337965
0.07012637628521963
-0.015395382165310938
0.12778538414976937
0.18951624915142998
8.604228440844963e-16
0.015395382165311031
0.12778538414976948
-0.02379021814033841
-0.07012637628522055
0.051349169073531195
0.06898509903006854
0.08447795784022485
-0.03128205468128038
-0.04517717767796585
0.009329683453304104
-0.11612803335687052
-0.007586805831224591
-0.04814639287845571
0.10239144512701767
-0.008295407180286075
-0.0828442054890609
0.049075794937996665
0.020967658044172697
0.09639866237724157
-0.03672266448928843
-0.0009116117264691415
-0.022773836333593683
-0.0927576426958878
-0.003316321481144857
0.012266440707337165
-0.005211605907012459
0.03723994776340478
0.003617527574404339
0.012216776042021482
-0.026712772265696377
-0.052418371543239195
0.03356098702897316
-0.05883016071434788
-0.10065576879038482
0.22212733257071948
-0.012070258432744174
