70.7450564341712
-7.979705140862185e-16
2.4937066505310703
0.08180405647710369
3.720234343957131
-1.4586489874735367e-16
-2.4937066505310392
0.08180405647709922
3.2927862082884145
-0.14908038429587686
-0.011089642486660778
0.06682419292171926
2.446407242011237
-4.549587447107319e-16
0.011089642486657295
0.06682419292171986
3.2927862082884145
0.14908038429587964
1.1483747366163046
0.18204527178400634
0.27394735794285874
-0.13729368399947797
-0.5183926949286458
-0.012434392572791086
1.700456579146709
-6.427277056058149e-16
0.518392694928645
-0.012434392572790113
0.2739473579428604
0.13729368399947825
-1.1483747366163233
0.18204527178400218
-3.2344092525127226
-0.17625681285960695
-0.05656555679581329
0.18222226866606084
0.23980209837717303
-0.011320535941987085
0.1791943088868398
-0.05485299729441908
-5.72685583201129
-5.096297668142996e-16
-0.17919430888683696
-0.05485299729441876
0.23980209837717947
0.011320535941988468
0.05656555679581354
0.18222226866606012
-3.2344092525127257
0.17625681285960554
-0.2336481978460331
0.13579369982587258
-0.3234868424592866
-0.1854372929411992
0.29423558931212235
0.044616750595883735
0.18662870694596895
0.07354798047478349
-0.6279689156109413
-0.026586465832614294
-0.8729676739105607
5.842597450374928e-17
0.6279689156109317
-0.026586465832613433
0.18662870694597133
-0.07354798047478191
-0.2942355893121201
0.044616750595883166
-0.3234868424592856
0.18543729294120267
0.2336481978460356
0.13579369982587322
-1.1699319918162692
-0.07346551336703938
0.019853182589107815
0.14850674965276267
-0.951547139057843
-0.06600376556424353
0.1107478288776095
-0.06160662970685464
-0.7952782199118701
0.0504689338413799
-0.2405307872436498
0.01182780027209572
-0.4386555506908648
2.8449465006019636e-16
0.24053078724364926
0.011827800272095616
-0.7952782199118698
-0.05046893384138016
-0.11074782887760902
-0.061606629706854495
-0.9515471390578417
0.06600376556424323
-0.019853182589106858
0.1485067496527625
-1.1699319918162705
0.0734655133670398
-0.4296643111179822
0.0037732137457411608
-0.2693373457722357
-0.08156330403088563
0.08369683432617378
0.06472724336662598
-0.33667773577706256
0.033556884841415835
-0.2587926293390701
-0.05298702429363718
-0.08504060487237808
-7.160377825476613e-05
0.2859276274337706
0.014550732379324579
-0.8863243123625877
-1.3010426069826053e-16
-0.28592762743377087
0.014550732379324638
-0.08504060487237791
7.160377825446082e-05
0.2587926293390691
-0.05298702429363766
-0.33667773577706306
-0.03355688484141599
-0.08369683432617434
0.06472724336662586
-0.26933734577223645
0.0815633040308852
0.4296643111179823
0.0037732137457412995
0.5222952072090608
0.05862796483493592
0.12438603636041494
0.0020366489304183277
-0.3993163600044468
-0.03973997580471101
-0.07395566565782247
-0.008659519777689764
0.3067228981485272
0.03778739233130129
0.023631389620508272
-0.012053840549766714
-0.06292702441271586
-0.006860294610291862
-0.08517397276401392
0.0044201129008024365
1.4309143188740894
-7.28583859910259e-17
0.08517397276401384
0.00442011290080304
-0.06292702441271447
0.006860294610291778
-0.02363138962050823
-0.012053840549767152
0.30672289814852655
-0.03778739233130129
0.07395566565782258
-0.008659519777689861
-0.3993163600044467
0.03973997580471101
-0.12438603636041551
0.0020366489304179114
0.5222952072090603
-0.05862796483493579
0.10114241733654572
-0.10088655837194024
-0.13190375802161708
0.06928711608964036
-0.1259369478502435
0.0015713810098000464
-0.1577344547452212
-0.004702824795834534
0.10145585380290711
-0.015167546645223073
-0.00901008967494367
0.01390783681236422
-0.163076125590368
-0.012388675264038487
-0.21223056952850708
0.0001724929792479568
0.24706046042367072
0.008825551305703755
0.4696331160417229
8.847089727481716e-17
-0.24706046042367102
0.008825551305704157
-0.21223056952850736
-0.00017249297924804008
0.1630761255903672
-0.012388675264038623
-0.009010089674943128
-0.013907836812364155
-0.10145585380290742
-0.015167546645222825
-0.1577344547452213
0.004702824795835295
0.12593694785024315
0.0015713810098000602
-0.13190375802161625
-0.06928711608964025
-0.10114241733654494
-0.10088655837194013
0.4518517376166435
0.11983128121856507
0.11352369136478711
-0.12169327871652211
0.26319798905242137
0.04081216274903639
-0.07042143371496887
0.002250030829161004
0.12550818385528528
-0.0006178400201992812
0.061462258355050564
-0.007146609311493513
0.4267909301316682
0.02480388565831808
-0.14872616933918495
-0.015248956496926917
0.40278841212012534
-0.019897553529394194
0.19842742203079852
0.011519327205672912
0.08212750179695878
-2.8796409701215e-16
-0.19842742203079816
0.0115193272056731
0.40278841212012556
0.01989755352939378
0.14872616933918495
-0.01524895649692673
0.42679093013166863
-0.02480388565831758
-0.061462258355050814
-0.007146609311493482
0.1255081838552853
0.000617840020199649
0.07042143371496858
0.0022500308291612953
0.26319798905242203
-0.04081216274903639
-0.11352369136478678
-0.12169327871652191
0.4518517376166445
-0.11983128121856551
0.3267978105436371
-0.11124174081121316
-0.0022884230879943266
0.14113540944394498
0.03767974765582342
-0.07202808886010709
0.03600735768019403
0.010222260079892565
0.03515348943261391
0.0038307730766006243
-0.011293802085325377
-1.0969392009091417e-05
-0.028946308452916625
-0.026137046641905595
0.2474498005845771
0.031124756308373004
0.09369266600980453
0.020781677600679414
0.1659932946441747
-0.03360404424762314
-0.19596179973577432
-0.005595147960688095
0.37041102069120474
1.457167719820518e-16
0.19596179973577388
-0.005595147960687847
0.16599329464417517
0.03360404424762297
-0.09369266600980422
0.020781677600678734
0.24744980058457716
-0.031124756308373053
0.028946308452916666
-0.026137046641905214
-0.011293802085324989
1.0969392008841616e-05
-0.03515348943261315
0.0038307730766004577
0.03600735768019386
-0.010222260079892624
-0.03767974765582388
-0.07202808886010673
-0.002288423087994443
-0.14113540944394548
-0.3267978105436367
-0.11124174081121303
-0.0796268690733228
0.08500937971779716
0.0032663625361629353
-0.13333716191673511
0.21917295148794483
0.08791154469086898
0.03668051697948305
-0.026275143210958637
0.07357968691734529
0.005401366924627449
-0.020479637914182558
0.0003772979698358006
0.19136207953730833
0.016213696103767244
0.017458564914481584
-0.034716810083159265
-0.027070283176175
-0.009775292693597462
-0.04719747666333492
0.04823250945952363
0.04944768937040753
-0.003224446408106714
0.05259167682893354
-0.021002422542154023
-0.46171709484408
1.5612511283791264e-16
-0.05259167682893347
-0.0210024225421543
0.04944768937040765
0.003224446408106367
0.0471974766633348
0.048232509459523704
-0.027070283176175373
0.009775292693597892
-0.01745856491448136
-0.0347168100831592
0.19136207953730833
-0.016213696103767244
0.02047963791418239
0.000377297969836099
0.07357968691734507
-0.005401366924627723
-0.036680516979482575
-0.026275143210958963
0.2191729514879445
-0.08791154469086965
-0.0032663625361631365
-0.1333371619167349
-0.07962686907332225
-0.0850093797177974
0.0077228725245225005
-0.04632182868900506
0.0925791510151544
0.1003747418969485
0.1533485176790848
-0.08475855460557083
0.061869779485119444
0.039902662289240845
-0.008882313609695103
-0.02344719546889772
0.05991577218091404
0.008638653400110018
0.06813073633899959
-0.003187724058651975
0.16754022969679178
0.023731324735816135
-0.0950389394841324
-0.002444014420628974
0.10557163266095987
-0.04643919225844534
0.050314194540741965
0.0183822109538591
0.1549033091968422
0.03144617685713851
-0.06598491378214956
-0.010456829723510953
-0.20940873518953226
-9.71445146547012e-17
0.06598491378214916
-0.010456829723511215
0.15490330919684217
-0.03144617685713905
-0.050314194540741757
0.018382210953859713
0.10557163266095977
0.04643919225844508
0.09503893948413164
-0.002444014420629137
0.1675402296967913
-0.02373132473581585
-0.0681307363389999
-0.003187724058652138
0.05991577218091412
-0.00863865340011001
0.008882313609694908
-0.02344719546889796
0.06186977948511954
-0.0399026622892407
-0.1533485176790845
-0.08475855460557052
0.09257915101515472
-0.1003747418969488
-0.007722872524523111
-0.04632182868900481
-0.15661507884925413
0.005581781606276939
-0.08679034273544757
-0.05359565097001079
-0.06757375943464242
0.06465710692129567
0.05677218496567978
-0.04307201584986425
0.03166435342938961
0.037945262443556574
0.012162898967636226
-0.02386414912280327
-0.07111388085886086
-0.0034171388793501917
0.004550085957686377
-0.0032796131583938265
-0.01503224232190134
0.006028345189817319
-0.05463797902544912
0.03142632314982344
-0.19131448652200564
-0.02696437361613288
0.09826963454137766
-0.026088570368845765
-0.19712470205205357
0.023757068684613622
-0.17468722784818297
0.008941484019700335
-0.019177699454123613
-7.979727989493313e-17
0.17468722784818325
0.008941484019700451
-0.1971247020520534
-0.023757068684613476
-0.09826963454137772
-0.02608857036884584
-0.1913144865220062
0.02696437361613301
0.05463797902544909
0.03142632314982316
-0.01503224232190134
-0.006028345189817333
-0.004550085957686509
-0.003279613158393785
-0.0711138808588603
0.003417138879350301
-0.012162898967636337
-0.023864149122803102
0.031664353429390266
-0.03794526244355672
-0.056772184965679554
-0.04307201584986496
-0.06757375943464253
-0.06465710692129557
0.08679034273544758
-0.05359565097001082
-0.15661507884925413
-0.0055817816062766375
-0.3133781785336361
0.02202479209207659
0.11475303643451798
0.014788039840727168
-0.004862737257211935
-0.04240401986579066
0.036768183918212294
0.042398293512213234
0.06911901450071199
-0.04978893345592962
0.0517414359501422
0.03870272731029994
-0.024211527087520834
0.0038232100957443158
0.060341122766133376
-0.014872327492094349
-0.022643225207997927
-0.0032867559076012326
0.039705142885339745
-0.012658650853142044
-0.001979025347634375
0.027444763515422563
-0.1598189634391525
0.008861075748259818
-0.06441843975903291
-0.02957683241712408
-0.11600094775726122
-0.0008204456353921169
0.12579040105967154
0.011852096683405994
-0.24342099663423072
1.8041124150158794e-16
-0.12579040105967162
0.011852096683405793
-0.11600094775726112
0.0008204456353916728
0.06441843975903304
-0.029576832417124204
-0.159818963439152
-0.008861075748259586
0.001979025347634278
0.027444763515422903
0.039705142885339606
0.012658650853141766
0.022643225207997733
-0.0032867559076012534
0.06034112276613332
0.01487232749209429
0.024211527087521216
0.003823210095744132
0.05174143595014205
-0.03870272731029992
-0.06911901450071178
-0.04978893345592948
0.03676818391821243
-0.04239829351221301
0.00486273725721215
-0.04240401986579003
0.11475303643451772
-0.014788039840727303
0.31337817853363714
0.022024792092077104
0.04475635772405438
-0.04770300138871535
-0.0901080067928781
0.028984808903689395
-0.11786337398642925
0.009760945327576223
-2.1834077781590286e-05
-0.029916522046300596
-0.07432832300570077
0.04917763684133051
0.061680626455308175
-0.048160939908367485
-0.07832990407304363
0.002407947226681778
-0.056710076865850334
0.028503946025882798
-0.057433608097557466
-0.009915713515779636
0.06040605256289655
4.1721271663647946e-05
-0.13354012737568838
-0.013805259996084333
-0.0845995890583654
0.002539543698050553
0.028374423796958814
0.020063702745564804
0.01604009778876414
-0.008564747595253393
-0.049123524779660296
-0.01134832335992706
0.03936085861848179
0.004576711463487544
0.1475625211177825
3.712308238590367e-16
-0.039360858618481695
0.004576711463487142
-0.04912352477966013
0.011348323359926731
-0.01604009778876394
-0.008564747595253226
0.028374423796958814
-0.020063702745564557
0.08459958905836484
0.0025395436980501715
-0.13354012737568843
0.01380525999608443
-0.06040605256289644
4.172127166344325e-05
-0.05743360809755692
0.00991571351577971
0.05671007686585021
0.02850394602588298
-0.07832990407304334
-0.0024079472266817087
-0.06168062645530813
-0.048160939908367006
-0.07432832300570044
-0.04917763684133058
2.183407778175335e-05
-0.029916522046300353
-0.11786337398642958
-0.009760945327576313
0.09010800679287811
0.028984808903689742
0.044756357724054424
0.047703001388715624
-0.1715967236076736
0.06911249623036264
0.06547175420083717
-0.07405208523504295
-0.24879407784349672
0.03210304576409556
0.045722970338715405
0.007428950409315927
-0.02389812319629796
-0.03764671628420935
-0.004420657722185896
0.04561472642150033
-0.06284790478001687
-0.0066646765201981775
-0.00891906088587812
-0.034234445030226344
-0.0015930578325294154
0.023987051282834966
-0.09758045871352611
-0.00047939936566893104
-0.050383185641227596
0.0033320694575874055
-0.12065615254148052
-0.006074981007242762
0.05343599721591837
-0.0050406220180114515
-0.10125976012178825
0.010503638621708687
-0.059196247066771346
-0.0037385425458668353
-0.16568448899917612
-0.004934682013336928
0.06620580052308955
0.0032405835515460883
0.14254404734949816
-2.0990154059319366e-16
-0.06620580052308955
0.003240583551545991
-0.16568448899917643
0.004934682013336702
0.05919624706677121
-0.0037385425458666584
-0.10125976012178822
-0.010503638621708649
-0.05343599721591827
-0.0050406220180112815
-0.12065615254148043
0.0060749810072429945
0.05038318564122751
0.0033320694575873916
-0.09758045871352611
0.00047939936566909064
0.001593057832529124
0.023987051282835223
-0.008919060885877864
0.03423444503022638
0.06284790478001659
-0.00666467652019859
-0.00442065772218609
-0.045614726421500204
0.023898123196298054
-0.037646716284208875
0.04572297033871567
-0.007428950409315772
0.24879407784349616
0.032103045764095714
0.06547175420083767
0.07405208523504313
0.1715967236076735
0.06911249623036214
0.13738668705290824
-0.05803691067261451
-0.026737280260035468
0.0755434560594832
0.039654217675945166
-0.0472025391275384
-0.05720162691522618
0.01342046185330097
-0.05649630297202329
0.01436685677432041
-0.019806459499494306
-0.030862127525564706
-0.007184982015696298
0.007973265968879909
-0.01887124423205029
0.030816702010144126
-0.0416559167963686
-0.029918419121125986
-0.004367205932350401
0.004022167616894209
0.02067645292081427
0.0031500348448544116
-0.050153865799856666
0.003143573615081885
0.03913824586978
-0.003516631957486551
0.04395223542736783
-0.006522655536228694
0.11524431390912057
0.014858166961104572
-0.07812633286591972
-0.0014126008686270574
0.12314796918130189
-0.01275683834273255
0.1290266483685214
0.002721005676273829
-0.0014408888553444632
6.938893903907228e-17
-0.1290266483685214
0.0027210056762738723
0.12314796918130191
0.0127568383427325
0.07812633286591956
-0.0014126008686275848
0.1152443139091209
-0.014858166961104266
-0.04395223542736783
-0.006522655536228678
0.03913824586978001
0.003516631957486603
0.050153865799856034
0.0031435736150819127
0.020676452920814214
-0.003150034844854502
0.004367205932350588
0.004022167616894012
-0.041655916796369014
0.029918419121126062
0.01887124423205019
0.03081670201014463
-0.007184982015696367
-0.007973265968879532
0.019806459499494458
-0.030862127525564664
-0.05649630297202329
-0.014366856774320605
0.057201626915225526
0.01342046185330111
0.03965421767594465
0.04720253912753849
0.026737280260035454
0.07554345605948352
0.1373866870529083
0.05803691067261409
