45.67859113357033
1.6753710490705204e-15
-9.919272894072593
1.885775527945947
-1.2399696081160991
6.63909465861875e-16
9.919272894072613
1.885775527945945
-3.3595915674289465
-0.2659633748348474
2.0797472275883617
1.1329017168049398
6.830466477842707
1.701160458552498e-15
-2.079747227588357
1.13290171680494
-3.359591567428944
0.26596337483484156
1.7458988811513183
-0.3184684962131522
0.7281948379552275
1.2061614474645543
-0.8006017359266124
-0.4796442988769792
-1.464360505176374
-1.5350316816494897e-15
0.8006017359266102
-0.4796442988769818
0.7281948379552312
-1.2061614474645586
-1.745898881151303
-0.3184684962131332
0.025499361796428893
0.394429055510574
-0.06343133187440403
0.637459833605471
-0.29075841981015793
0.4402446841134568
1.2811117584607192
1.0115373302368407
-0.765229946478155
2.874998789483422e-15
-1.2811117584607223
1.011537330236847
-0.29075841981015443
-0.4402446841134567
0.06343133187440297
0.6374598336054631
0.02549936179643142
-0.39442905551058693
1.1104425162454312
0.1637285657996106
-0.16432089600012642
-0.14369033403427656
0.07575093155575796
0.11288988648292507
0.05691736428803357
0.279985441877541
-0.741771502873807
1.387334663368791
-0.9284616871618441
1.0538416854950026e-15
0.7417715028738079
1.387334663368789
0.05691736428803451
-0.279985441877543
-0.0757509315557631
0.11288988648292314
-0.16432089600012695
0.14369033403427522
-1.1104425162454246
0.1637285657996173
-0.3922144173779359
0.004329246397010544
-0.34293564123897435
-0.36085388972811433
-0.46299274584665107
-0.43343113988786564
-0.3013080178929304
0.11863458467805804
-1.6038056330213926
0.10058586193915897
-0.4199232560704246
0.6912077088148972
-0.11261055022026212
-2.3869795029440866e-15
0.41992325607042447
0.6912077088148946
-1.6038056330213895
-0.1005858619391562
0.3013080178929338
0.11863458467805832
-0.462992745846648
0.4334311398878663
0.3429356412389736
-0.3608538897281116
-0.39221441737793944
-0.004329246397016012
-0.5637839261899208
0.07065236302110298
-0.1749572425650352
-0.10729620151884822
0.24743539610683507
-0.27946681448862054
-0.20202815659833084
-0.09982992846750693
0.055702146123744495
0.2916876459549321
-0.3664388929233763
0.7095024368647708
0.8391492709976294
0.18949251191690464
1.2333652367097656
-3.608224830031759e-15
-0.8391492709976296
0.18949251191690558
-0.36643889292338017
-0.7095024368647711
-0.05570214612374286
0.29168764595493196
-0.2020281565983289
0.09982992846750932
-0.2474353961068384
-0.2794668144886231
-0.17495724256503586
0.10729620151884534
0.5637839261899243
0.070652363021111
0.8107657134874265
-0.3445908239711335
0.0943865220053463
0.1601658316405269
-0.5630741724635234
-0.1459295860002471
-0.5222593887576228
-0.3475168991343978
0.28036463364973196
0.30151635271772453
-0.43053913083184636
0.6762545400222686
-0.5438857287881077
0.0797324940307555
0.24171124760602686
0.038393074417550827
0.46075893536532986
-2.7755575615628914e-17
-0.2417112476060283
0.03839307441755482
-0.5438857287881065
-0.07973249403075416
0.43053913083184925
0.6762545400222651
0.28036463364973047
-0.301516352717726
0.5222593887576216
-0.3475168991344014
-0.5630741724635215
0.14592958600024936
-0.09438652200534853
0.16016583164053072
0.8107657134874295
0.3445908239711295
0.33663377289670393
0.12301209160943027
0.19487503089426086
0.2788854332857363
-0.22671798174797456
0.02436116531419011
-0.12348518772952444
-0.16002094008172169
0.15036551744137677
-0.12159779515026153
-0.07201464379745234
0.3278450410546043
-0.2846641848224078
0.07792880268794511
0.46623036868136336
-0.2819477374488323
0.3054275099770022
-0.058332947743357844
-1.060087495223954
3.774758283725532e-15
-0.3054275099770012
-0.05833294774335562
0.46623036868136486
0.2819477374488276
0.28466418482240885
0.07792880268794344
-0.07201464379745531
-0.3278450410546044
-0.1503655174413775
-0.12159779515026103
-0.12348518772952488
0.16002094008172685
0.2267179817479723
0.02436116531418797
0.19487503089426345
-0.2788854332857402
-0.336633772896707
0.1230120916094315
0.02600334969947593
0.09197215899633177
0.18306227123671498
0.042079935921405937
0.3666669241876821
0.18911678660734002
-0.06235291400733026
0.06805941952053257
-0.10344153837280368
-0.07632781385002957
-0.008943717600739462
-0.03640556272675427
0.34759093744640784
0.17475692773999948
0.067974285244572
0.1008603410544437
0.06697370623118648
-0.15624334392776085
-0.6886178986024221
0.21723994006611796
0.1326273910650302
-8.326672684688674e-17
0.6886178986024246
0.21723994006610933
0.0669737062311857
0.15624334392776093
-0.06797428524457494
0.10086034105444308
0.34759093744640607
-0.17475692773999688
0.008943717600744
-0.036405562726748664
-0.10344153837280257
0.07632781385002874
0.06235291400732981
0.06805941952052774
0.3666669241876822
-0.18911678660733994
-0.18306227123671692
0.04207993592140913
0.02600334969948115
-0.09197215899632988
-0.19078311263838557
-0.044858948922514325
0.055942382499174104
-0.11285068818837293
0.01564147802843549
0.007837774426398852
-0.0501578949442221
0.1260541864013004
-0.1406683678733086
-0.054092695134599786
0.3436179221191452
-0.08476834526498986
-0.012737178878352781
0.031211076650417946
-0.6643341021491855
0.05183321925510187
-0.001696505288681427
0.011158908746458862
-0.1268468534788502
-0.15614834309029668
-0.3176080590351388
0.0700448205905726
-0.9272395931209639
-2.6645352591003757e-15
0.3176080590351378
0.0700448205905722
-0.1268468534788534
0.15614834309029874
0.0016965052886780962
0.011158908746459195
-0.664334102149182
-0.051833219255101315
0.012737178878354433
0.03121107665041617
0.34361792211914294
0.084768345264986
0.14066836787330778
-0.05409269513459955
-0.05015789494422475
-0.1260541864012954
-0.015641478028436934
0.007837774426399685
0.05594238249917684
0.11285068818837185
0.1907831126383811
-0.04485894892251946
-0.25023757206349506
0.026635926555974437
-0.12418142333809946
-0.10129490060886825
0.1691398916780754
-0.002307688840315278
0.11227000269065975
0.10155170297893512
0.22384351469344665
0.0007418603629415765
0.2522565641969169
0.07122799778511568
0.03994004141571331
-0.13001912823751421
-0.21631537128447406
-0.26975828718687395
0.043279914818524556
-0.08330530606159595
0.31659223713661105
0.046581554415341744
-0.45376016142869857
-0.16262362258172403
0.10377533471476505
-0.1862301573471718
0.07772192306696246
-8.326672684688674e-16
-0.10377533471476694
-0.1862301573471693
-0.4537601614287002
0.1626236225817237
-0.3165922371366077
0.046581554415339926
0.04327991481852811
0.08330530606159614
0.21631537128446968
-0.26975828718687667
0.03994004141570995
0.1300191282375155
-0.25225656419691733
0.07122799778512012
0.22384351469344668
-0.0007418603629394532
-0.11227000269065766
0.1015517029789326
0.16913989167807747
0.0023076888403152918
0.12418142333809606
-0.10129490060886964
-0.250237572063493
-0.026635926555969185
0.16686691405211102
-0.049837942284477965
-0.17914175885366243
-0.0301737953691667
-0.07423237002461369
0.01635328050381396
0.03158313236008048
-0.005185056622459883
0.03019367255255695
0.03675612962001762
-0.018679188307991618
0.05673679130947072
0.07784303203422033
-0.12607767298706596
0.02715646765402005
-0.17316612676825632
-0.07187733527365203
-0.12687523841818366
-0.1941131666647958
0.2913364616897985
-0.07294798631256784
0.0732588529675624
0.054360823910889006
0.0025735752597447065
0.3640578748912415
-0.34369911945487
-0.2452942920773784
1.27675647831893e-15
-0.3640578748912432
-0.3436991194548673
0.05436082391089034
-0.002573575259745678
0.07294798631256738
0.07325885296756052
-0.19411316666479733
-0.2913364616897978
0.07187733527364819
-0.12687523841818374
0.027156467654019807
0.17316612676825877
-0.07784303203421844
-0.12607767298706402
-0.018679188307989786
-0.056736791309473567
-0.03019367255255412
0.03675612962001551
0.03158313236007987
0.005185056622462561
0.07423237002461225
0.01635328050381292
-0.17914175885366196
0.030173795369169643
-0.16686691405211157
-0.04983794228448246
0.09851763703392102
0.017262313104767585
-0.11576154662979876
0.04664741744421741
-0.14099678679241484
-0.06961891794392525
0.06192534517327116
-0.03396179571845251
-0.028291086218087624
-0.0023032656876584012
0.08574602821781535
0.004815738402038527
0.2647669932391822
-0.13301113389930497
-0.004995302206595109
0.0018668519504921183
-0.24203071873194978
0.021949778365250958
0.09606652422845549
0.08804630591896012
0.07683274496238515
0.1800715286745105
-0.15357995978303907
0.04344192180638766
0.06301927726795879
0.00032227016882613313
0.050189683137150304
0.16343077634718495
0.2450498310532105
2.609024107869118e-15
-0.05018968313715089
0.1634307763471835
0.06301927726795963
-0.00032227016882729886
0.1535799597830375
0.04344192180638895
0.0768327449623812
-0.18007152867451082
-0.09606652422845428
0.08804630591896054
-0.24203071873194715
-0.021949778365249195
0.00499530220659565
0.0018668519504899117
0.26476699323918196
0.13301113389930455
-0.08574602821781513
0.0048157384020402205
-0.02829108621808943
0.0023032656876597613
-0.06192534517327125
-0.03396179571845341
-0.14099678679241562
0.06961891794392691
0.11576154662980265
0.04664741744421469
0.09851763703391941
-0.01726231310476553
-0.25435680606446487
0.2468373579074775
-0.06707523845301169
0.019652213686540257
0.18632074641946772
-0.07246313732634165
0.07398538084409359
0.04994212607689945
-0.02308082248972904
0.01615911327687469
-0.09462795424870396
-0.060433776906493035
0.214658537712881
0.059933262681063734
-0.15649238303530252
0.1282024364117333
-0.2768541663775921
0.07645883992757224
0.1724880807819912
-0.01933528792294964
0.26116724623973253
0.0389637920151894
-0.22383050268952007
0.06597909084017373
-0.16873505851516363
0.04433329175861911
0.20988581906767556
-0.15061922654984372
0.09727535808025978
-0.024572899651556235
-0.10061664672569462
6.106226635438361e-16
-0.09727535808026017
-0.024572899651560315
0.20988581906767523
0.15061922654984428
0.16873505851516124
0.044333291758621496
-0.22383050268951887
-0.065979090840175
-0.2611672462397304
0.038963792015190624
0.1724880807819904
0.019335287922951083
0.27685416637759064
0.07645883992756991
-0.15649238303530408
-0.12820243641173235
-0.21465853771288235
0.05993326268106468
-0.09462795424870513
0.060433776906492286
0.023080822489729348
0.016159113276875026
0.07398538084409564
-0.049942126076899955
-0.18632074641946642
-0.07246313732634391
-0.06707523845301669
-0.01965221368653551
0.254356806064469
0.24683735790747888
-0.17752814837996875
0.0022030955584717016
-0.013370055316797608
-0.03183393037772101
-0.03245608684553114
-0.07406957184800794
0.021030596049608608
0.0904733235270993
0.01802199958419981
0.06414626291124528
-0.1152717618505617
-0.05762326087990079
-0.13044950512500658
0.1093161296211379
-0.041470772955442436
0.08345543727441915
-0.05257505005113128
0.08345650466574128
0.008771412834189252
0.07455127544853968
0.1998453186758702
0.06826592384193614
-0.09850415362844399
0.1498113305192729
0.036641158657027634
-0.11959605557653177
0.3077410574025674
-0.0867256096559671
-0.17602984749915473
-0.06485081751731549
-0.151953295189518
0.12031967748435923
0.17039124195215138
-2.3592239273284576e-15
0.15195329518951922
0.12031967748435818
-0.1760298474991564
0.06485081751731714
-0.3077410574025676
-0.0867256096559682
0.03664115865702955
0.11959605557653133
0.09850415362844357
0.14981133051927392
0.19984531867586885
-0.06826592384193875
-0.00877141283418803
0.07455127544853957
-0.05257505005113117
-0.08345650466574006
0.041470772955442214
0.08345543727441901
-0.13044950512500564
-0.10931612962114018
0.11527176185056415
-0.05762326087990066
0.018021999584201365
-0.0641462629112457
-0.021030596049610106
0.09047332352710086
-0.03245608684553236
0.07406957184801136
0.01337005531680352
-0.03183393037772621
-0.17752814837997363
-0.0022030955584723746
-0.07566239455731721
0.06913668355242072
-0.03381147116816921
0.021704218778078266
-0.05664400621893094
-0.008585884671660243
0.020350936654376803
0.08610531168247113
0.2735266316198607
0.055855888644498926
-0.003565041398483945
0.014351290025684534
-0.24198515345528027
0.04247622172108574
0.005083262585673792
0.026917195119883164
0.23014817583857464
0.06440925127483971
-0.0060450159633266415
0.059178556976974384
-0.04463263112538979
0.07331655637668899
0.09453937853128183
0.008036726823392376
0.20549169383578086
-0.009080050618937796
0.19298851861334443
-0.10655254505810763
-0.23918091886176746
0.17911050856626065
0.036297233001145596
0.17293520734296425
0.3547767815587019
-0.08036369837739173
0.004975481482283328
4.440892098500626e-16
-0.3547767815587022
-0.0803636983773896
0.03629723300114422
-0.17293520734296416
0.2391809188617678
0.1791105085662599
0.1929885186133446
0.1065525450581088
-0.20549169383578297
-0.009080050618939794
0.09453937853128208
-0.008036726823393982
0.04463263112539123
0.07331655637669277
-0.006045015963326801
-0.05917855697697355
-0.2301481758385742
0.06440925127483862
0.005083262585674209
-0.026917195119884135
0.24198515345527966
0.04247622172108792
-0.003565041398484514
-0.014351290025684638
-0.2735266316198615
0.055855888644498655
0.020350936654378315
-0.0861053116824721
0.05664400621893113
-0.008585884671663213
-0.033811471168174505
-0.021704218778075934
0.07566239455732282
0.06913668355242225
0.11915948212706023
0.002473131938019235
-0.05090327380947188
0.039361290795026066
-1.0418551907864781e-05
0.07656323726265596
-0.006638714840817073
0.021443274856739525
0.06741093957086668
0.027934068061309016
-0.060016063178210816
0.054710768553724365
-0.12724044644934462
0.000447972624135512
0.036378455208032484
-0.0032842395121045545
0.14069532204966015
0.07480670895064814
-0.10099427377352616
0.14295557190948716
-0.011377690817086478
-0.05165097829742238
0.17529873917375272
-0.06229169527458307
0.08934012832508798
-0.04472480254405414
-0.15725464883540965
0.016131869382922326
-0.16664751960987761
0.08810982233879093
0.04363491414750198
-0.02966435088333369
-0.03490062200078953
-0.09173031279716401
-0.2947632754016515
0.11723344373461758
-0.02095554123263338
-5.551115123125783e-17
0.29476327540165126
0.11723344373461708
-0.034900622000788445
0.09173031279716437
-0.043634914147502146
-0.029664350883334675
-0.1666475196098786
-0.08810982233879071
0.15725464883540863
0.016131869382922243
0.08934012832508884
0.04472480254405478
-0.17529873917375238
-0.06229169527458185
-0.01137769081708817
0.051650978297420325
0.10099427377352632
0.1429555719094872
0.14069532204966034
-0.07480670895064688
-0.0363784552080324
-0.0032842395121040757
-0.12724044644934474
-0.0004479726241367332
0.06001606317821166
0.05471076855372517
0.06741093957086788
-0.02793406806130909
0.006638714840816021
0.021443274856740288
-1.0418551908863982e-05
-0.07656323726265464
0.05090327380947368
0.03936129079502504
0.1191594821270566
-0.002473131938020512
