65.27319720266786
-3.249830815324521e-15
-2.4727606506909154
3.9613551520026746
3.8234795712751066
-5.663285242123107e-16
2.4727606506908772
3.9613551520026635
-3.0648615953096696
-0.7625767045469347
-0.2349055800712591
0.23643198796728424
6.83936309781535
8.180203733059904e-16
0.23490558007126827
0.23643198796728368
-3.064861595309658
0.7625767045469347
-0.4601713574273002
-1.3194278621005582
-0.5377754977124293
-0.7743789851875605
-0.7331878579116441
-0.66608373738859
1.0977625016552524
5.271859682178852e-16
0.7331878579116434
-0.6660837373885887
-0.537775497712437
0.7743789851875572
0.4601713574272974
-1.3194278621005613
-2.5324734561837254
0.06455388744735312
-0.2870897236591411
0.5536278240136954
-0.40537969942969954
-0.4649723865983845
0.5288321781898914
0.21077738127419623
-4.205425718707449
-2.0586023153135063e-15
-0.5288321781898884
0.21077738127419862
-0.405379699429699
0.46497238659839
0.2870897236591435
0.5536278240137019
-2.5324734561837365
-0.06455388744735303
0.6441470036014953
-0.45606129544655444
-0.04384917865118623
0.009344410705364008
-0.653885625171257
-0.0744434242267831
-0.9113490754299378
-0.3687749946971152
-0.14650480312493322
-0.8865380213772387
-0.6651643368894573
3.502341850705845e-16
0.14650480312493275
-0.8865380213772395
-0.9113490754299333
0.3687749946971162
0.6538856251712516
-0.07444342422678404
-0.04384917865118593
-0.009344410705363987
-0.6441470036014918
-0.4560612954465627
0.8798205666951059
0.17435209101924015
0.30048035252673344
0.015457772415494314
-0.881992874686173
0.18740852858046864
-0.034493827312694375
0.12036367331975903
0.8535114586049006
0.05612737507143445
0.45270597202271223
-0.0015100976993117354
-1.6722226078332485
-7.077671781985373e-16
-0.4527059720227126
-0.0015100976993111317
0.8535114586049002
-0.05612737507143345
0.0344938273126944
0.12036367331975888
-0.8819928746861694
-0.18740852858046972
-0.3004803525267323
0.015457772415494078
0.8798205666951079
-0.1743520910192384
-0.08850944040970071
0.7716247186077455
0.025912770943129187
-0.09331465801466807
0.45683239736833947
-0.08399417602902476
-0.13452718030696026
0.19523852387653695
-0.3550035693288598
0.1295588488707593
-0.3451198743118977
-0.1880872764625156
-0.33077660940886094
0.21973695546317776
-0.625041282162351
-1.1102230246251565e-16
0.3307766094088604
0.2197369554631782
-0.3451198743118975
0.18808727646251605
0.35500356932885935
0.12955884887075778
-0.13452718030695998
-0.19523852387653678
-0.45683239736833886
-0.08399417602902534
0.025912770943126898
0.09331465801466904
0.08850944040970082
0.7716247186077418
0.40227445399828055
-0.15001759639097523
-0.1153373663777669
-0.04892440197130736
0.36060609415274464
-0.08584932055582926
0.24798035179564565
-0.06262669658519288
0.11068289591228936
0.20770180058632473
0.17250003844696415
0.05635862376739306
0.6156493949502784
-0.018694050770966253
0.2558175770218537
-0.14877137731864637
0.3265924551317917
1.1102230246251565e-16
-0.25581757702185404
-0.14877137731864637
0.6156493949502779
0.018694050770966975
-0.17250003844696296
0.056358623767392785
0.1106828959122873
-0.20770180058632287
-0.24798035179564668
-0.06262669658519207
0.36060609415274525
0.08584932055582993
0.11533736637776607
-0.048924401971308054
0.40227445399828055
0.1500175963909759
-0.2608742326199337
5.059966683503003e-05
0.09353284340148879
0.019903302236419347
-0.095291231413269
0.3568106866627829
0.11943838424368039
-0.16054348671519958
0.046665115571132135
0.11265196369353546
-0.19181075822489435
0.03389147147517679
-0.17002078799416312
0.1988026152352807
-0.07357991246603118
-0.05159268580556803
-0.16112459135729446
0.5115815428776099
0.3407698632473133
5.551115123125783e-16
0.16112459135729545
0.51158154287761
-0.07357991246603135
0.051592685805568056
0.1700207879941637
0.19880261523528164
-0.19181075822489274
-0.03389147147517693
-0.0466651155711334
0.11265196369353732
0.11943838424368147
0.16054348671519958
0.09529123141326928
0.3568106866627824
0.09353284340148957
-0.019903302236419534
0.26087423261993303
5.059966683597372e-05
-0.2634512612057913
-0.14771981638593132
-0.13965185109829392
0.0397145793367112
0.2843174721367032
-0.06272364857680367
-0.13875873197581678
0.06433950809846478
-0.029427505540576215
-0.1539322635330787
0.06486097218824749
0.04662701940593783
0.4794192442442018
0.09564484062428666
0.10825141563028506
0.1767729911370442
-0.10950174853370105
0.03708130546575236
-0.20434130615853702
0.2977626003723186
0.3943176421246275
1.1449174941446927e-16
0.20434130615853777
0.29776260037231866
-0.10950174853370159
-0.037081305465754
-0.10825141563028629
0.17677299113704514
0.47941924424420174
-0.0956448406242873
-0.06486097218824877
0.04662701940593639
-0.02942750554057627
0.1539322635330788
0.13875873197581712
0.06433950809846514
0.28431747213670394
0.06272364857680407
0.13965185109829475
0.03971457933671069
-0.26345126120579127
0.14771981638593012
0.07018136328973648
-0.3549217348085698
0.037715771589941854
-0.04414108528586845
-0.22936929420904872
0.007104424397315984
0.05641666760209557
0.008911571452876438
0.0008478320687278079
0.09785758318309061
0.08828151165604352
-0.07420363160314791
-0.13815593745418142
0.145710093395246
0.06964827863852813
0.04435933305477316
-0.008968043439581158
-0.061007888072027686
0.011279640575668493
0.026303988400151024
-0.09313718003479182
0.1561381823679152
0.6694149959631379
-7.216449660063518e-16
0.0931371800347913
0.15613818236791546
0.011279640575668881
-0.026303988400151246
0.008968043439580936
-0.061007888072028144
0.0696482786385269
-0.04435933305477341
0.1381559374541823
0.14571009339524538
0.08828151165604309
0.07420363160314823
-0.0008478320687272944
0.0978575831830904
0.05641666760209585
-0.008911571452875702
0.22936929420904872
0.0071044243973162335
0.037715771589941896
0.04414108528586724
-0.0701813632897366
-0.3549217348085706
0.005932403737524294
0.1600543570022237
0.018573360229585625
0.09248695772030115
-0.1407269563464384
-0.08980639385007164
-0.09111642266124444
0.018475233694291292
0.15123915048642864
-0.009758222372145547
-0.08430087153668431
0.07258182977453059
-0.1723644660972694
-0.1300763538227386
-0.05959539763016239
0.12752926511403015
0.29145538518566216
0.10597710647974191
0.11838525343690676
0.09717261160237378
-0.046015639345752424
-0.022313125445173658
-0.300291563434164
0.1927994695155039
-0.05981403010709693
-1.8041124150158794e-16
0.30029156343416397
0.19279946951550342
-0.04601563934575248
0.022313125445172808
-0.11838525343690723
0.09717261160237312
0.29145538518566155
-0.10597710647974229
0.05959539763016353
0.1275292651140293
-0.17236446609726885
0.1300763538227381
0.08430087153668478
0.07258182977453098
0.15123915048642836
0.009758222372145131
0.09111642266124535
0.018475233694290952
-0.14072695634643803
0.0898063938500718
-0.018573360229586014
0.09248695772030109
0.005932403737523906
-0.1600543570022245
0.05082185780225662
0.10950080015205221
0.02577771457154654
-0.03125950667871094
0.04911391565624376
-0.1387725439500772
-0.022990389364138733
-0.0018787915029161717
-0.07761066862155916
-0.011310240781188183
0.11285607873155729
0.019112384163429502
0.05958235651538842
-0.07336075065146788
-0.004658863469197111
-0.07502629593926777
-0.046894612038403505
-0.031012384472278054
0.18639030412029983
0.019864835584046836
0.05996238099249887
-0.07858044229169686
-0.019414061147859596
0.039101383429065995
0.15888028121426806
-0.21496507705114443
0.18175532767696828
-7.771561172376096e-16
-0.15888028121426795
-0.21496507705114476
-0.019414061147859277
-0.03910138342906622
-0.0599623809924987
-0.07858044229169653
0.1863903041203007
-0.019864835584046225
0.04689461203840295
-0.03101238447227883
-0.0046588634691977215
0.07502629593926857
-0.05958235651538801
-0.07336075065146806
0.11285607873155659
-0.019112384163429336
0.07761066862155944
-0.011310240781188311
-0.022990389364138455
0.001878791502916033
-0.049113915656242735
-0.13877254395007704
0.025777714571546623
0.031259506678711746
-0.05082185780225601
0.10950080015205246
0.04892889381033333
0.05506178759520852
0.014987371210587451
-0.06309269704579362
0.05155375965199777
0.06634675969478773
0.03319967212426342
0.06046813892100638
-0.08745051264932052
-0.03389090702986905
-0.07808067863294128
-0.00791382635649094
0.049265617701183054
-0.010859249560723053
-0.022950334299655928
-0.03286930367108917
-0.06306408048141665
-0.10917281781447088
-0.07962151486587296
-0.011503360443888555
-0.092719321109754
-0.10041619413937132
0.014065226883423099
-0.0929398561351642
0.00953598251444926
-0.018843468134273796
-0.034019889406433246
-0.18610280554366415
-0.04018314759286398
-1.1796119636642288e-16
0.03401988940643355
-0.18610280554366393
0.009535982514448677
0.018843468134273275
-0.014065226883423447
-0.09293985613516387
-0.09271932110975434
0.1004161941393713
0.07962151486587274
-0.011503360443888028
-0.06306408048141476
0.10917281781447029
0.022950334299655664
-0.03286930367108948
0.049265617701184095
0.010859249560722262
0.07808067863294091
-0.00791382635649121
-0.08745051264932113
0.033890907029870104
-0.03319967212426331
0.06046813892100643
0.05155375965199744
-0.06634675969478712
-0.014987371210587436
-0.06309269704579423
0.048928893810333524
-0.055061787595208564
-0.06376476382891608
0.16978742322789395
-0.014659436951499433
0.042890605415423305
0.040917136278791594
0.031459241740938115
0.07974914288969881
-0.029696615100548898
0.032678938081694336
-0.0830925776789786
-0.03295094705869939
-0.019815684333711336
-0.012474725740661774
0.010022784012852809
0.12912661954140942
0.01543479249516283
0.03943314389348462
-0.03584921795203977
-0.06633114892531061
-0.021952417546503566
0.07492670359350673
-0.03999969234620793
0.1288901600714531
-0.02723582153651509
0.041616654022084185
-0.006718069402239318
-0.015497391855909204
0.03754749514705325
0.047860541526642486
0.0064393675150340585
-0.09336962761042368
-2.7755575615628914e-16
-0.04786054152664243
0.006439367515033795
-0.015497391855909093
-0.03754749514705415
-0.04161665402208353
-0.00671806940223954
0.12889016007145282
0.027235821536514937
-0.07492670359350655
-0.039999692346208024
-0.06633114892531039
0.021952417546503233
-0.03943314389348446
-0.03584921795203928
0.12912661954141139
-0.015434792495161921
0.012474725740661732
0.010022784012852386
-0.032950947058699234
0.019815684333712683
-0.0326789380816947
-0.08309257767897879
0.07974914288969907
0.029696615100549842
-0.04091713627879254
0.031459241740936755
-0.01465943695149878
-0.0428906054154229
0.06376476382891652
0.16978742322789503
0.0013429743837199415
-0.1559327724185115
-0.06780334582128959
-0.020890540701381688
-0.002064980786653542
0.043409159371795056
-0.006280145532509371
-0.0739802324031402
0.02754983621011431
0.030798251527744142
0.03873583812506938
-0.018470848707232757
0.000654830974861409
-0.019008312880822262
-0.09748981756942199
-0.03275593967701407
-0.1086856267367515
-0.050672863987247435
-0.026038059252808
-0.12718471489915945
0.004087892338432125
-0.017778184227250943
-0.05916487015187333
-0.12945501259398046
-0.1885289090691891
-0.081599592088312
-0.0876777610411992
-0.14953338883594283
0.07681980130091726
-0.07016064325165025
0.09570074658917527
-0.1506952837194366
-0.04844222226106347
-5.273559366969494e-16
-0.09570074658917505
-0.1506952837194359
0.07681980130091726
0.07016064325164942
0.0876777610411996
-0.14953338883594278
-0.18852890906919045
0.08159959208831336
0.05916487015187362
-0.12945501259398
0.004087892338432014
0.017778184227250082
0.026038059252808596
-0.12718471489915945
-0.10868562673675197
0.050672863987246214
0.09748981756942132
-0.03275593967701396
0.0006548309748609649
0.019008312880822248
-0.03873583812506928
-0.018470848707232118
0.027549836210114996
-0.030798251527744458
0.006280145532509579
-0.07398023240314006
-0.0020649807866527647
-0.0434091593717951
0.06780334582128979
-0.020890540701380952
0.001342974383719775
0.1559327724185109
-0.0021323949877870008
-0.133257186563732
0.06177973072213566
0.02368504942624905
-0.10217342617646152
0.15501639857724134
-0.06469577821393344
-0.002316946477962184
0.04160319498191184
-0.030494072707876817
0.08475584925487578
0.008158782160628819
-0.035327708458957996
0.08278078098098146
-0.023300434234393208
0.037478636753809524
0.0852451048315041
0.033755669637062946
0.1267323250740967
0.062220184234513566
0.013351056211231126
0.10772193808919323
0.042690263412479064
0.10162665281287919
0.09298660302837547
0.0810050097111924
0.04258121136121615
0.04200307788980472
0.03824954556530635
0.0872561202144401
0.06830566243787889
-0.00420920098533558
0.01753395479854243
0.0657694106353919
-0.008580333219209813
3.7470027081099033e-16
-0.017533954798542715
0.06576941063539193
0.068305662437879
0.004209200985336309
-0.038249545565305854
0.08725612021444001
0.04258121136121623
-0.042003077889805285
-0.09298660302837547
0.08100500971119244
0.04269026341247947
-0.10162665281287919
-0.013351056211231234
0.10772193808919303
0.12673232507409643
-0.06222018423451359
-0.08524510483150481
0.03375566963706268
-0.02330043423439354
-0.03747863675380947
0.03532770845895841
0.0827807809809814
0.08475584925487584
-0.008158782160629208
-0.041603194981912506
-0.030494072707876768
-0.06469577821393277
0.002316946477962406
0.1021734261764605
0.15501639857724128
0.06177973072213536
-0.023685049426249175
0.0021323949877871395
-0.13325718656373228
0.03695516157674153
0.016991979265705632
-0.043648699395829646
0.02915893535314234
0.03650894466737625
-0.07775294225829985
-0.07946326841502671
0.0362586595885398
-0.013445768426887786
0.025813136501943057
0.015862440309529144
-0.060744502091892305
0.0176662578434625
-0.0210173387478014
-0.0260103851890596
-0.005131061723030517
-0.0332106355899172
0.008817337259948987
-0.03750162697784228
-0.09408147409542428
-0.04386932028465884
-0.06439098489067749
-0.0671157556410072
-0.05056591516454153
-0.009582313903302504
-0.02238366765682087
0.00038200062099133514
-0.12493936070990969
-0.05876374292481773
-0.052692256508321766
-0.08702723051109128
-0.0007533300968939616
0.023295051316028048
-0.005487974903091969
0.08545599136418582
0.09092043286698698
0.02251967975162633
-7.494005416219807e-16
-0.0854559913641857
0.09092043286698627
0.023295051316027993
0.0054879749030911085
0.08702723051109158
-0.0007533300968939893
-0.058763742924817286
0.052692256508321544
-0.00038200062099108534
-0.12493936070990971
-0.009582313903301325
0.022383667656820205
0.06711575564100744
-0.050565915164541266
-0.04386932028465901
0.06439098489067778
0.03750162697784255
-0.09408147409542425
-0.033210635589916604
-0.008817337259948876
0.026010385189060077
-0.005131061723030628
0.01766625784346152
0.021017338747802004
-0.015862440309529477
-0.06074450209189225
-0.013445768426888327
-0.025813136501943057
0.07946326841502654
0.036258659588539716
0.03650894466737595
0.07775294225829865
0.04364869939583005
0.029158935353142804
0.036955161576740794
-0.0169919792657055
