68.02848467200641
-8.108841156503301e-16
-3.8879836615094305
1.512447654265352
-3.63690065571609
-2.349815985800494e-16
3.8879836615094057
1.5124476542653549
-0.5676344509424378
-0.37422564583810236
1.2953963574594358
-0.21617513532553137
-3.2908177996000605
-7.529620309590087e-16
-1.2953963574594356
-0.21617513532552757
-0.5676344509424255
0.3742256458381067
-2.4396683037227387
-0.24474103855839976
0.8481405641741917
-0.041160519687420405
0.8883009180591361
-0.021970543743245738
-1.2018336782966639
1.1392545482961134e-15
-0.8883009180591394
-0.02197054374324351
0.848140564174197
0.04116051968742419
2.439668303722752
-0.24474103855840038
-2.9239970997708338
0.6511223117442199
0.21710937141821873
0.5614006888981392
0.36289996439058025
1.4174728524875317
-0.10578475847262636
0.26147932430368376
-5.112260444058029
-5.5353820623577097e-17
0.10578475847263155
0.2614793243036827
0.3628999643905794
-1.41747285248753
-0.2171093714182178
0.5614006888981398
-2.9239970997708404
-0.6511223117442207
1.7494467246242387
-0.722009398677975
0.8611138524611884
1.1699239776629071
0.24081536249084579
-0.19989196088484748
-0.21959410015303107
0.7864460361135106
0.8824200325792926
-0.5831446790353394
0.691021457809177
-7.718750619096078e-16
-0.8824200325792909
-0.5831446790353396
-0.21959410015302985
-0.7864460361135106
-0.24081536249084856
-0.19989196088484773
0.8611138524611867
-1.1699239776629076
-1.7494467246242411
-0.7220093986779728
0.06254263112240618
-0.09375698249599837
-0.19192161064592578
0.18445080597738486
-0.7679877069064152
0.21297741644058535
-0.006932652161717762
0.1879337358979502
-0.18150882099431165
-0.4248245602600871
-0.829988140590793
-0.02539437639507197
1.7952838214460431
2.7755575615628914e-16
0.829988140590793
-0.025394376395072946
-0.18150882099430973
0.42482456026008614
0.006932652161716749
0.18793373589794987
-0.767987706906419
-0.2129774164405861
0.19192161064592528
0.18445080597738334
0.06254263112240611
0.09375698249599762
0.34384786195070005
-0.042446340219861545
-0.5274166969300298
0.5760286258562952
0.09723935426314806
0.26146807163939434
-0.037315786073149226
-0.06018556443081703
0.16337603305378795
-0.047094973200734136
-0.09780229705333274
-0.15665683188606339
-0.26457481521749937
0.28819989197546036
0.6329141752071543
2.498001805406602e-16
0.26457481521749937
0.2881998919754606
-0.09780229705333188
0.1566568318860635
-0.163376033053787
-0.047094973200732415
-0.03731578607314945
0.060185564430817205
-0.09723935426314856
0.2614680716393939
-0.5274166969300316
-0.5760286258562978
-0.34384786195070194
-0.04244634021986421
0.6362396118599543
0.0001445176819492855
0.018016579110340936
0.15500130041859228
0.029194574578094934
0.10437912701471175
-0.08851275164040448
-0.1366628804338294
0.3452026432649578
-0.03594716834875683
0.25867714664897234
-0.23538742329275758
0.06790288483809795
0.0323483167850967
0.5558348187018463
0.07410804445156877
0.014150460291307176
8.465450562766819e-16
-0.5558348187018465
0.07410804445156882
0.06790288483809842
-0.032348316785096365
-0.25867714664897384
-0.23538742329275733
0.34520264326495886
0.035947168348756414
0.08851275164040472
-0.13666288043383057
0.029194574578096266
-0.10437912701471255
-0.018016579110340603
0.1550013004185924
0.6362396118599527
-0.00014451768194929243
-0.20422187469334957
-0.12447007958360734
-0.4272367590929984
-0.06134279031585843
-0.08638274442360208
0.047011696197094166
-0.138679081876171
-0.0067380937481075626
-0.22635349412277533
0.1747063967229481
-0.33941428823139325
-0.43392498904915744
-0.10586775594052
0.324241023328036
0.1365589408983242
-0.06973939387923062
-0.457995538726359
0.23206179689648948
-0.7962787778206826
-1.1102230246251565e-16
0.45799553872635845
0.2320617968964893
0.13655894089832396
0.06973939387922878
0.10586775594051961
0.3242410233280359
-0.33941428823139286
0.433924989049159
0.22635349412277572
0.17470639672294783
-0.13867908187617173
0.006738093748108076
0.08638274442360253
0.04701169619709411
-0.4272367590929982
0.06134279031585749
0.20422187469334901
-0.12447007958360534
-0.14969568853926318
-0.2812860238055451
-0.1673929131386883
-0.005942466122904666
0.12891817848807435
0.19328979735920868
0.08446981373889667
0.010063246892836386
0.02584324747355854
0.041530890894581396
0.21994612277588255
0.11353644185310324
-0.06721512288336665
0.010480595119456905
-0.3325098792750427
0.08200850083453487
0.22833406368074688
0.09413379805621012
0.21708355353605008
-0.1861348736730144
-0.18349671579230115
6.938893903907228e-16
-0.21708355353605013
-0.1861348736730144
0.22833406368074632
-0.09413379805621
0.33250987927504255
0.08200850083453484
-0.06721512288336709
-0.010480595119456482
-0.219946122775883
0.11353644185310274
0.025843247473557845
-0.04153089089458212
-0.08446981373889728
0.010063246892837108
0.1289181784880732
-0.19328979735920943
0.1673929131386878
-0.0059424661229040415
-0.14969568853926357
0.2812860238055441
-0.21763430832242892
0.4201527530502301
-0.041365423664812245
-0.17616033639188422
0.17229455369336505
-0.18041988907331136
-0.10572809880158338
0.007412535663373791
0.1438822698036824
0.1809605350683646
0.1672512506664904
-0.1260141665997613
0.08061307397711877
-0.060230873515509875
-0.12334974674803623
0.28666796708386694
0.1911105430301909
-0.04365828104875133
-0.07517322090356818
0.05414873326908036
0.33307710047392336
-0.1882463296602216
0.08512608709751601
-9.71445146547012e-17
-0.3330771004739236
-0.18824632966022226
-0.07517322090356815
-0.054148733269081
-0.19111054303019176
-0.043658281048750094
-0.12334974674803723
-0.28666796708386716
-0.08061307397711823
-0.06023087351551021
0.1672512506664907
0.12601416659976025
-0.14388226980368277
0.18096053506836432
-0.1057280988015846
-0.007412535663373035
-0.17229455369336497
-0.18041988907331138
-0.04136542366481217
0.1761603363918848
0.2176343083224288
0.42015275305023114
0.19155631742599288
0.11084361076482799
0.12334148540809482
-0.14091695935451154
-0.12498171005584732
-0.05587032277821041
0.15397059660712925
0.10871891416363347
-0.07764964820258557
0.00841239831529994
-0.1305519975160282
0.08624180346406952
-0.006956087097674868
-0.04276208461324946
0.058274320525621925
0.03471168362339351
-0.06070265472757075
-0.004662917331345211
0.030915431132453722
0.034420132038341565
-0.1859345557083156
-0.04867154153155709
-0.227272984574344
0.13827152566039133
0.1560979879218395
1.3461454173580023e-15
0.22727298457434425
0.13827152566039186
-0.18593455570831618
0.048671541531557366
-0.030915431132455484
0.03442013203834171
-0.06070265472757036
0.0046629173313447805
-0.05827432052562209
0.03471168362339251
-0.006956087097674646
0.042762084613249624
0.1305519975160282
0.08624180346406883
-0.07764964820258446
-0.00841239831529944
-0.15397059660712842
0.10871891416363222
-0.12498171005584763
0.055870322778210746
-0.12334148540809486
-0.14091695935451112
0.1915563174259918
-0.11084361076482968
0.27523956380251074
-0.20839500972756897
0.1412212657331157
0.06601002358202882
0.0587169499523984
0.25785007410267313
-0.0005339084332771082
0.10776284372010828
0.06542852748371322
0.07392733135079033
0.009188336257547336
0.07668745893566223
0.001445890251742049
0.07180679475280102
0.04623588093653885
0.05510764315477157
0.08767439646862074
-0.1138349616605493
0.09108200391973427
0.03226614107687484
-0.11452439825678046
-0.047484988954812624
0.1642374236866203
0.039877035139604805
0.010925586424313849
-0.16830977829188942
0.206375850912544
-3.0531133177191805e-16
-0.010925586424314515
-0.16830977829188945
0.16423742368662017
-0.0398770351396034
0.11452439825678108
-0.047484988954813095
0.09108200391973448
-0.032266141076874144
-0.0876743964686213
-0.11383496166054857
0.04623588093653972
-0.0551076431547719
-0.0014458902517425487
0.07180679475279989
0.009188336257547197
-0.07668745893566262
-0.06542852748371275
0.07392733135079077
-0.0005339084332771221
-0.10776284372010783
-0.058716949952396874
0.25785007410267374
0.1412212657331151
-0.06601002358202794
-0.2752395638025106
-0.2083950097275691
-0.20031908215013783
0.10388168405005371
0.08640504419763928
0.0963318720607605
0.0040227518005052365
0.0625406248214447
0.08198016999404184
0.11133900512212011
-0.02971742866643884
0.025581747105315827
-0.023354126514831604
0.04857872276731583
-0.08790874764507958
-0.015064382559508233
-0.005589387622767096
0.05043629309239162
-0.0708226711810608
-0.034010016094230065
-0.10556751937523096
0.005902531441272257
-0.030985626664719712
0.026699023820084655
0.1672875993060252
0.17834216921111568
-0.01918523437536064
-0.07451912370535274
-0.2533575858119044
-0.08960866661734632
-0.12108525660645522
-3.0531133177191805e-16
0.2533575858119036
-0.08960866661734543
-0.019185234375360273
0.07451912370535418
-0.1672875993060254
0.1783421692111149
-0.03098562666471938
-0.0266990238200841
0.10556751937523103
0.005902531441272216
-0.07082267118106007
0.03401001609422996
0.005589387622767519
0.05043629309239203
-0.087908747645079
0.015064382559508677
0.02335412651483151
0.048578722767315646
-0.02971742866643795
-0.025581747105315022
-0.08198016999404156
0.11133900512211997
0.004022751800505681
-0.06254062482144396
-0.08640504419763795
0.09633187206075967
-0.20031908215013822
-0.10388168405005449
-0.03136307337950606
-0.09739403603109645
-0.023031844442008564
0.0515400131126188
0.1627723631393228
0.12164427808561062
0.02207930462614599
0.06766376331229745
0.019033699150390326
-0.013031906693647094
0.04895902961901058
0.02316889637127302
-0.07452266847342218
0.07722823945228699
0.007097183400794266
0.009195380041518948
-0.06919515535927132
-0.046327788640490766
0.07452049546926576
-0.07949119982600386
-0.07132848805231123
0.19463217176470893
-0.03915312636310177
0.03160709141383373
-0.12775232402975484
0.06479336378250058
-0.08889219641061674
-0.16667203984950066
-0.11287463833783293
0.20092823193610215
-0.09349486513712164
-9.783840404509192e-16
0.11287463833783357
0.20092823193610282
-0.08889219641061635
0.1666720398495019
0.12775232402975492
0.06479336378250117
-0.039153126363101726
-0.03160709141383396
0.07132848805231179
0.19463217176470898
0.07452049546926565
0.07949119982600336
0.0691951553592706
-0.04632778864048967
0.00709718340079496
-0.009195380041518462
0.07452266847342245
0.0772282394522871
0.048959029619010414
-0.023168896371273354
-0.01903369915039055
-0.013031906693646914
0.022079304626145546
-0.06766376331229676
-0.16277236313932258
0.12164427808560996
-0.023031844442008426
-0.05154001311261827
0.031363073379505946
-0.09739403603109617
-0.043247126783158674
-0.11509772641797728
0.05701422176116466
0.044809398638375415
-0.13106640160182137
0.14396693044932035
-0.061118253637154646
0.06079381507503223
-0.08482087068006677
0.05861070670415355
0.0071046970347481
0.050471330417420635
-0.0601007949869405
-0.009861074999053098
-0.12468507639752935
0.032759241674403444
0.006968262237717904
0.058197821104722
0.029796393202987603
0.02454200307258255
0.04643040118221867
-0.02439435458508927
-0.07125319184968795
0.07486457298284022
0.010031241023503203
0.10081799430253313
-0.09438464966780692
-0.1729619925754894
0.12586736231594428
0.11267846279751353
0.3828794346002322
0.09145153683503945
-0.04953305677432232
7.216449660063518e-16
-0.3828794346002322
0.09145153683503973
0.12586736231594425
-0.1126784627975135
0.09438464966780659
-0.1729619925754891
0.01003124102350339
-0.1008179943025328
0.07125319184968804
0.07486457298284009
0.04643040118221894
0.02439435458508875
-0.029796393202987992
0.024542003072583023
0.006968262237717779
-0.05819782110472187
0.12468507639752957
0.03275924167440316
-0.06010079498694082
0.009861074999052456
-0.0071046970347477395
0.05047133041742011
-0.08482087068006561
-0.058610706704153845
0.061118253637155465
0.060793815075032065
-0.13106640160182115
-0.14396693044932155
-0.0570142217611649
0.04480939863837522
-0.04324712678315906
0.11509772641797716
-0.13262434990144395
-0.23300935564603048
-0.019487427321279865
0.029810613572541556
-0.1415582410188263
0.15656286459097296
-0.032070817657305614
0.005983915773216768
0.016905236869507623
0.1104704584745293
0.009136687362310186
-0.04183364874773847
-0.08819173469378752
0.038244923386771296
0.06023424834398036
0.03016316676241424
-0.01114081031962344
0.03283128863900919
-0.03482351781058163
0.08040380014767698
-0.061559714823191794
0.01304774787236418
-0.18449897167983226
-0.024734083238572638
0.006608076676271252
0.12158624881908983
-0.01803369940764868
-0.08693212538789528
-0.007902289572246049
-0.009563562892398708
0.0357457888351414
0.1830715982303087
0.052572236332983524
-0.1408711724336164
-0.09259816328519382
-1.942890293094024e-16
-0.052572236332983704
-0.14087117243361658
0.03574578883514086
-0.1830715982303075
0.007902289572246493
-0.009563562892398528
-0.018033699407649095
0.08693212538789517
-0.006608076676270891
0.12158624881908954
-0.1844989716798321
0.024734083238572745
0.061559714823191905
0.013047747872364401
-0.03482351781058181
-0.08040380014767656
0.01114081031962355
0.03283128863900919
0.06023424834398161
-0.03016316676241443
0.08819173469378752
0.03824492338677149
0.009136687362309243
0.04183364874773865
-0.016905236869508566
0.11047045847452969
-0.03207081765730514
-0.0059839157732169
0.1415582410188257
0.15656286459097246
-0.019487427321280296
-0.029810613572542166
0.13262434990144345
-0.23300935564603037
0.001107192554909986
-0.11819845983532701
0.011799958913344483
0.15078100772579173
-0.011319451450709006
-0.06272858262241465
0.04936186964532763
-0.02225868509085439
-0.024196821132778365
-0.05568165003905275
-0.03076078420224454
0.004110738150409098
0.037683719214530786
-0.012445260141205915
-0.06177784201535859
0.03016419214003488
0.034689965014573464
-0.0012774067369312192
0.046283746441705464
-0.09451088999526097
0.013977765263167241
-0.052081079774377786
-0.03043213478097692
0.014869602316294889
0.10348629617307305
0.059015304091210086
0.22042324962141174
-0.020809296926816087
-0.05925953601279066
-0.12092981777873625
-0.08840440911606724
0.07972312457098524
0.09946811977634548
-0.02696053038171059
-0.13685023743974167
-0.16095555179416804
0.021795786460526045
3.7470027081099033e-16
0.13685023743974173
-0.16095555179416704
0.09946811977634556
0.02696053038171073
0.08840440911606673
0.07972312457098496
-0.059259536012790257
0.12092981777873657
-0.220423249621412
-0.020809296926815712
0.10348629617307295
-0.059015304091209614
0.030432134780976616
0.014869602316295416
0.013977765263167768
0.05208107977437837
-0.046283746441705825
-0.09451088999526128
0.034689965014573415
0.0012774067369306363
0.06177784201535877
0.030164192140034664
0.037683719214531466
0.012445260141205783
0.03076078420224415
0.004110738150408459
-0.02419682113277785
0.05568165003905311
-0.04936186964532793
-0.022258685090854328
-0.011319451450708562
0.06272858262241521
-0.011799958913344684
0.15078100772579156
0.001107192554910097
0.11819845983532734
