41.08536995403377
-5.682271985658724e-15
2.6451467430575217
-2.5579722951359867
6.114847232893961
3.08754900729947e-15
-2.645146743057514
-2.557972295135985
3.2595165401934336
0.5979768548622149
1.6530572673947932
0.07346501209452715
-1.8861969692332756
-5.388880592753715e-15
-1.6530572673948034
0.07346501209453228
3.2595165401934367
-0.597976854862209
2.0855179635753816
-0.8596484346369719
0.532169816778256
-0.7118549265576753
-1.5964075305140488
-0.6742785702151505
1.6081052932570672
2.4410381984940348e-15
1.59640753051407
-0.6742785702151591
0.5321698167782662
0.7118549265576777
-2.0855179635753798
-0.8596484346369728
-1.046363335582329
0.2089400316674084
0.5550789982437614
0.957109493534508
-0.8124391568418559
0.6769188427417583
-0.4574127454825053
0.3737410504293888
-1.7057279840926212
-3.4824984800852798e-15
0.4574127454825015
0.373741050429396
-0.8124391568418519
-0.6769188427417561
-0.5550789982437615
0.9571094935345046
-1.0463633355823283
-0.20894003166741004
0.34708188307952625
-0.06646909251847116
0.09136605984829205
-0.3881789355648588
0.3722901372972889
-0.23807727092463976
-0.14631195191398128
-0.1803345352136301
-0.09462385688925314
-0.3811006709743548
-1.279442503249937
1.3738157939405936e-15
0.09462385688925351
-0.38110067097435807
-0.14631195191398336
0.18033453521362927
-0.3722901372972926
-0.23807727092463848
0.0913660598482916
0.3881789355648576
-0.34708188307952326
-0.06646909251846755
-1.100956756642264
0.4356801667230715
-0.44733722908226137
0.23767648601173114
-0.57394326918956
-0.2063557287871408
-0.07380370726560681
0.5845171613325773
-0.5476888661767634
0.4324001918298842
-0.6323937011504042
-0.07729351186982328
-0.23841847872211447
-6.938893903907228e-17
0.6323937011504072
-0.07729351186982171
-0.5476888661767618
-0.4324001918298852
0.07380370726560809
0.5845171613325779
-0.5739432691895597
0.20635572878714092
0.44733722908226037
0.2376764860117311
-1.1009567566422624
-0.4356801667230725
-0.2711129303834414
0.07941512882631098
0.1728405284829268
0.15030430073020568
0.08145147625156361
0.050199460421710085
0.17091433732038608
-0.11560290959881928
0.3007431253000529
-0.11056703251274791
-0.22088642716603035
0.25223271386450247
0.6030775605459886
0.16794559314054058
0.1858276411508701
-3.2786273695961654e-16
-0.6030775605459899
0.16794559314053958
-0.2208864271660297
-0.2522327138645035
-0.3007431253000534
-0.11056703251274869
0.1709143373203847
0.11560290959882097
-0.08145147625156463
0.05019946042171006
0.1728405284829276
-0.15030430073020606
0.27111293038344103
0.07941512882631033
-0.43686087538450635
-0.0024244271303495712
-0.2210247923375801
0.06994768148538599
-0.14604682903162275
-0.03610659359656743
-0.1417855677856913
0.18216715922590493
-0.3774919757374734
-0.14808125620227203
-0.2250454562833779
0.0245651323064629
-0.30629020875328733
-0.09244484017973736
0.6630336254831491
-0.24106701209502035
-0.3711455929251296
-3.0531133177191805e-16
-0.6630336254831501
-0.24106701209501952
-0.30629020875328666
0.09244484017973645
0.22504545628337652
0.024565132306463733
-0.3774919757374746
0.14808125620227167
0.14178556778569074
0.18216715922590315
-0.1460468290316238
0.03610659359656809
0.2210247923375801
0.06994768148538694
-0.4368608753845047
0.0024244271303490716
-0.23247124292104768
0.2762749097192239
-0.0038510436695069067
0.18532394530855062
-0.11389038642590117
-0.12805571558259296
0.06980225069682937
0.18625088409849733
-0.07093429755332661
-0.019568274733974794
0.2426457221386074
-0.028252331791178566
0.29119959762645975
0.17241019645146372
0.40800119762199283
0.029410792125090082
0.07881130806475095
0.06742886804933444
0.19934133449518676
4.510281037539698e-16
-0.07881130806475056
0.06742886804933312
0.40800119762199316
-0.029410792125089943
-0.2911995976264568
0.17241019645146216
0.24264572213860713
0.02825233179117872
0.07093429755332636
-0.0195682747339741
0.06980225069682866
-0.18625088409849655
0.11389038642590088
-0.12805571558259218
-0.0038510436695062458
-0.18532394530855112
0.2324712429210486
0.27627490971922447
-0.010777717180889379
-0.13980097928359803
-0.1335944626586001
-0.030983094010509596
-0.029241313904646682
-0.03917440616394766
-0.1449289266404069
-0.003410989487443006
0.008766111196883447
0.01230625804115748
-0.005380625350826007
-0.2335658500432266
0.0036357224378575637
-0.3094627365363028
0.26289752872228705
-0.22465390638431212
0.09810385749522593
-0.06933101750961668
-0.009706076496035665
-0.12294023207986102
0.07841003817698794
-3.885780586188048e-16
0.009706076496034721
-0.12294023207986099
0.09810385749522604
0.06933101750961648
-0.2628975287222879
-0.2246539063843124
0.0036357224378567657
0.3094627365363025
0.0053806253508255075
-0.23356585004322716
0.00876611119688269
-0.012306258041158036
0.14492892664040688
-0.0034109894874423397
-0.02924131390464657
0.039174406163948294
0.13359446265860087
-0.03098309401050936
-0.010777717180889046
0.1398009792835973
0.040577262990924845
0.08252204597189483
0.030262329411328295
0.06873688842260903
-0.09435465483521215
-0.01921002841229502
0.1601551071501905
0.06731745906126682
0.098041089503283
-0.05052317091864125
0.10173315865422518
0.009610493174841472
-0.1268965910258937
0.20070851904918127
0.26804808472931574
-0.16252585774126369
0.23597974719693088
0.11995738137954898
0.05791220933109656
0.002039623108804456
0.09431286418859598
0.14300652573050254
-0.25878460175560053
4.3021142204224816e-16
-0.0943128641885937
0.14300652573050196
0.0579122093310977
-0.002039623108803401
-0.23597974719693
0.11995738137954802
0.2680480847293166
0.16252585774126393
0.12689659102589518
0.20070851904918188
0.10173315865422572
-0.009610493174840716
-0.09804108950328241
-0.05052317091864161
0.16015510715019068
-0.06731745906126552
0.09435465483521209
-0.019210028412294994
0.030262329411329142
-0.0687368884226088
-0.04057726299092548
0.08252204597189408
0.06740543235611858
-0.15260322043113653
0.08158608838618672
-0.05092051501420466
-0.041273234503492545
-0.0008173637614034002
-0.058767142362211755
-0.03324126112257998
-0.11512215642528512
0.017195738463066018
0.18786038270163607
-0.10947680327538606
0.02134317638326337
0.1795959521620886
-0.16450250927066976
-0.18096154488034444
0.06256393506800657
-0.26194808981805334
0.13398958167098068
-0.16058383466564147
0.2452800024564338
-0.03944072834935103
-0.10580312075601069
0.014439615670821165
-0.07284517683398173
-1.942890293094024e-16
0.10580312075600956
0.0144396156708224
0.24528000245643233
0.03944072834935229
-0.13398958167098193
-0.16058383466564158
0.06256393506800577
0.2619480898180531
0.16450250927067062
-0.18096154488034427
0.021343176383263107
-0.17959595216208799
-0.18786038270163613
-0.10947680327538463
-0.11512215642528499
-0.01719573846306635
0.05876714236221203
-0.03324126112258083
-0.04127323450349302
0.0008173637614044896
-0.08158608838618618
-0.050920515014204325
0.06740543235611805
0.15260322043113628
0.147486436199378
-0.12820259994216548
0.020506184174166497
-0.07450817544254157
0.02753830704291607
-0.002758883222973199
0.08303323376885247
0.0037407089198388116
-0.03767541913317901
-0.011977861755862948
0.1350914831024016
-0.1891249666012642
0.08327053519848732
-0.08909390706408662
0.10353491798828274
-0.04647220035997676
-0.09149183541574185
0.058393847868854376
0.07488241936170381
-0.04057939998640586
0.1505944016327709
-0.14558875076546107
-0.04604661953856126
-0.10617548271190463
-0.03658478174324631
0.13264171137020586
0.06461705612747963
8.881784197001252e-16
0.03658478174324825
0.1326417113702053
-0.04604661953856087
0.10617548271190322
-0.15059440163277132
-0.14558875076546088
0.07488241936170434
0.04057939998640651
0.09149183541574243
0.058393847868854654
0.10353491798828278
0.046472200359976484
-0.0832705351984878
-0.0890939070640868
0.13509148310240154
0.18912496660126366
0.03767541913317868
-0.011977861755863572
0.08303323376885391
-0.003740708919838685
-0.027538307042916904
-0.0027588832229728764
0.020506184174165942
0.07450817544254171
-0.147486436199378
-0.12820259994216632
0.05636743227620822
-0.024629774963797632
0.07999046665625817
0.032852438344831085
-0.08716908354439318
-0.007079623724511264
0.07602596068342371
-0.004354344630367504
-0.04731734558283203
0.05354998347875743
-0.002629334117040083
0.0424599607902197
-0.08537051695160223
0.047860182423692735
-0.04054559398254717
-0.0101841319291332
0.0958818483107953
0.0009932632230926497
-0.06601831096050799
-0.0056801272645209955
-0.0033043972756287565
-0.08117693643652889
-0.004777154405828862
0.07718363296787029
-0.04339756278514128
-0.145928121333474
0.04422625738377667
0.045406684678917314
-0.042499516532765624
2.7755575615628914e-17
-0.04422625738377936
0.04540668467891783
-0.04339756278514166
0.14592812133347483
0.004777154405828404
0.07718363296787056
-0.0033043972756300333
0.08117693643652954
0.06601831096050736
-0.005680127264520107
0.09588184831079487
-0.0009932632230930105
0.040545593982546854
-0.010184131929133922
-0.08537051695160222
-0.04786018242369358
0.0026293341170399998
0.0424599607902198
-0.04731734558283093
-0.053549983478757175
-0.0760259606834244
-0.004354344630367629
-0.08716908354439332
0.007079623724511673
-0.07999046665625686
0.0328524383448309
0.05636743227620794
0.02462977496379755
0.19865028214681835
-0.1912916609478449
0.041942169961868454
-0.06455030676748591
0.034437808046864304
-0.022609571320216994
0.04260524225300131
-0.1257244826156116
0.011300398038212922
-0.05945689865318715
0.13452895702351408
-0.15902902472861438
0.10038854871427075
-0.006405703418978809
-0.023458537403447374
-0.037612524882011326
0.15191466562697345
-0.05677845195164659
-0.028954392945410398
0.15410680324258774
0.03521840097816073
0.06584959739365841
-0.06126371719197826
-0.014253787561897158
-0.04952405674558828
0.07057966365897402
0.06696134759547717
0.038197739051333036
0.1008282246909036
0.08851681787357
-0.24199171692045343
-2.0469737016526324e-16
-0.10082822469090164
0.08851681787356935
0.06696134759547794
-0.03819773905133361
0.049524056745588615
0.07057966365897422
-0.061263717191978484
0.01425378756189695
-0.035218400978160674
0.06584959739365857
-0.028954392945410024
-0.15410680324258733
-0.1519146656269724
-0.05677845195164671
-0.02345853740344865
0.03761252488201208
-0.10038854871427104
-0.006405703418978781
0.13452895702351428
0.15902902472861433
-0.011300398038211812
-0.059456898653186735
0.04260524225300198
0.12572448261561198
-0.03443780804686462
-0.022609571320216
0.041942169961868746
0.0645503067674868
-0.19865028214681818
-0.191291660947845
-0.04963682855337245
0.04268335565048617
-0.04497700930528621
-0.007698718307226501
-0.003045728821353108
-0.024514057206760642
0.0906859678422787
0.00627172379155652
-0.08916186460887139
0.056503786144761384
-0.050594801842326176
0.05208214592825919
-0.03740234050160865
0.09708793690572264
-0.08220491079295439
0.06028976723814322
-0.062252366760799455
-0.037709082721267176
-0.14110742649966332
-0.025239297054424153
-0.08259124696118351
-0.08093128529309374
0.018255796879360797
-0.13135720331757084
-0.08693686663957434
-0.02697885589455884
0.0709160065728314
-0.11264423230327633
0.05904512458570681
-0.09849362242789383
-0.17635262723016407
-0.07585737705153846
-0.11501180237521717
7.771561172376096e-16
0.17635262723016384
-0.07585737705153758
0.05904512458570638
0.09849362242789461
-0.07091600657283129
-0.11264423230327686
-0.08693686663957505
0.02697885589455909
-0.018255796879360686
-0.131357203317571
-0.08259124696118278
0.08093128529309362
0.14110742649966276
-0.025239297054423904
-0.0622523667607985
0.03770908272126666
0.08220491079295453
0.06028976723814314
-0.037402340501608594
-0.09708793690572236
0.05059480184232609
0.05208214592825958
-0.0891618646088712
-0.05650378614476104
-0.09068596784227953
0.006271723791556768
-0.003045728821353788
0.024514057206761045
0.04497700930528692
-0.007698718307226508
-0.04963682855337263
-0.04268335565048542
0.11071572476177205
0.0577328385262878
0.11817658897550332
-0.061739243432196916
0.08813669592455249
-0.001971805598393092
0.13660095958644797
-0.0912400782019609
0.0779182624689749
0.016176136034820515
0.10547024763104705
-0.054493337550548686
0.15055688979144322
-0.02941467826479527
0.07195516818937973
-0.09522331365500739
0.09644340954588101
-0.001986478567485836
-0.0005399637693475345
0.09237149730771302
0.10791372293350082
0.12192243840744327
0.09619762087951081
0.0031265625349887194
0.029355516538757315
0.15024147934495993
0.07286692521244709
-0.05064846916166767
0.0582029984572808
0.05782014990078149
0.018763729908211346
0.062118579518542674
0.08861680983778093
0.12215321906257379
-0.06689475074160016
-3.677613769070831e-16
-0.08861680983778035
0.12215321906257298
0.018763729908211013
-0.06211857951854233
-0.058202998457280955
0.05782014990078177
0.07286692521244753
0.05064846916166796
-0.029355516538757065
0.15024147934495985
0.09619762087951109
-0.003126562534988747
-0.10791372293350127
0.12192243840744313
-0.0005399637693480064
-0.09237149730771228
-0.09644340954588114
-0.0019864785674855723
0.0719551681893796
0.09522331365500708
-0.15055688979144366
-0.029414678264795394
0.10547024763104637
0.05449333755054889
-0.07791826246897454
0.016176136034820876
0.1366009595864488
0.09124007820196066
-0.08813669592455287
-0.001971805598392773
0.11817658897550354
0.06173924343219747
-0.11071572476177172
0.057732838526287245
-0.18550293706791837
-0.013112439420151056
-0.06151418341102682
-0.005898304524459386
-0.04806788322316219
0.06501976553016109
-0.051683047683029754
-0.03367116183112662
-0.118882070313553
0.06611601941991324
-0.10029758411269685
0.007502122939763961
-0.1314037723803288
0.0401613766822774
-0.1757185369702926
0.06794924535526861
-0.0596192908875198
0.0702393973240314
-0.08799946386874419
0.05807458455971412
-0.17818187795739124
-0.1402876778996304
-0.04418663894453331
-0.0388011502424607
-0.08602027207517011
-0.08717673479378363
0.12578928653123825
-0.11178787593435491
0.0030229155849731126
-0.08689923606022575
0.014382546718426481
-0.029036563185438014
-0.07492280640840947
-0.052015253663799665
-0.01931309612059151
0.021510412740859644
-0.04964817534059862
-5.204170427930421e-18
0.019313096120591178
0.02151041274085965
-0.0749228064084104
0.05201525366379947
-0.014382546718425426
-0.029036563185438125
0.0030229155849726963
0.08689923606022587
-0.12578928653123825
-0.1117878759343548
-0.08602027207517002
0.08717673479378286
0.04418663894453301
-0.03880115024246136
-0.17818187795739127
0.14028767789963054
0.08799946386874438
0.05807458455971409
-0.059619290887520104
-0.07023939732403142
0.17571853697029274
0.0679492453552682
-0.13140377238032896
-0.04016137668227819
0.10029758411269718
0.0075021229397640166
-0.11888207031355338
-0.066116019419913
0.05168304768302906
-0.03367116183112619
-0.048067883223162744
-0.06501976553016113
0.06151418341102683
-0.005898304524460159
-0.18550293706791715
0.013112439420150085
