54.39941806262179
4.071797907812837e-15
2.555123833383771
-7.105901714785161
-8.169074855983695
-2.2007531882258462e-15
-2.5551238333837967
-7.105901714785161
-0.33073538392625546
0.08473162606455147
-1.4957250450520931
0.2963859416647572
3.8688599493273097
2.4469714667276986e-15
1.4957250450520863
0.29638594166475646
-0.3307353839262469
-0.08473162606455838
-0.23979363583114233
1.8636200799502272
-0.04590388193572009
-1.2820860052232321
1.187515811711926
1.2791184882950766
-2.4826446438780123
2.260790038264463e-15
-1.1875158117119287
1.2791184882950783
-0.04590388193572137
1.2820860052232337
0.23979363583115887
1.8636200799502356
-1.518897960388998
-0.03183514685900221
0.4127372573497102
-0.5148487763974694
0.7599227416254881
0.6625602498459073
-0.5111054022191017
0.5642508968923791
-3.777214920126806
2.3421443237834402e-15
0.5111054022191014
0.5642508968923835
0.7599227416254803
-0.6625602498459076
-0.41273725734971156
-0.5148487763974715
-1.5188979603889947
0.031835146858997604
-0.4221327629853611
0.7501151660314583
0.17076281255924347
0.11964639407230582
-0.2683258384469325
0.6247066669402149
-0.13948777310183413
-0.2825785769752787
-0.9364168778851062
0.893443004196876
1.6203666497273208
-1.1930698044296302e-15
0.9364168778851061
0.8934430041968778
-0.13948777310183577
0.28257857697527544
0.2683258384469314
0.6247066669402119
0.17076281255924114
-0.11964639407230987
0.422132762985361
0.7501151660314525
0.04398919032477608
0.6569931383426704
-0.2359473641530756
0.3327076150342885
-0.96497611984297
-0.5776514932105952
-0.10618666252779779
-0.512574230543068
0.23135377519965866
0.022592688072290534
0.8190637190992177
-0.49873799052057444
-0.48840586913017914
9.43689570931383e-16
-0.8190637190992156
-0.4987379905205742
0.23135377519965977
-0.02259268807228887
0.10618666252779918
-0.5125742305430688
-0.9649761198429665
0.5776514932105936
0.2359473641530776
0.3327076150342878
0.04398919032477561
-0.6569931383426681
0.1022677955921773
-0.8877450244929033
-0.4215832440256058
0.013464312052852756
0.017265370239399724
0.08939708668672576
0.19520682177686155
0.5623092967418213
-0.07743793557617001
0.05133809535538228
-0.4467730013741704
0.1741499718826517
-0.2699433791922874
-0.028645805978130823
0.31729657723752885
6.938893903907228e-17
0.26994337919228784
-0.02864580597813063
-0.4467730013741718
-0.17414997188265208
0.07743793557616982
0.05133809535538217
0.19520682177686374
-0.5623092967418207
-0.01726537023939889
0.08939708668672633
-0.42158324402560515
-0.01346431205285159
-0.10226779559217822
-0.8877450244929067
-0.34745571532083075
0.3258282951024692
-0.3020177759616495
0.462888873559115
0.07021501630250404
0.08148625251196362
-0.1846272957135836
0.1382178537676984
-0.10036485454759592
-0.12969566788932654
-0.14128101268063975
-0.13814212745221535
-0.2329355649509709
-0.019712722324732285
-0.04878029484911872
-0.3463389943826213
0.6741837056211442
0.0
0.04878029484911972
-0.34633899438261995
-0.23293556495097223
0.019712722324731383
0.14128101268064114
-0.13814212745221413
-0.10036485454759636
0.12969566788932668
0.18462729571358455
0.13821785376769824
0.07021501630250132
-0.081486252511963
0.3020177759616508
0.46288887355911346
-0.3474557153208321
-0.325828295102469
0.29548357628746635
-0.33257738241257273
0.048208241784717554
0.09341369347213097
0.018642812660097652
-0.2665941551067911
-0.21482973202122138
0.05625610883961396
0.22924947890362443
-0.11476473062497763
0.1457018520207678
0.15983374384245658
-0.05251118817135192
0.061301600544517804
-0.07686991614165364
0.11206381091115428
0.39671398452553064
-0.2357067045704096
-0.07153701842931004
-1.3877787807814457e-16
-0.3967139845255318
-0.23570670457040954
-0.07686991614165489
-0.11206381091115401
0.05251118817135189
0.061301600544515306
0.14570185202076777
-0.1598337438424578
-0.2292494789036244
-0.11476473062497683
-0.21482973202122274
-0.056256108839613655
-0.018642812660099067
-0.26659415510679185
0.048208241784718275
-0.09341369347213085
-0.29548357628746763
-0.3325773824125732
-0.17893815212730302
-0.0019437980833543478
-0.15692215672995458
0.18760395925222073
-0.020637442478055074
0.10513967150017264
0.025290043050394978
0.2115655736641528
0.018939645692680585
0.1112679457221666
-0.1307730069993642
-0.004689657809515926
-0.037333495750066475
0.056400112673782074
0.23783717225765225
0.13870157523747095
0.17858741179563845
-0.07074422545252401
-0.34804682514286184
0.35409648192170845
-0.16392321622744987
-5.551115123125783e-17
0.34804682514286145
0.35409648192170673
0.17858741179563847
0.07074422545252396
-0.23783717225765239
0.13870157523747007
-0.037333495750066725
-0.05640011267378303
0.13077300699936412
-0.00468965780951619
0.01893964569268025
-0.11126794572216706
-0.025290043050394118
0.21156557366415302
-0.020637442478054713
-0.10513967150017375
0.15692215672995447
0.1876039592522231
-0.17893815212730318
0.0019437980833546809
0.2050909283357511
0.27644253811278074
0.27281399426663655
-0.023237725316061733
0.1795892480932694
-0.06397576404308364
0.12685421047056383
0.005528606605958664
0.021793316623240216
-0.015594056672302292
0.07825291914376697
0.10538507901881777
0.1742034537586294
0.0006937579398609006
0.11814729463202632
-0.04604140942093826
0.1339678985059411
-0.12861445071508903
0.23061638552883118
0.1925411665810888
0.209260174489738
-0.07911865219477071
0.01967870726379689
2.498001805406602e-16
-0.20926017448973952
-0.07911865219477215
0.2306163855288304
-0.19254116658108922
-0.13396789850594015
-0.12861445071508903
0.11814729463202545
0.04604140942093646
-0.17420345375862784
0.0006937579398605398
0.07825291914376747
-0.1053850790188167
-0.021793316623237975
-0.01559405667230232
0.1268542104705635
-0.005528606605959663
-0.1795892480932676
-0.0639757640430838
0.2728139942666349
0.023237725316061813
-0.20509092833575226
0.27644253811278025
0.14603911450088153
-0.11091822365979462
0.135937924800842
-0.12923265822800567
0.0743656389400493
0.1080414238185143
-0.12441926179934873
0.03732158846663648
0.03266662839686764
0.03761603941596861
0.14148050937820356
0.02217717241384143
0.21534758757163225
-0.06656813400879294
-0.06940557139945484
0.2283923058666463
0.15678727594843156
-0.01388141009241417
-0.0756720577360808
0.11294260464285441
0.12416000299721414
-0.17180250437102718
-0.06488869507944231
-0.0033579879823500414
-0.13912250245070212
-2.220446049250313e-16
0.06488869507944202
-0.0033579879823494307
0.12416000299721403
0.17180250437102684
0.07567205773608066
0.11294260464285477
0.15678727594843056
0.01388141009241392
0.06940557139945566
0.2283923058666463
0.21534758757163205
0.06656813400879352
-0.1414805093782035
0.022177172413842317
0.03266662839686906
-0.03761603941596682
0.12441926179935002
0.03732158846663589
0.07436563894004888
-0.10804142381851312
-0.13593792480084144
-0.12923265822800595
0.14603911450088164
0.11091822365979456
0.2857882849778776
0.053285779163527947
0.2886222904966686
-0.01045328350141575
0.006079902592467351
0.2452498061526207
0.10133634313490911
-0.13690433194847312
0.14117934961665562
-0.06757235398472348
0.03889744720165625
-0.0355747795839695
0.18265875541018708
-0.0010844449839069736
0.16294382489264028
-0.007141716868887454
0.14356415065514655
-0.11827358945116645
-0.10060805453476751
-0.10326942149614168
0.1903780806096603
-0.10231009670456348
0.06684058505768742
-0.19551476570368798
-0.12289317051111628
0.08558907826689599
0.15564531200325166
8.326672684688674e-16
0.12289317051111608
0.08558907826689566
0.06684058505768797
0.1955147657036881
-0.19037808060966047
-0.10231009670456284
-0.10060805453476868
0.10326942149614182
-0.14356415065514572
-0.11827358945116691
0.16294382489264034
0.007141716868888065
-0.18265875541018733
-0.0010844449839079173
0.03889744720165686
0.0355747795839696
-0.14117934961665624
-0.06757235398472283
0.1013363431349088
0.1369043319484737
-0.006079902592466761
0.24524980615262118
0.28862229049666877
0.010453283501416444
-0.2857882849778791
0.0532857791635285
-0.02440742360618159
-0.25752798566735413
0.05693993889132429
-0.11783867366327011
0.12434153545186336
-0.10921138443469289
0.0758367648759947
-0.19345343704550802
0.10150029951985337
0.11952677194998745
0.007238168152789952
-0.01402184614436186
0.16768114888189828
-0.09088008855441349
-0.0229572460148698
-0.14861055523413702
0.1465731409532387
0.028844855450531337
-0.07391988125704488
-0.07371258635128367
0.052409885778322174
-0.0349110199958995
-0.10220950852425584
-0.048316124917288594
-0.30961711835633754
0.18718058645460822
0.1770084180740531
-0.11269578563369481
-0.13069895231556353
5.551115123125783e-17
-0.17700841807405346
-0.11269578563369553
-0.30961711835633815
-0.18718058645460803
0.10220950852425492
-0.04831612491728873
0.05240988577832151
0.03491101999589902
0.07391988125704496
-0.07371258635128362
0.14657314095323848
-0.028844855450530726
0.02295724601486951
-0.1486105552341374
0.16768114888189956
0.0908800885544126
-0.007238168152790339
-0.014021846144361874
0.1015002995198534
-0.11952677194998787
-0.07583676487599575
-0.19345343704550788
0.12434153545186358
0.10921138443469172
-0.05693993889132376
-0.11783867366326953
-0.02440742360618217
0.2575279856673543
0.1084283128225238
-0.04478504386056216
0.08182526772523882
-0.025373892584746954
0.14525814868858455
-0.12249340947369498
0.10052003544140847
-0.014488445870603717
0.08143187142689638
0.14357201425973035
-0.014107076018391562
-0.10036651060924023
0.014108880239555394
0.029073648015269793
-0.0853153636507056
-0.19453475759351424
0.08160238567129999
0.005822192608635313
-0.038126473545747275
-0.21777456265573264
-0.11589495030254487
-0.11074133585757298
0.01971288295155159
-0.05561009703372137
-0.24946273384376597
0.13791000117698066
-0.04760898570484551
-0.12748230658545037
-0.09900702315147092
-0.0508050136697029
-0.1868350112784302
-1.1102230246251565e-16
0.09900702315147158
-0.05080501366970336
-0.047608985704845896
0.12748230658544998
0.24946273384376622
0.13791000117698193
0.019712882951551353
0.055610097033720794
0.11589495030254571
-0.11074133585757173
-0.03812647354574705
0.21777456265573253
-0.08160238567130038
0.005822192608635743
-0.08531536365070555
0.19453475759351452
-0.014108880239555033
0.02907364801526935
-0.014107076018391174
0.10036651060923975
-0.08143187142689663
0.14357201425973015
0.10052003544140858
0.014488445870603217
-0.1452581486885839
-0.12249340947369544
0.08182526772523792
0.0253738925847469
-0.10842831282252485
-0.044785043860561036
-0.24770543546697987
-0.19218336424578672
-0.060860887431974875
-0.1627695839217973
0.012957101093915617
-0.14995357621213548
-0.05473523696652091
0.005888497761271802
0.0812678483248678
-0.06375134667336413
0.09420524745848013
-0.16342859245217606
0.04422799176870257
0.07462940542709018
0.006851120267118538
-0.03386748272869686
-0.06317477954086807
-0.06964717305989754
0.054932978344380455
-0.15305193738009606
-0.24473514380211445
0.006605756082080014
0.15001420679538602
0.041222669822078485
-0.16532270970442825
-0.017806392315188387
0.02397737896601565
-0.028626319963611757
0.0221260176990761
-0.034274817940747576
-0.007520525920386878
0.19817583561998986
0.11722421155602614
0.0
0.007520525920387988
0.19817583561998953
0.02212601769907592
0.034274817940746966
-0.023977378966015844
-0.02862631996361098
-0.16532270970442847
0.017806392315189046
-0.1500142067953848
0.04122266982207884
-0.24473514380211414
-0.006605756082079611
-0.05493297834437975
-0.15305193738009543
-0.06317477954086824
0.06964717305989793
-0.006851120267118649
-0.03386748272869661
0.04422799176870304
-0.07462940542709082
-0.0942052474584793
-0.163428592452176
0.08126784832486794
0.06375134667336475
0.054735236966521106
0.005888497761271191
0.012957101093916089
0.14995357621213687
0.060860887431975416
-0.1627695839217982
-0.24770543546698048
0.19218336424578614
-0.2609513624552757
0.17620248222924426
-0.15478967568542934
0.007008884565233076
0.0027177638326230102
-0.08320537648236785
0.010339985909934199
0.026269480701450257
0.12252322281408434
-0.0070766103453476364
-0.09809894455945195
-0.057259592838713735
-0.11402726014643358
0.007310359341932929
-0.05324723143541482
-0.024357402287122326
-0.1826013227046485
-0.17973281312703965
0.031453333465326194
0.012455411676180639
-0.24549098031733158
-0.019189663624454956
-0.1655072797393856
0.09268098197184947
-0.15997171249678876
-0.11890988699018996
-0.0300208669804973
0.08182589109594535
-0.03575173863261952
-0.058159941378405994
-0.2503468455309614
0.2044407490533657
0.13582887114422104
0.059571048026102136
0.05355060318699112
-9.71445146547012e-17
-0.13582887114422038
0.05957104802610236
-0.25034684553096087
-0.20444074905336504
0.03575173863262027
-0.058159941378406035
-0.030020866980497482
-0.08182589109594526
0.15997171249678893
-0.11890988699018978
-0.165507279739386
-0.09268098197184899
0.24549098031733185
-0.019189663624454303
0.03145333346532547
-0.01245541167618136
0.18260132270464813
-0.1797328131270396
-0.05324723143541514
0.0243574022871223
0.11402726014643352
0.007310359341932943
-0.09809894455945128
0.05725959283871386
-0.12252322281408556
-0.007076610345348164
0.010339985909935193
-0.02626948070145052
-0.002717763832622143
-0.08320537648236767
-0.15478967568542895
-0.007008884565232992
0.2609513624552762
0.176202482229244
-0.05811981491896065
0.019580583312482643
-0.1296881352381208
-0.14196390141687446
-0.21485299448689976
-0.21934475730436465
-0.028733405809127477
-0.010425148562660691
-0.00871831631324732
-0.09993262091142335
-0.05807513126399827
-0.06531319824595655
0.03578339135129378
-0.09606239810670353
0.018322091457241063
0.03913840416559393
-0.06998575019894242
-0.24005985902393878
0.013037397758056818
0.153770528848788
-0.18630092328507375
-0.07582012416625244
-0.1115507269284168
0.12525396747005949
0.050272264382777654
-0.18027947959447432
-0.06436879968345013
-0.03173094725660936
-0.005898889459515416
0.1511647313303135
-0.07864239980462567
0.17029810608239376
0.3537791305025576
-0.020861712998635373
-0.008330068605509666
1.723949362839039e-05
-0.1768421880274973
1.942890293094024e-16
0.00833006860551011
1.72394936286957e-05
0.35377913050255766
0.020861712998635186
0.07864239980462512
0.17029810608239354
-0.005898889459515777
-0.15116473133031288
0.06436879968344952
-0.03173094725660919
0.05027226438277754
0.18027947959447452
0.1115507269284161
0.12525396747006007
-0.18630092328507336
0.07582012416625214
-0.013037397758057234
0.1537705288487875
-0.06998575019894338
0.24005985902393814
-0.018322091457240897
0.039138404165594026
0.035783391351293714
0.0960623981067035
0.05807513126399781
-0.06531319824595591
-0.00871831631324756
0.09993262091142283
0.028733405809128254
-0.010425148562660191
-0.21485299448689976
0.21934475730436429
0.12968813523812062
-0.14196390141687382
-0.05811981491896051
-0.019580583312482705
