54.646892874325296
1.4055271472064393e-15
-2.0794871199433462
2.1012500250040462
-1.6587099187390053
8.035174430436172e-16
2.0794871199433693
2.1012500250040413
3.9291093241346906
-0.2845267124241483
0.1465686444943538
-0.06179903205107944
1.487657812564266
-8.065869967650038e-16
-0.146568644494354
-0.06179903205107853
3.929109324134688
0.28452671242414795
-1.1231001759479848
-0.5335920270759159
-0.288523301372541
0.048607702048058664
0.4428748254553613
-0.3739403814479694
-1.098170124703448
3.0115270282875115e-17
-0.4428748254553657
-0.3739403814479715
-0.28852330137254206
-0.048607702048061155
1.1231001759479762
-0.5335920270759164
-1.9024488365051466
-0.3777502913606079
0.11947135458752499
-0.18456479248825355
0.40176346899926796
0.1064878256320969
-0.007389102152922017
-0.17336505660923657
-3.9514190145576293
1.753496477922579e-15
0.0073891021529210454
-0.17336505660923732
0.40176346899926485
-0.10648782563209491
-0.1194713545875234
-0.1845647924882531
-1.9024488365051537
0.3777502913606083
-0.009583755148599257
-0.7285720288444527
0.050107924859287556
-0.05922151172791589
-0.13305827473565407
-0.06133142993267069
-0.038785512677957656
-0.018937061600627223
0.5368507754175353
-0.24900323557686713
0.6574993162115605
1.976763525936551e-16
-0.5368507754175303
-0.24900323557686832
-0.038785512677957434
0.018937061600626498
0.13305827473565512
-0.0613314299326716
0.05010792485928525
0.05922151172791357
0.009583755148604045
-0.728572028844452
-1.256036533867654
-0.08492622791688911
-0.0010161966045539456
0.020404893832983433
-0.7573176499155123
0.02040331433213899
0.08080614266352394
0.1302470178410236
-1.0168045770085734
0.006070020219506235
-0.11696588194178265
0.287111201099647
-0.48577724071735984
1.5959455978986625e-16
0.11696588194178192
0.28711120109964694
-1.0168045770085739
-0.006070020219507158
-0.08080614266352348
0.1302470178410232
-0.7573176499155123
-0.02040331433213984
0.0010161966045536819
0.02040489383298238
-1.2560365338676558
0.08492622791688692
0.34931014282053147
-0.11131927073824396
0.049996331886945744
-0.09390262975819955
-0.01354946211519334
-0.10476210041513388
0.06925885711897695
-0.0028429155995958466
0.2035717731725672
-0.11685815403412975
-0.05132846796687615
-0.01301572231890039
-0.34549696279849673
-0.14547049262618622
0.2304529905746528
-3.712308238590367e-16
0.34549696279849584
-0.1454704926261861
-0.05132846796687651
0.013015722318899803
-0.20357177317256728
-0.11685815403413025
0.0692588571189767
0.002842915599595982
0.013549462115192454
-0.10476210041513376
0.04999633188694608
0.09390262975819855
-0.3493101428205314
-0.1113192707382438
-0.1530719657171518
0.22389639232738284
-0.07487736996584168
0.0727225752883499
-0.46438066579177406
-0.015813522893382663
-0.0010952845132744873
0.05966921743762966
0.15652305219797047
0.05155463735139046
-0.09825470896276761
0.007764070347235932
-0.0871194550347396
-0.048674169411480325
0.016368704546607445
-0.18101594910717633
1.042900944265842
8.326672684688674e-17
-0.016368704546606383
-0.1810159491071774
-0.08711945503473939
0.04867416941148077
0.0982547089627689
0.007764070347236127
0.15652305219796955
-0.051554637351389515
0.0010952845132755351
0.05966921743762898
-0.46438066579177373
0.01581352289338364
0.07487736996584168
0.07272257528834916
-0.15307196571715304
-0.22389639232738306
0.024183664452384096
0.2328990222361538
-0.03958745039240008
0.0177176805939272
0.11491438124545325
-0.057994026892711575
0.048901843751467444
-0.042593723900472225
-0.08322872429929418
0.07356236410321032
0.13274674162605704
0.03444821945011303
0.08968770298684337
0.08763685156605616
0.31336967562741624
0.007308140665952492
-0.20726460006191377
0.24644513398141826
-0.08898328028556596
-3.7470027081099033e-16
0.20726460006191377
0.24644513398141843
0.3133696756274164
-0.007308140665952048
-0.08968770298684342
0.08763685156605584
0.13274674162605654
-0.03444821945011328
0.08322872429929354
0.07356236410321015
0.04890184375146789
0.042593723900472585
-0.11491438124545418
-0.05799402689271216
-0.03958745039239969
-0.01771768059392654
-0.024183664452382903
0.23289902223615427
0.26609680487656406
0.14293758469877849
-0.0580758069919554
-0.021060696049363725
0.12645818995116853
0.06092513048796511
-0.12691961579054367
-0.0364571725124343
0.16781129379390922
0.010426712633720178
0.011957522828894285
-0.001881389827444624
0.2884120929098497
-0.007471023753513186
-0.01042740156109194
0.019423596698512437
0.3668906676809888
0.04126382964964803
0.11741701811045782
0.13458061522591394
0.0503389330891475
2.914335439641036e-16
-0.11741701811045799
0.13458061522591408
0.3668906676809882
-0.04126382964964857
0.010427401561090843
0.019423596698512277
0.2884120929098486
0.007471023753512815
-0.011957522828894507
-0.0018813898274440757
0.16781129379390805
-0.01042671263371979
0.12691961579054356
-0.03645717251243391
0.1264581899511678
-0.060925130487964455
0.05807580699195502
-0.0210606960493641
0.2660968048765644
-0.1429375846987794
-0.24028278694295818
0.23977978573355918
-0.026799106062725814
0.046119882569642834
0.06579580295851437
0.10029842490687847
0.03490280813449839
-0.008684508568682713
-0.025540460238569374
0.08661779182030038
0.10213336071052806
0.05126660315113178
0.011861302005221147
0.08574678853846593
-0.11322680355564035
-0.010649748127473803
-0.10914874151904207
0.10602089766778519
-0.18764415574002938
0.0218150139158316
0.2669119964143231
0.083674534277562
-0.27332494453553996
-1.7694179454963432e-16
-0.2669119964143227
0.08367453427756211
-0.18764415574002935
-0.021815013915831516
0.10914874151904244
0.10602089766778502
-0.11322680355563983
0.01064974812747363
-0.011861302005221633
0.0857467885384659
0.10213336071052764
-0.05126660315113209
0.025540460238569887
0.08661779182030067
0.034902808134498226
0.008684508568681845
-0.06579580295851392
0.10029842490687818
-0.02679910606272562
-0.046119882569642764
0.24028278694295813
0.23977978573356087
0.1878910406157166
-0.05735658209360392
-0.007100602514382617
-0.01997860349255793
0.1905894202951934
0.051901482628527715
-0.04731292365923517
-0.012377403926283087
0.0957939892993131
0.01580208891735184
0.051321494078109126
0.01836304235370574
0.1673718544716047
0.018266886693072554
0.020971990724294128
-0.030664189534208255
-0.030679606531298115
-0.021120198693057465
0.034474701395370864
-0.09784850216041731
0.0826722433376156
-0.01956299802099512
-0.05439862510362935
-0.13408327210986465
-0.2508334515126901
4.85722573273506e-16
0.054398625103628515
-0.13408327210986462
0.08267224333761504
0.019562998020994794
-0.03447470139537116
-0.09784850216041746
-0.030679606531298698
0.021120198693057812
-0.020971990724294245
-0.030664189534207645
0.16737185447160458
-0.018266886693072693
-0.051321494078109486
0.01836304235370602
0.09579398929931367
-0.015802088917352575
0.0473129236592357
-0.01237740392628299
0.19058942029519377
-0.051901482628526896
0.007100602514382572
-0.019978603492558242
0.18789104061571685
0.05735658209360334
-0.11393017185149373
0.10614191131850664
0.0213893016325976
0.0046894550109645855
-0.08735439879754331
0.12975727537583542
-0.056823670978220775
0.04710854445197765
0.059383439502476515
0.01713904996822231
-0.0526798589072218
0.013329572610354223
-0.06443090751324654
0.034171046279902445
-0.12593424371320344
0.0173474404521705
0.08768198880751828
0.010179940427712073
-0.07355151820809999
-0.028959109099378336
-0.061590205440486864
-0.033399988607049146
-0.07021449116227058
-0.03474221682149385
0.0414461521617705
-0.1375016762886843
0.21286459475267022
1.214306433183765e-16
-0.04144615216177093
-0.1375016762886836
-0.07021449116227063
0.03474221682149409
0.061590205440486184
-0.03339998860704973
-0.07355151820809977
0.02895910909937814
-0.0876819888075192
0.010179940427711594
-0.12593424371320378
-0.01734744045217096
0.06443090751324582
0.034171046279902334
-0.052679858907221065
-0.013329572610354307
-0.05938343950247721
0.017139049968222755
-0.056823670978219776
-0.04710854445197708
0.08735439879754364
0.12975727537583429
0.02138930163259737
-0.004689455010963996
0.11393017185149307
0.10614191131850702
-0.022392124018450144
-0.03166111496760854
0.04262205667375227
0.03130780163929099
0.024812233171326928
-0.029069574472040297
0.043335779320901255
0.035708789845402156
0.0438391102264236
-0.01113664353852975
0.014187751620974416
-0.04448886532277237
-0.018948631925817
-0.03503684226167782
0.0555564341179281
-0.04727253276930426
-0.02992736377749132
-0.02318163355289332
-0.030941559272450347
-0.03930330329143349
-0.09120428768422259
-0.0034037167834683434
0.017188053874394232
0.04350067100213881
-0.1558384157019232
0.0018415644991808117
-0.08487594719967947
0.016896196894431503
0.006955148615660933
1.3877787807814457e-16
0.08487594719967934
0.01689619689443167
-0.1558384157019233
-0.0018415644991799443
-0.017188053874394642
0.04350067100213901
-0.09120428768422312
0.0034037167834683746
0.03094155927245018
-0.03930330329143362
-0.029927363777491344
0.023181633552893804
-0.055556434117928155
-0.047272532769303884
-0.018948631925817305
0.03503684226167786
-0.01418775162097377
-0.04448886532277198
0.04383911022642348
0.011136643538529861
-0.04333577932090132
0.03570878984540282
0.024812233171326067
0.029069574472040283
-0.0426220566737516
0.03130780163929067
-0.022392124018449255
0.0316611149676085
0.08597527151706813
-0.06464843705746542
-0.008147725361831504
0.019324316674268052
-0.12759119491550597
0.01003523789363861
-0.051638351465517096
0.061147562515936026
0.0023142218066909415
0.014902874720537466
-0.06948020084985532
-0.029370654076567276
-0.006477114468617234
0.0005853336719776683
-0.0037344060239930393
-0.022337540354868318
0.015614210832249384
-0.022708175803434524
-0.026603955331141765
-0.06064465506228281
-0.052985088452530166
-0.0877744490903185
0.08127753316911007
0.039826592158294
0.08916804515287145
-0.10647710481572226
0.05558081077890398
0.02046112578290029
-0.1783119682909593
-0.05505765423162873
-0.04818175450183909
-4.163336342344337e-17
0.1783119682909596
-0.055057654231628284
0.05558081077890381
-0.020461125782900144
-0.08916804515287118
-0.1064771048157224
0.08127753316911068
-0.0398265921582938
0.052985088452530166
-0.0877744490903189
-0.02660395533114205
0.060644655062282546
-0.015614210832249231
-0.022708175803434344
-0.003734406023992526
0.022337540354869498
0.006477114468617297
0.00058533367197737
-0.06948020084985551
0.029370654076567006
-0.0023142218066904696
0.01490287472053771
-0.05163835146551701
-0.06114756251593642
0.12759119491550608
0.010035237893638235
-0.008147725361831351
-0.019324316674267837
-0.08597527151706853
-0.06464843705746565
-0.06041515675120945
0.10144421400692924
0.019224140785275692
0.017333043932338275
-0.04353578772946204
-0.03853027380684072
0.017256377054243682
0.008740949748956478
0.00671995253568991
-0.06369881692160642
0.006672739092686113
-0.01013908300388261
-0.03361325812269364
-0.03632899596549999
0.012916869202208137
0.02106691306719081
-0.02637895198385165
-0.020924462864892884
-0.038722445439593994
0.022594351502981044
-0.08583925279301322
0.004226045983699356
-0.025879192486486707
0.04761017539369698
-0.02281212342647664
0.0360012625411197
-0.012757541305246076
0.008763019282227613
-0.06927212002226381
0.00993290112332286
0.07565878019648385
0.07337155521232339
0.006810114711975512
4.440892098500626e-16
-0.07565878019648337
0.07337155521232386
-0.069272120022264
-0.009932901123322993
0.01275754130524627
0.008763019282227266
-0.02281212342647646
-0.036001262541120155
0.025879192486486284
0.047610175393697385
-0.08583925279301317
-0.004226045983699217
0.03872244543959408
0.022594351502981114
-0.02637895198385176
0.020924462864892752
-0.012916869202208105
0.021066913067190676
-0.03361325812269379
0.03632899596549996
-0.006672739092686258
-0.01013908300388247
0.006719952535689799
0.0636988169216062
-0.0172563770542436
0.008740949748956575
-0.043535787729461733
0.03853027380684099
-0.019224140785275498
0.017333043932338102
-0.060415156751208676
-0.10144421400692916
0.12865201886641794
-0.09404984984517158
-0.006404844747715181
-0.008273450291536089
0.04988085854934243
-0.05936373933282474
0.031392081056803994
0.00694583669171818
-0.07991196075850016
-0.039574534719437005
0.017671218464467363
-0.025436987143707006
0.03264122936449752
-0.039808778829804346
0.04597523415270527
-0.023626279951769892
-0.0666598436677596
-0.047164788931670934
0.010479087242408508
0.017853892818431027
0.039037426801214685
-0.07643378124124289
0.07287893635531283
0.04336985965345354
-0.0547268653482408
-0.03494250095151172
0.02016573873098626
-0.004568239379410338
0.05728476207089992
0.004629309280419158
0.06335206894142728
0.003435204623381344
0.01499431706140994
0.08587994410846522
-0.026573507548326047
3.7470027081099033e-16
-0.014994317061409468
0.08587994410846495
0.06335206894142736
-0.0034352046233814756
-0.05728476207089897
0.004629309280418825
0.0201657387309864
0.004568239379410373
0.05472686534824124
-0.03494250095151147
0.07287893635531305
-0.043369859653453115
-0.039037426801214276
-0.07643378124124266
0.01047908724240805
-0.01785389281843138
0.06665984366775934
-0.0471647889316706
0.045975234152705186
0.023626279951769757
-0.03264122936449726
-0.03980877882980449
0.01767121846446691
0.0254369871437069
0.0799119607585002
-0.03957453471943698
0.03139208105680395
-0.006945836691717951
-0.049880858549342544
-0.05936373933282503
-0.0064048447477151466
0.008273450291535988
-0.1286520188664182
-0.09404984984517131
0.012956391820863583
0.05274073724263614
-0.031858077678867947
-0.01508602708580456
-0.03723897883880163
0.031591176086589345
0.019643868864330588
0.011969568927697516
-0.053656259650151014
-0.005299235844905853
0.00032149189375307863
0.023802665166054837
-0.022268750369670236
0.0034767787810492945
-0.015482657964492427
-0.0036128106932920012
-0.032999483621755504
0.024386841958276492
-0.028233638230212705
0.01804280272568041
-0.03572695406008332
0.04804819461800865
-0.02461747306400114
0.00018797083938658365
-0.017576401283686482
0.02512189798325156
0.05606828690672208
0.020854370585078927
0.00929339195576645
-0.016432252916548495
-0.024505767038073924
0.024450008840889714
0.08347461372017952
-0.03107092896209676
0.06525668651803454
0.007325358028355683
0.0030376262469564708
2.0816681711721685e-16
-0.06525668651803468
0.007325358028355489
0.08347461372017904
0.031070928962096706
0.02450576703807406
0.02445000884088991
0.009293391955766367
0.01643225291654879
-0.056068286906721776
0.020854370585078677
-0.017576401283686302
-0.0251218979832519
0.024617473064000917
0.00018797083938667733
-0.03572695406008368
-0.048048194618008244
0.028233638230212785
0.01804280272568083
-0.0329994836217551
-0.02438684195827663
0.015482657964492774
-0.003612810693292036
-0.02226875036967005
-0.0034767787810494957
-0.000321491893753148
0.02380266516605504
-0.05365625965015094
0.005299235844906727
-0.01964386886433056
0.011969568927697793
-0.03723897883880266
-0.0315911760865894
0.0318580776788682
-0.015086027085804341
0.012956391820864055
-0.05274073724263628
