58.888955292289765
1.2732068873426976e-15
5.87562145116112
-4.645651246931883
3.641891756664138
1.0162041377758803e-15
-5.875621451161107
-4.645651246931858
1.4112310207797505
-3.378127531679966
0.19238171687287808
-1.5998802447896783
0.3200792771706523
-1.3015868774188373e-15
-0.19238171687288474
-1.599880244789683
1.4112310207797512
3.378127531679969
3.272048530536586
0.18189502626636114
1.3766505529677016
0.744164254597202
-1.3778014317880911
-0.3587679672398518
1.7682211147401938
-6.5984626933341465e-16
1.3778014317881095
-0.35876796723985144
1.3766505529677004
-0.7441642545971962
-3.272048530536599
0.18189502626636012
-0.29044479660062517
0.8009234241728342
-0.8912263255445739
-0.18205775374152686
0.8431309593073469
1.0916556680317937
-0.0025151043389106675
0.45342115483285356
-3.225184402762961
-1.2021754630062836e-15
0.002515104338911167
0.45342115483284934
0.8431309593073496
-1.0916556680317944
0.891226325544571
-0.18205775374152838
-0.29044479660062666
-0.8009234241728248
-1.9627390175778308
0.8169052743392891
-0.022338317210809033
-0.2052040246167953
-0.2322794925184013
0.5348040148188853
0.032752741377113814
-0.3864296054464823
-0.9781575086999501
1.7206491990876842
-1.4712944705724427
1.2082648596596116e-15
0.9781575086999486
1.7206491990876804
0.032752741377113745
0.3864296054464826
0.23227949251839947
0.5348040148188855
-0.0223383172108092
0.20520402461679282
1.9627390175778292
0.8169052743392928
0.08850895651525573
0.7190829159859344
0.26174278782025845
-0.04033349478910209
-0.018508879569683334
0.06870402181563831
0.2677770671038602
-0.032470002714453494
-0.703187971938403
0.1658051361683117
-0.07054104992821597
0.46695050151497036
0.17560639356421776
-6.661338147750939e-16
0.07054104992821664
0.4669505015149693
-0.7031879719384003
-0.16580513616831344
-0.2677770671038609
-0.03247000271445316
-0.018508879569681003
-0.06870402181563902
-0.2617427878202579
-0.04033349478910174
0.08850895651525603
-0.7190829159859347
-0.10452455399191574
0.3560707531001773
-0.24669133689425374
0.3513649383198822
-0.14382183749817418
0.20067208447445073
0.13931839874759033
0.25401113211505805
-0.1895112649007013
0.24748276135517971
-0.5802406149545193
-0.06377016938040315
0.6646288750279102
-0.15320333345704207
0.034282533982887387
-6.938893903907228e-16
-0.6646288750279086
-0.15320333345704076
-0.5802406149545201
0.06377016938040336
0.18951126490070225
0.2474827613551809
0.13931839874759155
-0.254011132115058
0.14382183749817423
0.20067208447445017
-0.24669133689425227
-0.3513649383198816
0.10452455399191574
0.35607075310017744
-0.1942779454040096
0.6015507991287615
-0.07898962240740623
0.1424541533756663
-0.050838715194340536
0.3578754558852415
-0.13116830872724589
-0.04026993126312031
-0.18455644020313905
0.06200456160753123
0.25428892757888133
0.3500462806640938
0.017754554347393474
-0.26948125240821935
-0.05071183332341769
-0.1550130937933204
0.3583202044547745
-8.881784197001252e-16
0.05071183332341744
-0.1550130937933214
0.017754554347391704
0.2694812524082191
-0.2542889275788814
0.3500462806640933
-0.18455644020313933
-0.06200456160753039
0.13116830872724625
-0.04026993126312006
-0.050838715194341286
-0.35787545588524117
0.07898962240740719
0.14245415337566897
-0.19427794540401
-0.6015507991287619
-0.11287236213103713
0.3535272790727645
-0.1059972456742664
-0.19798740857186953
-0.1008375213482528
0.021583590677636655
0.034184991799326325
0.16181017626736405
0.05400613080807093
-0.10921190112109003
0.004900285286311257
0.050318085044416094
-0.022526561648813365
-0.24700806990898266
0.1990675067157091
0.2768888728873394
0.033093610946752935
-0.4128819920454554
0.5474001529253039
-4.440892098500626e-16
-0.033093610946753116
-0.41288199204545617
0.19906750671571075
-0.2768888728873377
0.022526561648813892
-0.24700806990898197
0.004900285286312991
-0.050318085044415636
-0.05400613080807107
-0.10921190112109092
0.03418499179932727
-0.16181017626736405
0.10083752134825191
0.021583590677636155
-0.10599724567426602
0.19798740857186709
0.11287236213104007
0.35352727907276404
-0.17045659835055893
-0.5319512558819898
0.06515333821511765
0.13705509646174902
-0.11359449687960388
-0.05431342183626367
-0.051178656945106316
0.26017643702204235
0.07372023243793546
-0.18863209691847954
-0.16894664843659435
0.09239129537040477
-0.13435969978627105
-0.14234410744449172
-0.32413726361560957
-0.04168533381991468
0.07062785830608091
-0.11535976794507063
0.12071338995104518
0.05061061829640108
-0.4045150213801614
3.0531133177191805e-16
-0.12071338995104469
0.050610618296400456
0.07062785830608131
0.11535976794506975
0.32413726361560996
-0.04168533381991549
-0.1343596997862716
0.14234410744449208
0.1689466484365936
0.09239129537040507
0.07372023243793693
0.18863209691847987
0.05117865694510648
0.26017643702204285
-0.11359449687960321
0.05431342183626464
-0.06515333821511865
0.1370550964617478
-0.1704565983505572
0.5319512558819893
0.035003285538476286
-0.5225127568757222
0.1067860098659269
-0.09696882537769042
-0.04980757699310594
0.29994354297379366
-0.11808253861475276
-0.26185039673096544
-0.11316557971123511
-0.09262576701555508
0.1095218727018506
-0.11390973744814004
0.15267800209760235
-0.139788500690807
-0.16753336564558635
-0.16789926558807616
0.0310636474378419
-0.16229271854980504
-0.008994619506586893
-0.2940538119209185
-0.0447297857335354
-0.08709470868976593
-0.5353516460067487
1.1102230246251565e-15
0.04472978573353464
-0.08709470868976604
-0.008994619506586726
0.2940538119209191
-0.03106364743784268
-0.16229271854980365
-0.16753336564558644
0.16789926558807633
-0.15267800209760274
-0.13978850069080648
0.10952187270185021
0.11390973744813969
0.11316557971123514
-0.09262576701555421
-0.11808253861475351
0.261850396730966
0.04980757699310498
0.29994354297379394
0.10678600986592734
0.09696882537769147
-0.03500328553847609
-0.5225127568757235
0.2270310492986634
0.12699760106912494
-0.08028922946087286
0.16995123746822155
-0.031049573383817697
-0.39738508577236087
0.08639400093391882
0.22439886289067915
0.022260039405910426
-0.17280608856448726
-0.004724930954423633
-0.03962256327063697
-0.011324693627074667
-0.07139123728147947
0.10740887236101077
-0.07101245065945455
0.08333650095369961
0.06318996809390756
0.2141931772600694
-0.24908752185313937
-0.09907081076954578
0.16679987307893812
-0.08361036806140998
-0.27890906689940764
0.2801068756901926
1.3877787807814457e-16
0.08361036806141187
-0.2789090668994059
-0.09907081076954671
-0.1667998730789389
-0.21419317726006892
-0.24908752185314026
0.08333650095369935
-0.06318996809390755
-0.10740887236101071
-0.07101245065945397
-0.01132469362707593
0.07139123728147961
0.004724930954424424
-0.039622563270636124
0.022260039405910453
0.1728060885644883
-0.08639400093391825
0.22439886289067887
-0.031049573383818585
0.39738508577235965
0.08028922946087301
0.16995123746822277
0.22703104929866302
-0.12699760106912616
-0.28120463595869605
-0.1524518665203014
-0.09971530828162858
-0.14621135362606552
-0.06783969632549505
-0.04805796530350237
0.046989349749240406
-0.15516066403869172
-0.0863831647330705
0.10799206566309205
-0.02251893716511269
-0.03507971987035999
-0.028498347210666353
-0.05932010907115076
-0.0791251464888928
-0.014861644914390848
-0.07315678460856534
-0.055734217262069494
-0.02311087005022828
0.04268788127405282
0.061075926582953216
0.14791698589796484
-0.047676438108831126
0.15957472423844832
-0.1082135495987145
0.06380649106650454
0.13327186238597896
5.551115123125783e-17
0.10821354959871587
0.06380649106650482
-0.047676438108830654
-0.15957472423844762
-0.06107592658295268
0.1479169858979642
-0.023110870050229437
-0.042687881274052986
0.0731567846085654
-0.055734217262069174
-0.07912514648889205
0.014861644914391708
0.02849834721066674
-0.059320109071150796
-0.02251893716511147
0.03507971987036029
0.08638316473306998
0.10799206566309102
0.046989349749241405
0.15516066403869083
0.06783969632549583
-0.0480579653035027
-0.09971530828162768
0.1462113536260655
0.281204635958695
-0.15245186652030168
-0.36550676092531365
-0.24423136572918938
0.1262415552974221
-0.12109238007591833
0.005205592291884123
-0.033777964557568124
-0.06831956585060156
0.12602035758029922
-0.049022099842447264
-0.18885995666382804
-0.024959363309901977
0.05424897683597306
0.11304209946457121
-0.047478769081996754
-0.032375382763034505
-0.14942545527149975
0.008121055775108882
0.08573639895594104
-0.037365427208123164
-0.07981797348022833
0.12622520496527054
-0.03448744906129003
-0.022844056290595556
0.06836393694242074
0.19125338810257053
0.09980463920392534
-0.10114112404519898
0.12636903652636522
0.08747648145996136
-5.828670879282072e-16
0.10114112404519915
0.126369036526365
0.1912533881025706
-0.09980463920392442
0.022844056290595043
0.06836393694242023
0.1262252049652708
0.0344874490612896
0.03736542720812258
-0.07981797348022909
0.008121055775108077
-0.08573639895594115
0.03237538276303384
-0.14942545527149842
0.11304209946457
0.047478769081996455
0.024959363309902644
0.05424897683597396
-0.049022099842445696
0.18885995666382877
0.06831956585060073
0.1260203575803004
0.005205592291884303
0.03377796455756793
-0.12624155529742292
-0.12109238007591763
-0.36550676092531537
0.24423136572919002
0.25129209025949717
-0.13617127740272703
0.03996497939730814
0.10701167007148324
0.01467126816732467
-0.21515487325916877
-0.13433548016085978
-0.12670088327644524
0.033873769385571295
0.021750726048168245
-0.0649607846639411
-0.07014551976212532
0.016565134591390696
-0.038579485957401266
-0.010472036136495388
-0.03711179375906987
0.02350052289740867
0.10383550839096437
0.08411475131324592
-0.020690119362491433
-0.01751288094635073
0.1551923409417053
0.023862943296854983
0.020317877658010575
-0.08666326327648635
-0.04813547503455895
0.17182645331342733
0.03355868078225144
0.082637065904068
0.19441805193442285
0.04074213994844861
5.551115123125783e-17
-0.08263706590406894
0.1944180519344219
0.17182645331342722
-0.03355868078225133
0.08666326327648613
-0.048135475034558006
0.023862943296855843
-0.02031787765801024
0.017512880946351006
0.15519234094170511
0.0841147513132463
0.020690119362491724
-0.023500522897408282
0.1038355083909636
-0.010472036136495666
0.03711179375907031
-0.016565134591391723
-0.03857948595740052
-0.06496078466394142
0.07014551976212552
-0.033873769385570476
0.021750726048168773
-0.13433548016086086
0.12670088327644585
-0.014671268167324225
-0.21515487325916854
0.03996497939730931
-0.1070116700714832
-0.2512920902594982
-0.13617127740272822
0.19986937089406892
0.11855885064135518
-0.04224504617837799
-0.02013169658049746
-0.1663220884348444
0.05191446262327909
0.11053488050811194
-0.14776922436562123
-0.018082187545264687
0.05103051801742657
0.009681398665680352
-0.07927113791863136
0.020395738204805225
0.012033848021916121
-0.008409838076019083
-0.006873926340108194
0.0353370967347027
-0.004423896944340561
-0.041599921864438144
0.04625902545690158
0.03946317834140148
-0.0010514986949329286
0.12163511650072953
0.07616799783170218
-0.04378012825983037
0.03228696468760564
-0.16465989893226204
0.06539003199538052
-0.0769539093321614
-0.21521156851986498
0.30664080908783
0.09331862557579101
-0.17570853604941095
-4.440892098500626e-16
-0.3066408090878293
0.09331862557579054
-0.07695390933216056
0.2152115685198644
0.16465989893226152
0.06539003199538118
-0.04378012825983016
-0.03228696468760671
-0.12163511650072895
0.07616799783170179
0.03946317834140145
0.0010514986949319433
0.041599921864437936
0.046259025456901526
0.03533709673470242
0.004423896944340977
0.008409838076018444
-0.006873926340108305
0.020395738204804795
-0.012033848021917093
-0.009681398665679353
-0.07927113791863093
-0.018082187545265027
-0.05103051801742596
-0.1105348805081121
-0.14776922436562
-0.16632208843484483
-0.051914462623279534
0.04224504617837693
-0.020131696580497432
0.199869370894067
-0.11855885064135585
0.042222344375800636
0.2214836584765491
-0.013446745592418805
-0.042301085967153707
0.11463896561696635
-0.07701038041469804
-0.026488646403908356
0.08649374809041034
0.15383854693243237
-0.11656109267212889
-0.05925264179217303
0.07049172412295507
0.11069415753824115
0.03387503551832673
-0.01866688482107884
-0.06822567321082806
0.06849524959869471
0.09184545747681513
0.12816003347792662
0.03572413368622658
-0.01511266486889068
-0.03126809191201564
-0.041096175242665164
0.06944985051169077
0.12523129852525547
-0.020007295918876934
0.20053155934741443
0.07618205677128485
-0.02177767234322897
0.007479233048432482
-0.11866364947753183
-0.15243999528827284
0.15322510502992903
-0.16375544519127763
0.22355044282838687
6.38378239159465e-16
-0.15322510502992837
-0.16375544519127722
-0.11866364947753158
0.15243999528827248
0.021777672343230067
0.00747923304843294
0.20053155934741382
-0.07618205677128506
-0.12523129852525397
-0.02000729591887713
-0.04109617524266476
-0.06944985051169039
0.015112664868890568
-0.03126809191201565
0.12816003347792682
-0.03572413368622726
-0.06849524959869496
0.09184545747681516
-0.018666884821079338
0.06822567321082834
-0.11069415753824077
0.03387503551832782
-0.059252641792174106
-0.07049172412295453
-0.1538385469324339
-0.1165610926721288
-0.02648864640390905
-0.08649374809040969
-0.11463896561696538
-0.07701038041469876
-0.013446745592417764
0.04230108596715301
-0.04222234437580147
0.22148365847654872
0.03618329002591092
0.11254934245007753
0.06862637023935783
-0.03273231245079919
0.05395794451734529
0.10227789779614521
0.013380126928337371
-0.008261358109568386
-0.05978313494247789
0.08767889826865735
0.05867164690974447
-0.09201237196143748
-0.04785276221952865
0.1031258517946097
0.05056163430776618
0.0495131187662351
0.010283341570549859
-0.013784236047630793
0.05800582387708732
-0.004229709707385204
-0.027040410554191846
0.0914469149572471
0.02692812045301917
0.052239714301445264
-0.024431374299136374
-0.033653396757623244
-0.0020982163127889197
-0.022216089929801675
-0.05766138468785362
0.03097176758059776
0.09059120818389393
-0.017122011657676045
-0.01425145831729413
0.0969532421567416
-0.19737441338163653
-0.08468556424525442
0.12961075102397762
-5.551115123125783e-17
0.19737441338163764
-0.08468556424525503
-0.01425145831729499
-0.09695324215674181
-0.09059120818389432
-0.017122011657676323
-0.0576613846878542
-0.03097176758059761
0.0020982163127891695
-0.02221608992980198
-0.024431374299137276
0.033653396757622855
-0.026928120453019566
0.052239714301445375
-0.027040410554192033
-0.09144691495724772
-0.05800582387708661
-0.004229709707384927
0.010283341570549914
0.013784236047630724
-0.0505616343077669
0.04951311876623457
-0.04785276221952982
-0.10312585179460984
-0.058671646909744135
-0.09201237196143747
-0.059783134942477445
-0.08767889826865853
-0.013380126928336955
-0.008261358109568656
0.05395794451734566
-0.10227789779614394
-0.06862637023935794
-0.0327323124507983
0.03618329002590914
-0.1125493424500773
