54.65164818640256
-1.796289707174723e-15
-4.026885109440828
2.962844639596085
-4.1887345848008595
-2.7857827171990756e-15
4.0268851094408324
2.9628446395960926
4.768814740639743
0.05676752083003346
0.5885498254227494
-0.024103561921767037
-1.1355770535971148
-1.588958202155094e-15
-0.5885498254227541
-0.02410356192176464
4.768814740639759
-0.05676752083003213
-1.5200002615856536
0.5539182362709482
-0.06670699311394379
-0.27643991639108667
1.2507852002884923
-0.37468054888729857
-0.8266429165543459
-7.296571477323253e-16
-1.2507852002884854
-0.37468054888729535
-0.06670699311393681
0.27643991639108667
1.520000261585658
0.5539182362709437
-0.8885117377505434
-1.0661848213928173
-0.356876142641365
-0.2078112214160615
-0.054547634497530445
0.1281830824216718
-0.5553519205394869
-0.6210189893159109
-3.6344891129772345
-2.2609824447794884e-15
0.5553519205394899
-0.6210189893159105
-0.05454763449752753
-0.12818308242167298
0.356876142641362
-0.20781122141606057
-0.8885117377505469
1.0661848213928222
-0.8173720947114947
-0.6083302327045864
0.24585254132738765
0.7809602591363609
-0.08901321304515426
-0.38615840896979214
-0.4592517071881492
0.25277082470792095
0.3176090092722149
-0.6522627356471984
0.7054917728576899
-1.6647257663170874e-16
-0.3176090092722034
-0.6522627356471961
-0.4592517071881449
-0.2527708247079209
0.0890132130451593
-0.38615840896979076
0.24585254132738868
-0.7809602591363622
0.8173720947114974
-0.6083302327045865
-0.707728534192853
0.5922148930174805
0.43737807512472165
-0.1250985909591294
-0.22256783339460381
0.02056026696054916
0.20320036604738795
0.10050299434467827
-0.7412539781077507
-0.026410594140115873
-0.1754218211724709
0.5698304353517383
0.579580489707538
8.482797797526587e-16
0.17542182117247032
0.5698304353517392
-0.7412539781077501
0.026410594140115345
-0.20320036604738834
0.10050299434467783
-0.22256783339460445
-0.0205602669605493
-0.43737807512472093
-0.1250985909591305
-0.7077285341928564
-0.5922148930174813
0.7438422555376389
-0.7198585369119098
-0.24973362065886548
-0.23903824655731587
-0.3364499530440478
-0.32678772772601994
0.3165495943639425
-0.13690173988814627
0.1888541571898346
-0.3509717445672301
0.5360964201766367
-0.08279926981466382
-0.5190452862688523
0.12012644995147403
0.3001542495960424
-8.604228440844963e-16
0.5190452862688506
0.12012644995147419
0.5360964201766375
0.082799269814663
-0.1888541571898353
-0.3509717445672298
0.3165495943639417
0.1369017398881459
0.3364499530440476
-0.32678772772602044
-0.24973362065886606
0.239038246557316
-0.74384225553764
-0.7198585369119113
-0.5053229176644862
0.5549811109251468
-0.2843880504904023
0.46372677107960825
-0.21004035087265327
0.2188086990653519
-0.13265223024086353
0.052023305825319555
0.08038158564713496
0.1442649277888594
-0.2871159631966892
0.12334144710218975
0.237087094868306
-0.053460945480265046
0.36876167093807916
0.0865605592980538
0.3881042580305334
-7.632783294297951e-16
-0.3687616709380789
0.08656055929805379
0.23708709486830554
0.0534609454802647
0.28711596319668947
0.12334144710218986
0.08038158564713449
-0.1442649277888603
0.13265223024086423
0.05202330582531972
-0.21004035087265335
-0.21880869906535283
0.28438805049040167
0.46372677107960814
-0.5053229176644849
-0.5549811109251463
0.47099854011843273
0.16616207002216965
0.30713497890980535
-0.02144344984855176
0.09070940125702265
-0.07244303167432464
0.21952547028499375
0.019507224657219047
-0.06599141556729134
-0.02252298155676208
0.10752027728294124
-0.024428438168596744
-0.14493945919090917
0.21576402698022012
0.055541792616374014
0.07084962344310003
0.040229423200087044
0.12452299296922106
-0.4143147480631086
-8.326672684688674e-16
-0.04022942320008646
0.1245229929692209
0.0555417926163731
-0.07084962344309947
0.14493945919090886
0.2157640269802192
0.10752027728294225
0.024428438168596012
0.06599141556729167
-0.02252298155676205
0.21952547028499325
-0.019507224657219546
-0.09070940125702176
-0.07244303167432542
0.3071349789098063
0.02144344984855267
-0.47099854011843245
0.1661620700221706
0.04926392682685255
0.16754331779459114
-0.172127403852122
-0.1680736351794194
-0.03370488102209934
0.1968781132891143
-0.17055045185824272
0.07180934588292384
0.16758462701298285
-0.011745597432139848
-0.03789472509079124
-0.01572634374860748
0.13106353371337057
0.1359587917454581
0.03218316546920212
-0.03173048576796264
0.0022440663759332874
0.07650248442802797
0.09252365066914367
-0.17237403810264018
-0.2515650284671068
-6.661338147750939e-16
-0.09252365066914256
-0.17237403810263952
0.0022440663759335094
-0.07650248442802722
-0.03218316546920236
-0.03173048576796347
0.13106353371336993
-0.1359587917454576
0.03789472509079149
-0.01572634374860668
0.16758462701298343
0.011745597432140098
0.1705504518582436
0.07180934588292413
-0.033704881022100286
-0.19687811328911445
0.17212740385212288
-0.16807363517941898
0.04926392682685389
-0.16754331779459164
-0.0384371171882158
0.15263436405588474
-0.08544653688879483
0.0599371484310921
0.11973002494267733
0.09776023898631314
0.16662727884955886
-0.007088935761347892
-0.1190300657334597
0.07386187722483668
0.08226966333822316
0.016276384657788752
0.14223132883047573
0.18279201959636515
-0.10096723559681642
0.019160507690107464
-0.024069953533568066
0.1503503532116936
-0.19349610128211545
-0.09660680260984833
0.3053300452848259
0.14384391708720587
0.14186339115376462
4.163336342344337e-17
-0.30533004528482605
0.14384391708720667
-0.193496101282116
0.09660680260984897
0.02406995353356875
0.15035035321169385
-0.10096723559681639
-0.019160507690107187
-0.14223132883047618
0.18279201959636543
0.08226966333822336
-0.016276384657788568
0.11903006573346102
0.0738618772248372
0.16662727884955952
0.00708893576134767
-0.11973002494267695
0.09776023898631417
-0.08544653688879393
-0.05993714843109224
0.03843711718821566
0.15263436405588623
0.09325532693177264
-0.2527081323655004
0.023100622551298078
-0.013422252340161818
0.008992335446744978
0.0588228031891489
-0.0964267852121597
-0.1081280787864421
0.17368179059890693
-0.07019989452623301
-0.003525326280825747
-0.11092767834629538
0.05502545647278847
-0.03867604480281556
-0.09800425819166142
-0.062056042708207665
0.03990881838526977
-0.1195382841801236
0.02493867006844877
-0.2536402914156322
-0.004010684293835554
-0.0410726681993594
-0.2537092041628114
-0.17002295965607533
0.135863455431569
0.0
0.2537092041628113
-0.1700229596560756
-0.004010684293834832
0.041072668199359286
-0.024938670068448535
-0.2536402914156327
0.03990881838527031
0.11953828418012147
0.09800425819166125
-0.06205604270820858
0.055025456472787934
0.03867604480281424
0.0035253262808261493
-0.11092767834629585
0.1736817905989061
0.07019989452623276
0.09642678521216004
-0.10812807878644173
0.008992335446745214
-0.058822803189149064
-0.02310062255129891
-0.013422252340161561
0.09325532693177196
0.2527081323654985
-0.20316659981402024
0.07849595062384196
-0.015372391069470151
0.027300923006431055
-0.039707367329385734
0.11681122987376358
-0.04062945200840681
-0.019846507806323077
-0.06422146977700191
0.048766649383095086
0.07284408426646481
0.03499566616760304
-0.08991480616089004
0.05373134051303767
-0.004107757043882998
0.11786462965329685
-0.052348353060984454
-0.019777346895409012
-0.046463397904369305
0.10082163114766135
0.004168286894863815
-0.13361689781077857
-0.010207114118590405
0.057197634055736996
-0.10297080508932233
-0.11437553277751428
-0.08379365336637357
-6.106226635438361e-16
0.10297080508932221
-0.11437553277751389
-0.010207114118590016
-0.057197634055737245
-0.0041682868948634405
-0.13361689781077862
-0.04646339790436921
-0.10082163114766168
0.05234835306098329
-0.019777346895409276
-0.004107757043883775
-0.11786462965329822
0.08991480616088943
0.053731340513037004
0.07284408426646491
-0.03499566616760311
0.064221469777001
0.04876664938309422
-0.040629452008407695
0.01984650780632341
0.03970736732938607
0.11681122987376347
-0.015372391069469901
-0.027300923006431055
0.2031665998140208
0.07849595062384276
0.1065422675896995
-0.2347765463625479
0.0648234418590129
-0.003252867228453221
0.08308333203614529
-0.11406425689648042
-0.05388719382606104
0.00405238940867797
0.08262431726195313
0.02056966006538069
-0.03152191081639108
-0.17753952815511798
0.048510070577022724
-0.018967106708367265
0.060197683648502656
-0.16637787114237368
0.024289510572172796
0.058233233304148674
0.057860341270090716
-0.159552916779292
-0.03572422621847071
0.04547511620824468
0.07181703867246882
0.1162461043276782
0.0008180422735802884
0.006053093987226615
0.07659604722975978
0.15583682646605937
-0.026447715534271332
-3.191891195797325e-16
-0.07659604722975957
0.1558368264660592
0.0008180422735805104
-0.006053093987226282
-0.07181703867246952
0.11624610432767797
-0.0357242262184711
-0.04547511620824464
-0.05786034127009136
-0.15955291677929137
0.024289510572172678
-0.05823323330414787
-0.06019768364850209
-0.16637787114237365
0.04851007057702228
0.01896710670836768
0.03152191081639069
-0.17753952815511664
0.08262431726195296
-0.020569660065380177
0.05388719382606106
0.004052389408678803
0.08308333203614443
0.11406425689648092
-0.06482344185901329
-0.003252867228452
0.10654226758970028
0.23477654636254838
-0.00543559580335945
0.045416131522574024
-0.004401913604359209
-0.02505898762561931
-0.0897946568429074
-0.041449020572919326
0.03946673129678324
0.07705221829686235
-0.0008371240684946768
0.03942811058481645
-0.023754135799877757
0.04403130540665254
-0.0756091301159722
-0.06581763779701408
-0.15191920695276384
0.09110499177903741
0.06995525481920592
-0.08862304881805197
-0.07563766407913662
-0.08270575235356425
-0.032554902279939874
-0.14273088185500526
0.08901779996973933
-0.062435862825207994
0.08559870974417527
0.011357025133027221
-0.03535704803755224
-0.030118825134596988
-0.08199143660152153
-0.03531387457992599
0.1456600866496513
2.7755575615628914e-17
0.08199143660152242
-0.03531387457992592
-0.035357048037552914
0.030118825134597668
-0.0855987097441756
0.011357025133026916
0.0890177999697388
0.062435862825207994
0.032554902279940776
-0.14273088185500576
-0.07563766407913664
0.08270575235356382
-0.06995525481920517
-0.08862304881805261
-0.15191920695276342
-0.09110499177903726
0.0756091301159725
-0.06581763779701368
-0.023754135799877465
-0.04403130540665229
0.0008371240684938719
0.03942811058481663
0.039466731296783436
-0.07705221829686221
0.08979465684290755
-0.04144902057291902
-0.004401913604359375
0.025058987625618367
0.005435595803359644
0.04541613152257462
-0.022891651359531667
-0.11092945375153435
-0.0408253269851625
0.04295271122617761
0.015134985650725824
-0.13459115663110655
0.03354384107352243
-0.07355894557649363
0.050797915861209506
-0.01869820032426578
-0.011124746458982898
-0.024619264415189412
0.04555374788985543
0.006154278684926184
0.049888315350428175
0.010862700167468209
-0.0997041455549292
0.05147539778711285
-0.02130468990571184
0.0885531722601477
-0.0049310496340557175
-0.05117343498970306
-0.0011813573970340663
0.18119570732291407
0.013386190949786908
0.006192454202450279
-0.08040710454837821
0.13606534563456546
-0.029586234491363703
-0.04306554138513033
0.1311567991443625
0.08312814423183137
0.09200391799626051
5.551115123125783e-17
-0.13115679914436268
0.08312814423183146
-0.02958623449136369
0.043065541385130794
0.08040710454837724
0.1360653456345665
0.013386190949786575
-0.006192454202450723
0.0011813573970340663
0.18119570732291387
-0.004931049634056356
0.051173434989703205
0.02130468990571205
0.08855317226014767
-0.09970414555492856
-0.0514753977871128
-0.04988831535042851
0.010862700167467536
0.04555374788985522
-0.006154278684926753
0.011124746458982523
-0.02461926441519041
0.05079791586120927
0.018698200324265585
-0.03354384107352293
-0.07355894557649337
0.015134985650725297
0.13459115663110538
0.04082532698516245
0.042952711226178275
-0.02289165135953275
0.1109294537515333
-0.03632337535962546
0.13120118628267927
0.031843858937193076
0.07788502019993919
-0.019552745245192682
0.036409791730396435
-0.051023539127798806
0.06015036188325812
-0.0654586737330248
-0.10249437266559172
0.06219562570708948
0.07088783366717802
0.0047594048349350465
-0.08586517974847421
-0.03344023104898422
0.004263985848460265
0.01850782990335827
-0.019601655215755548
0.042719361612372386
-0.06185976766850476
0.00025245078849187724
-0.028752119350028207
0.02506851600160579
-0.015757481758803926
-0.02991221661887647
0.06417239255827309
0.014478818362993612
-0.015140218940446315
-0.06454945134478318
-0.043614610361665945
-0.055297888759715884
0.027464673336913326
0.04216530059632682
-0.04404639051240583
0.04430671529077485
5.551115123125783e-17
-0.04216530059632689
-0.0440463905124058
-0.05529788875971581
-0.027464673336912104
0.06454945134478378
-0.04361461036166597
0.014478818362993806
0.015140218940445871
0.02991221661887647
0.06417239255827348
0.0250685160016062
0.015757481758804065
-0.000252450788492814
-0.028752119350027944
0.042719361612372775
0.06185976766850465
-0.018507829903359002
-0.01960165521575537
-0.033440231048984276
-0.004263985848459738
-0.00475940483493556
-0.08586517974847398
0.062195625707088684
-0.07088783366717791
0.06545867373302529
-0.1024943726655911
-0.05102353912779875
-0.060150361883258396
0.019552745245192182
0.03640979173039755
0.03184385893719269
-0.07788502019994062
0.03632337535962568
0.13120118628267946
0.0047055540106583915
0.19644984216573083
-0.0022919040357969322
-0.00874793014155631
0.01780184337197424
0.003696691237683153
-0.019829461837150786
0.0039174802249683505
-0.024015771819790366
0.02514805078137794
0.0045337860032662256
-0.04224550848487746
0.014014660905937726
0.04951288025573741
-0.028702085079903912
0.014977915762568073
-0.03460634430672324
0.006410230507497644
0.007337589868465666
0.14067930233695497
0.029173911135153358
-0.012121809993605716
-0.05067843194201918
0.08804808905265316
0.005197362631718699
0.04450379511648201
0.014612755420968349
0.06780749125575813
-0.027470243583437262
-0.005868699989344306
0.06412272858041178
-0.06803712555482401
-0.06111102892757872
0.08000071368770396
-0.14984012754328058
-0.06910077421909072
-0.09272454974970001
0.0
0.14984012754328094
-0.06910077421909047
-0.06111102892757891
-0.08000071368770313
-0.06412272858041199
-0.0680371255548248
-0.02747024358343718
0.005868699989344854
-0.014612755420968127
0.06780749125575765
0.005197362631719105
-0.04450379511648206
0.050678431942018876
0.08804808905265268
0.02917391113515405
0.012121809993605879
-0.007337589868466367
0.14067930233695575
-0.03460634430672277
-0.0064102305074975885
0.028702085079904044
0.014977915762567712
0.014014660905937767
-0.04951288025573758
-0.004533786003265622
-0.042245508484877584
-0.024015771819791004
-0.025148050781377773
0.019829461837150647
0.0039174802249683505
0.01780184337197454
-0.003696691237683958
0.002291904035797182
-0.008747930141556087
0.004705554010658641
-0.19644984216573075
