54.181119370049224
-1.6449943847863092e-15
1.06717841451289
5.1553953192765
6.12006334283322
5.349574796773506e-16
-1.06717841451289
5.155395319276489
-1.0381205266526021
1.4112276065991374
-0.7495341877709976
3.2456996854559392
4.692601388095344
-1.4974246737613706e-15
0.7495341877709991
3.245699685455942
-1.0381205266525992
-1.411227606599145
0.13749670138425207
-4.1112887421662325
-0.8774621639464271
1.33144762682984
1.5358299303905576
-0.36527277445255013
4.139074894136072
4.545910243382159e-16
-1.535829930390555
-0.3652727744525452
-0.877462163946438
-1.331447626829844
-0.13749670138425732
-4.111288742166225
-1.8255991180846296
0.4092247243748247
0.1259594966321511
-0.08632630779937381
0.5619426544877422
-1.4010357797455149
0.1859178467433683
1.3205382151115561
-0.1032130167377727
2.1124092293921575e-16
-0.1859178467433692
1.3205382151115546
0.5619426544877404
1.4010357797455157
-0.12595949663214945
-0.08632630779936581
-1.8255991180846158
-0.4092247243748196
0.08787953263480058
-1.425873809196342
0.10513309764205558
0.15814434906452332
-0.17318920380204605
-1.1070194311485613
-0.6912477404978782
0.3278954622723321
-0.4835860047733137
-1.5901613936497956
-0.708234774800185
1.7299607041326451e-15
0.4835860047733133
-1.590161393649798
-0.6912477404978781
-0.32789546227233235
0.17318920380204736
-1.1070194311485628
0.10513309764205508
-0.1581443490645278
-0.0878795326347892
-1.4258738091963383
0.08941056851897722
0.12587418722032062
0.22479351400889303
-0.36706526401721684
-0.7324960790986135
-0.0367100791794463
0.30356192957184513
0.03563124393073824
0.4744978163806922
-0.031219211489853627
-0.0741636000577156
-0.2892284950482553
-0.46061423489879405
-5.967448757360216e-16
0.0741636000577155
-0.28922849504825354
0.4744978163806912
0.031219211489855736
-0.3035619295718447
0.03563124393073713
-0.7324960790986168
0.03671007917944891
-0.22479351400889508
-0.36706526401721495
0.089410568518976
-0.12587418722032037
0.4322788201866394
0.741318642689444
-0.031118199210434377
-0.059293139518005966
-0.0007452335061011173
-0.32244142918586255
-0.24838899543846232
0.005394585450676628
0.2807713167348964
-0.43255423654631564
0.4002460593309999
-0.14731464657398619
-0.2938157373196002
-0.43112918464632544
-0.5964492825859681
6.661338147750939e-16
0.29381573731960103
-0.43112918464632544
0.4002460593310008
0.1473146465739864
-0.2807713167348963
-0.43255423654631364
-0.24838899543846213
-0.005394585450680167
0.0007452335061003124
-0.3224414291858632
-0.03111819921043396
0.05929313951800823
-0.43227882018664154
0.7413186426894427
-0.47647255323095306
0.026587589105737663
-0.17353691752865286
0.29501495773286435
0.09621241176944945
-0.2132335483700033
-0.2919569414681988
-0.2535159372695269
-0.24267350841416258
-0.27779546976077374
0.061532013195725085
0.3493146112550918
0.3411850750004548
0.17107399925477873
-0.19630576256215798
-0.7330174501815041
-0.7695972595873839
-8.881784197001252e-16
0.19630576256215712
-0.733017450181502
0.34118507500045503
-0.17107399925477684
-0.06153201319572271
0.34931461125509045
-0.24267350841416246
0.27779546976077185
0.2919569414681986
-0.25351593726952615
0.09621241176944778
0.2132335483700042
0.17353691752865186
0.29501495773286457
-0.47647255323095083
-0.026587589105738052
0.05324562620390212
0.028143638984890695
-0.161403673200426
0.09648685583578152
-0.029235824631665408
0.271459208238042
0.15658247728163704
-0.06681610939436586
-0.13129295419832496
-0.09815597623750241
-0.18191504982198795
0.010755228785874399
-0.14780475969465828
-0.6973656772531549
0.34907308384780167
-0.1218007177582438
-0.06256412951795343
-0.3560207107455188
-0.43432062101084634
1.1657341758564144e-15
0.06256412951795554
-0.35602071074551955
0.34907308384780134
0.12180071775824358
0.14780475969465862
-0.6973656772531533
-0.18191504982198697
-0.0107552287858734
0.13129295419832232
-0.09815597623750216
0.1565824772816345
0.06681610939436562
0.029235824631663687
0.2714592082380426
-0.16140367320042467
-0.09648685583578223
-0.053245626203904134
0.028143638984891473
0.07197626244316302
0.2729256391313942
0.024516720271022224
-0.05812059569148759
-0.05221662043199285
0.0774102943707703
0.06426759819723404
0.2875556566339369
0.011349531832277382
-0.13967256313354015
-0.10611825173016964
0.052985760332406706
-0.19793415288968053
0.24062964281096189
0.06235200062149121
0.22225000110636817
-0.01468639584845638
0.15653130064153314
0.05618220617085601
0.5516057051959715
0.014070830437344282
8.881784197001252e-16
-0.056182206170856536
0.551605705195972
-0.014686395848455895
-0.15653130064153292
-0.06235200062149138
0.22225000110636833
-0.19793415288968022
-0.24062964281096033
0.10611825173016942
0.05298576033240729
0.011349531832278312
0.1396725631335408
-0.06426759819723243
0.2875556566339371
-0.05221662043199377
-0.07741029437076863
-0.02451672027102308
-0.05812059569148789
0.07197626244316568
-0.27292563913139256
0.1282503682938746
-0.36485893322242846
-0.03959393634512354
0.03599224085488098
0.11073634438161684
-0.054480743629655284
-0.1067913775201122
0.13396641459109013
0.015145465125168234
0.04330086541277886
-0.040731328644531106
-0.051961904862149605
0.26564205630741133
-0.2955264650973196
-0.13030923028660713
-0.09231137526071223
0.2128825585108122
0.06933081644383349
-0.22645949316721947
-0.14545231223882338
0.1651710936855504
-0.12406399055241052
0.1089445687346973
-6.661338147750939e-16
-0.16517109368555075
-0.12406399055241168
-0.2264594931672191
0.1454523122388226
-0.2128825585108113
0.06933081644383354
-0.13030923028660701
0.09231137526071306
-0.26564205630741017
-0.2955264650973196
-0.040731328644532425
0.05196190486215063
-0.015145465125168456
0.04330086541277886
-0.10679137752011181
-0.1339664145910904
-0.11073634438161595
-0.054480743629655215
-0.03959393634512284
-0.03599224085487929
-0.12825036829387507
-0.3648589332224308
0.10555862960743151
-0.13718821199658837
-0.08190650380918052
0.1540557429084703
0.01533354974801665
0.0945779941570491
-0.04659445124854464
0.0380368116183358
0.0510296981909083
-0.0077918248793826805
-0.16631796007461375
0.29386602296670095
-0.06577463781312676
-0.05407259628800758
-0.10354261979798221
0.23410947434494417
-0.09859429420323065
0.09325835805453309
-0.19745251653515136
0.15693616109131256
-0.11974713700446124
-0.04725114492934221
-0.047876261548008
0.2817489045037702
-0.09295480334285691
5.273559366969494e-16
0.047876261548008725
0.2817489045037685
-0.1197471370044613
0.047251144929343916
0.19745251653514995
0.1569361610913132
-0.09859429420323002
-0.09325835805453325
0.10354261979798274
0.23410947434494628
-0.06577463781312755
0.054072596288007715
0.16631796007461364
0.29386602296670056
0.051029698190909356
0.007791824879383208
0.04659445124854411
0.03803681161833565
0.015333549748016345
-0.09457799415704793
0.08190650380918013
0.15405574290846996
0.10555862960743129
0.13718821199658954
0.11058231857398504
-0.021094463462163593
0.026193086840219315
0.12621949375437852
0.10867392330343434
-0.17026618251970502
-0.10425399111833922
0.0939567498175389
0.011204847546607694
0.0670941476717482
-0.010238362000705048
0.08136818365725257
0.1655080876556877
0.007482520364623019
-0.21142514057485964
0.05049710652786071
0.14390027782993067
-0.08682148476249363
0.11292457565344144
-0.06922716965467807
0.005900224452041469
0.012023401873404338
-0.13512696485013703
-0.022800512465737777
0.04356833258044174
0.15275659877416398
0.25159627414369773
-1.6653345369377348e-16
-0.043568332580441016
0.15275659877416414
-0.1351269648501377
0.02280051246573689
-0.005900224452040526
0.012023401873405282
0.11292457565344227
0.06922716965467712
-0.14390027782993037
-0.08682148476249464
-0.21142514057486084
-0.05049710652786191
-0.16550808765568753
0.007482520364624878
-0.01023836200070477
-0.0813681836572526
-0.011204847546607805
0.06709414767174773
-0.10425399111833933
-0.09395674981753961
-0.10867392330343255
-0.1702661825197061
0.026193086840219038
-0.12621949375437813
-0.11058231857398515
-0.02109446346216326
-0.14989252159841138
0.08723241017190841
0.04736996574810533
-0.01629656763817583
0.060959450444979274
-0.12310364097482987
-0.05319479931556416
-0.05669608041779062
0.03953920372705923
0.04432282859760514
-0.07661047442538188
0.05888613567938948
-0.08025899976423154
-0.13722942464823001
-0.23264526200167004
0.17102461541529912
-0.11175035307642321
-0.03806639541216911
-0.11631717277636755
0.09112877533097291
-0.07230390397872932
-0.0379648023889181
-0.1530273591210255
0.07064644323092123
-0.3785335807239921
0.16880061687849696
-0.08801734894434288
-0.048803984613663254
-0.20163491254836485
6.938893903907228e-17
0.08801734894434271
-0.048803984613664086
-0.37853358072399124
-0.16880061687849604
0.1530273591210255
0.07064644323092006
-0.07230390397872995
0.037964802388918514
0.1163171727763686
0.09112877533097308
-0.11175035307642237
0.03806639541217005
0.23264526200166857
0.17102461541529912
-0.08025899976423212
0.1372294246482305
0.07661047442538255
0.05888613567938987
0.03953920372705966
-0.04432282859760614
0.05319479931556477
-0.05669608041778851
0.06095945044497744
0.12310364097482981
-0.047369965748105126
-0.016296567638175274
-0.14989252159841115
-0.08723241017190897
0.14849789687982118
-0.08578204618409266
0.006124006658001724
-0.04798031060021649
0.06414580511074655
-0.03623427789448258
0.08189246554053344
-0.010109831801680229
0.07403589116982401
-0.1071576904088064
-0.08001917324130875
0.12650728517110205
0.046497787479678226
0.07145842772021582
0.08896099256882416
0.039012882272615915
0.0797166508955715
-0.06841893787897518
-0.07947331071212144
0.09086281959050369
0.1252004414453872
0.10946693675038938
0.06529818254573289
0.01028969911591783
0.001496370864150498
-0.04834027958164813
0.02537183255730728
0.07912562823120162
0.20129698203384172
0.026554336758901398
0.027165421123514596
4.996003610813204e-16
-0.20129698203384266
0.026554336758903424
0.02537183255730624
-0.07912562823120037
-0.0014963708641506507
-0.04834027958164877
0.06529818254573155
-0.010289699115919024
-0.1252004414453881
0.10946693675039033
-0.0794733107121218
-0.09086281959050427
-0.07971665089557159
-0.06841893787897668
0.08896099256882328
-0.0390128822726154
-0.04649778747967914
0.07145842772021499
-0.08001917324130955
-0.126507285171102
-0.07403589116982487
-0.10715769040880689
0.08189246554053448
0.010109831801679564
-0.0641458051107463
-0.0362342778944838
0.006124006658001682
0.04798031060021635
-0.1484978968798224
-0.08578204618409302
-0.20209267166552292
0.017737992778578654
0.004026242862368634
-0.02105341305062358
-0.10287238323527226
-0.006275589201266252
0.07375070049427127
0.0549941766315073
0.07578720351587842
-0.0852575331445346
-0.046775463736966796
-0.05921253291668789
0.15557988981378068
-0.05453804412024965
-0.07327932591312541
0.11697544297859652
0.01840877537523669
-0.07455081606097941
-0.1084877589287312
0.06084959647975069
-0.12099603487933955
0.04326223079920383
-0.03318354060243245
0.1017896700275372
0.03044540364469553
-0.0681687725029392
-0.08049070723160506
-0.018948934615235835
-0.16072703444478542
-0.07922421353472271
0.13534888697536726
0.09818726525774657
0.02848864479093144
5.828670879282072e-16
-0.13534888697536673
0.09818726525774643
-0.16072703444478678
0.0792242135347216
0.08049070723160567
-0.018948934615236113
0.030445403644695362
0.06816877250293932
0.033183540602431685
0.10178967002753755
-0.12099603487933916
-0.04326223079920399
0.10848775892873187
0.06084959647975083
0.018408775375236594
0.07455081606097808
0.07327932591312486
0.11697544297859647
0.1555798898137814
0.05453804412024932
0.04677546373696628
-0.05921253291668812
0.07578720351587839
0.08525753314453594
-0.07375070049427282
0.05499417663150752
-0.10287238323527259
0.006275589201266918
-0.0040262428623692725
-0.021053413050624414
-0.20209267166552156
-0.01773799277857968
-0.09635642462179683
-0.0054209661275724935
-0.03521455099881404
0.021337823790018112
0.07858053069000434
0.0009334170737004266
-0.03322720011268199
0.032973030434644814
0.051981540176042174
-0.023834131163406713
0.05883339800326734
0.006039778849143529
0.016198545180994395
-0.09629208391074418
0.029358238770996394
0.09450681451610729
0.10856615142028986
0.02657312340451612
0.046510154658557123
0.02319237142338293
0.037957491859441986
-0.10935334520811733
0.09139395445178589
-0.03663425938134414
0.07266811834137549
0.061401063093355884
0.10684355834991331
0.10704680405328199
0.035393879335447936
0.18339267620295718
0.14240113720923447
-0.09970189825825632
-0.11201135465705792
0.07257515731709968
0.1644440857810242
-4.718447854656915e-16
0.1120113546570585
0.07257515731709913
0.14240113720923375
0.09970189825825743
-0.03539387933544852
0.18339267620295785
0.10684355834991385
-0.1070468040532831
-0.07266811834137483
0.0614010630933553
0.09139395445178596
0.036634259381344236
-0.03795749185944278
-0.1093533452081169
0.0465101546585584
-0.023192371423383706
-0.10856615142028969
0.02657312340451673
0.02935823877099568
-0.09450681451610643
-0.01619854518099513
-0.09629208391074431
0.0588333980032677
-0.006039778849142502
-0.051981540176040786
-0.023834131163406005
-0.03322720011268154
-0.032973030434645625
-0.07858053069000419
0.0009334170736998715
-0.03521455099881399
-0.021337823790018612
0.09635642462179728
-0.00542096612757359
0.11750285455175263
-0.05544361682628046
-0.035125495273861496
-0.0030510415053305595
-0.10727138101847233
0.044337678015046844
0.01742304080479029
0.008041522597124005
-0.042356721572793465
-0.021688383556684974
0.07452262912925968
0.08045537785788001
0.10925443318260722
-0.0695669533148827
-0.037738647773505385
-0.02641447796784535
0.052981896207045936
-0.006217156921117434
-0.0893933280604438
0.06467589326772755
0.10685023900926688
-0.05589965632143376
-0.06138006183225435
-0.010668749030426916
0.022248992873923526
0.003006005455616745
0.028029255189953473
-0.053453433008500945
0.09796325431312819
-0.06565739753552147
0.006448446663615326
-0.13833570036104925
0.1806315213512958
0.06731056345708364
0.01686222702398421
-0.1618425928035413
0.23719475285850888
2.220446049250313e-16
-0.01686222702398321
-0.1618425928035424
0.18063152135129518
-0.06731056345708289
-0.006448446663614826
-0.1383357003610492
0.09796325431312786
0.06565739753552077
-0.028029255189953417
-0.05345343300850139
0.022248992873923127
-0.003006005455616023
0.06138006183225443
-0.010668749030427527
0.1068502390092668
0.05589965632143219
0.08939332806044414
0.06467589326772677
0.052981896207046464
0.00621715692111674
0.03773864777350544
-0.02641447796784524
0.10925443318260802
0.0695669533148815
-0.07452262912925818
0.08045537785787943
-0.04235672157279324
0.021688383556685106
-0.017423040804790152
0.008041522597124484
-0.10727138101847272
-0.04433767801504662
0.03512549527386177
-0.0030510415053301015
0.1175028545517525
0.05544361682628002
