43.10246860608709
-1.1448539513312228e-16
2.4087424261857358
-2.3062627169424745
-4.803189087263355
2.9575494374027534e-15
-2.408742426185751
-2.3062627169424825
-0.2083064754218782
2.048212703028553
-2.107909135794549
-0.5992737598465446
-10.932035879121402
1.042375970147828e-15
2.1079091357945448
-0.5992737598465492
-0.20830647542187952
-2.048212703028557
1.1042471737698238
-1.1738270887130484
0.28995558499060026
0.28880238315937634
-2.359621531362148
0.6438399928306323
0.24943305461292736
2.6274011979578145e-15
2.3596215313621487
0.6438399928306314
0.2899555849905985
-0.2888023831593761
-1.104247173769824
-1.1738270887130475
-1.4956527423614787
0.41092462788666095
0.2322734434900649
0.17725825593734038
0.07223750546103397
0.36309698517627786
-0.024085139288022306
-0.18791041811614995
3.406253090631398
1.941804091002046e-15
0.024085139288020876
-0.18791041811615017
0.07223750546103752
-0.36309698517627154
-0.23227344349006568
0.17725825593733732
-1.495652742361476
-0.4109246278866637
-0.8946327124887717
0.3141192216364522
0.12554486878744034
-0.2967555487494202
-0.34002991241017466
-0.10313602523582198
0.3710242225320014
0.21829233525122776
1.4947625672709712
-0.11607041171142476
0.24743807640490062
2.112330645543993e-15
-1.4947625672709777
-0.11607041171142472
0.3710242225319998
-0.21829233525122782
0.3400299124101778
-0.10313602523582055
0.1255448687874411
0.2967555487494211
0.8946327124887785
0.31411922163645195
0.06948865869687895
-0.2923724342486514
0.1721364496185156
0.04533502862654226
0.8050813986243035
-0.20609101871218283
0.011879412093146718
-0.08001475163991562
0.29872953848054284
-0.28403964987359287
-0.21906800628329526
0.34567429278810785
-0.4791714554429678
1.7208456881689926e-15
0.21906800628329537
0.34567429278810813
0.2987295384805412
0.28403964987359037
-0.01187941209314658
-0.08001475163991406
0.8050813986243062
0.20609101871218605
-0.172136449618516
0.04533502862654144
0.06948865869687781
0.2923724342486507
-0.5031214395877163
0.28042932907369694
0.01206230276215646
0.14741431668547114
-0.19646710713882753
-0.2864188159911262
0.01679458427539196
0.03060656628522368
-0.12935474643029876
-0.028300761266931318
0.11812529612387485
-0.006617770238218856
-0.8806151557510733
-0.13545398290598723
-0.23034583584240975
1.5265566588595902e-15
0.8806151557510733
-0.13545398290598903
0.11812529612387418
0.006617770238220126
0.12935474643029998
-0.028300761266932595
0.016794584275393765
-0.030606566285222736
0.19646710713882742
-0.28641881599112606
0.012062302762158916
-0.14741431668547259
0.5031214395877144
0.2804293290736969
0.5845219008242711
-0.0747844370579146
0.0516037933326272
-0.05278178166032582
0.33092487292872363
0.2586784420483727
-0.1288668449576892
0.09632490248692424
-0.1993417032594711
-0.09554195498082527
-0.010996079282728999
0.006175625715127225
-0.4286593691035911
0.1521194612880279
-0.012705635129246107
-0.07455491646557505
-0.7476914539082089
-5.551115123125783e-16
0.012705635129244386
-0.07455491646557577
-0.42865936910359326
-0.15211946128802845
0.01099607928272911
0.006175625715126434
-0.19934170325946923
0.09554195498082602
0.12886684495769007
0.09632490248692341
0.33092487292872363
-0.258678442048371
-0.05160379333262729
-0.052781781660326293
0.5845219008242717
0.07478443705791482
-0.1525548041283669
-0.26165426719993345
-0.013343891207742709
-0.060306791804075
0.10566138251640805
-0.12830979157350314
0.07576114416555008
0.05835166655621066
-0.34127571827031117
0.14241404697724308
-0.06140287862485211
0.012389728961797367
0.2565389081049763
-0.01936655043522212
0.27799657564653535
0.017341419206463538
-0.41367504938245236
0.15019563804860642
0.1406512410545461
2.220446049250313e-16
0.4136750493824537
0.1501956380486062
0.27799657564653235
-0.017341419206465314
-0.2565389081049756
-0.019366550435223173
-0.06140287862485161
-0.012389728961796222
0.3412757182703113
0.14241404697724142
0.07576114416555127
-0.0583516665562096
-0.10566138251640864
-0.12830979157350353
-0.013343891207743291
0.060306791804075555
0.152554804128367
-0.2616542671999319
0.42145131544974873
0.15634087380481543
-0.10800908425731344
0.03490508784698154
0.020070731115047813
-0.05835293535869113
0.015303215939186654
0.01929486005638334
-0.10299216997937594
0.08061357624417018
0.03069907122168089
-0.07346100055044227
0.13954937129759218
-0.017953354278088043
-0.053691628835223645
0.06653772843022035
0.2799157459254913
-0.05116411985784114
0.25829679702251795
-0.053466768463055536
0.9309790610440909
-3.885780586188048e-16
-0.25829679702251823
-0.053466768463056744
0.2799157459254904
0.051164119857840126
0.05369162883522466
0.06653772843022021
0.1395493712975937
0.01795335427808798
-0.030699071221680613
-0.07346100055044294
-0.10299216997937632
-0.0806135762441682
-0.01530321593918757
0.019294860056384255
0.020070731115048396
0.05835293535868982
0.10800908425731376
0.034905087846982236
0.42145131544974823
-0.15634087380481462
0.0030882458247479816
-0.09785369723462334
-0.0783963235618925
0.014825659663311674
-0.25621139871801746
0.10097311694351783
-0.04534819906811857
-0.10521521300807953
0.039322305257247114
-0.05301398359454734
0.17892836034889098
-0.029319730414195
0.036882276380704765
0.19640185842356067
-0.15159014643255087
-0.2524870976595807
0.01652043402607639
0.08891607915058161
-0.03054172300513333
-0.019046060497167422
0.45962522562639485
0.08009480719656381
-0.521038928152477
-9.992007221626409e-16
-0.4596252256263936
0.0800948071965632
-0.03054172300513329
0.019046060497167394
-0.01652043402607728
0.08891607915058372
-0.1515901464325503
0.252487097659582
-0.03688227638070582
0.19640185842356003
0.17892836034889148
0.029319730414194722
-0.039322305257246504
-0.053013983594546454
-0.04534819906811763
0.10521521300807898
0.2562113987180173
0.10097311694351695
-0.07839632356189315
-0.014825659663311966
-0.00308824582474837
-0.0978536972346239
0.0018784992141613333
-0.036012757408600826
0.06293319068915146
0.01231357922426848
0.05288748729949938
0.0784570773861186
-0.02048132162433504
-0.02575536387486195
0.06035400265351602
-0.04647002185918753
-0.09132103703486835
0.004715413258415457
0.06774225134219325
-0.18688599127877709
0.025394537271217196
0.04223424546400048
0.1347549629225708
-0.03727017421194423
-0.056320600564997325
-0.11879876995658692
0.18440982065121825
-0.031382761617744934
-0.4961746934974539
0.09543967879617823
-0.6815043993741089
-1.1102230246251565e-15
0.49617469349745447
0.0954396787961771
0.18440982065121758
0.03138276161774409
0.05632060056499749
-0.11879876995658657
0.13475496292257116
0.03727017421194495
-0.02539453727121818
0.04223424546400037
0.0677422513421943
0.18688599127877747
0.0913210370348678
0.0047154132584174
0.06035400265351612
0.046470021859187416
0.02048132162433445
-0.025755363874861298
0.05288748729949977
-0.0784570773861184
-0.06293319068915089
0.012313579224268203
0.001878499214162388
0.03601275740860113
-0.0786042800907379
0.09793575444736152
-0.02298884114110982
0.01455929882169335
-0.10357842227040259
0.06320623687036137
0.01635738497800826
0.01673077657959636
-0.05082150726980711
0.13317142324775152
-0.04089715344181877
-0.09172467569333026
0.042371634222483856
0.07307348023033997
-0.0834352703075619
0.05579973455986775
-0.04429573594780767
-0.06789697585667222
0.04802010484275977
0.009368049458752924
0.050647562291137344
0.021683546562406175
-0.11988693581667687
-0.05507549790406174
-0.4014426008227863
0.021020765641202616
0.41710079890907414
6.938893903907228e-17
0.4014426008227865
0.021020765641203032
-0.11988693581667592
0.055075497904061854
-0.05064756229113715
0.0216835465624078
0.048020104842760064
-0.009368049458753889
0.044295735947806114
-0.06789697585667298
-0.08343527030756182
-0.05579973455986828
-0.042371634222483356
0.07307348023033973
-0.04089715344181952
0.09172467569332998
0.05082150726980725
0.13317142324775236
0.01635738497800862
-0.01673077657959597
0.10357842227040352
0.06320623687036037
-0.022988841141110716
-0.01455929882169417
0.07860428009073811
0.09793575444736224
-0.06499535205651544
0.04396455616321193
4.8009882210972576e-05
-0.041055995672299186
0.08872371776285803
-0.13262428229408388
0.05775988656850253
-0.024691807791690806
0.12666690332999544
-0.06056256085324274
-0.021221807951519484
0.0430401649214326
-0.036811939688291634
-0.03181188561647014
-0.01499486093877983
-0.03621658269992811
0.07436005500656193
0.06990129251731994
-0.05975264107175893
0.09567845684965022
-0.26210873833800763
-0.05040411910218123
0.09679599381175569
0.07323962969715825
-0.11131833191737289
0.00039912663860444675
0.33477999808246983
-0.0036359367187226432
0.21063051593951998
6.661338147750939e-16
-0.33477999808246983
-0.0036359367187238922
-0.11131833191737295
-0.0003991266386043843
-0.09679599381175427
0.07323962969715955
-0.2621087383380074
0.05040411910218043
0.05975264107175726
0.09567845684965089
0.07436005500656226
-0.06990129251732087
0.014994860938779511
-0.03621658269992728
-0.03681193968829083
0.03181188561646936
0.021221807951519345
0.043040164921432936
0.1266669033299958
0.060562560853242436
-0.05775988656850306
-0.024691807791690182
0.08872371776285809
0.13262428229408385
-4.8009882210667265e-05
-0.041055995672299866
-0.06499535205651547
-0.04396455616321243
-0.18734287338132283
0.048301056249024726
0.03877632162745856
0.036238799305811274
-0.0873532266508824
0.050861341983745666
0.0006393985466493501
-0.025977697342167344
0.05677986732307927
0.027124872274691403
-0.004537406511036235
0.016972425989958906
-0.05568165368721334
0.009807717772136793
0.05588984402331676
-0.05159228283112061
0.05830530512840863
-0.015283954531731966
-0.08232397587708828
-0.055156732577199226
-0.08113965567978179
-0.026675616953822257
0.1373684886041382
-0.009583327376675943
0.0939131220571842
-0.027505941509832817
0.21760673062076488
0.030625525355934505
0.09194417643674824
-0.05176863106674495
-0.15389864746908333
3.7470027081099033e-16
-0.0919441764367478
-0.0517686310667459
0.21760673062076455
-0.030625525355933603
-0.09391312205718572
-0.027505941509831683
0.13736848860413603
0.009583327376675874
0.0811396556797816
-0.026675616953821174
-0.08232397587708692
0.05515673257719849
-0.05830530512840826
-0.015283954531731328
0.055889844023316815
0.05159228283112016
0.05568165368721292
0.009807717772136404
-0.00453740651103679
-0.01697242598995863
-0.05677986732308016
0.02712487227469182
0.0006393985466481567
0.025977697342166983
0.0873532266508819
0.050861341983745006
0.03877632162745859
-0.036238799305812336
0.18734287338132227
0.04830105624902459
0.05703752677328505
0.0025963322131396516
0.019470089694504616
-0.0005503663396206337
0.060426049975177754
-0.06312170950864004
-0.015048985928535541
0.0020347903360478647
-0.013601698894320613
-0.10192925490740457
-0.041202484829605285
-0.0004150669400370399
0.049217773763219105
-0.011831800748101515
9.096385321250011e-05
0.07103965528608537
-0.10715062487960166
-0.0603846106487905
0.0306630310569444
-0.014001777434834467
-0.004026143225332714
-0.049438362298292404
0.16400297752731985
-0.027353257539214998
0.04001154364934161
-0.1217562645277867
-0.015266221624756715
0.06471561552611847
0.20225082363732128
-0.03252852122840877
-0.13588189697263955
0.1706403304859192
-0.24320183061739206
9.020562075079397e-17
0.13588189697263955
0.1706403304859183
0.20225082363732133
0.03252852122840891
0.015266221624757326
0.06471561552611936
0.04001154364934088
0.12175626452778579
-0.16400297752731963
-0.027353257539214637
-0.004026143225332769
0.049438362298292626
-0.030663031056944012
-0.014001777434835452
-0.1071506248796022
0.06038461064878939
-9.096385321262501e-05
0.07103965528608595
0.049217773763219425
0.011831800748100696
0.0412024848296051
-0.0004150669400376089
-0.013601698894320002
0.10192925490740551
0.015048985928536485
0.0020347903360482533
0.0604260499751772
0.06312170950864016
-0.019470089694504006
-0.000550366339620717
0.057037526773286246
-0.0025963322131393185
0.050252294524993246
0.05007528448272924
0.023150071675424183
-0.020083563268322932
0.06754737518791654
0.025653577718065312
-0.023864026869536856
0.04491721111866716
-0.10432846787931913
0.04305593329271612
0.020119378641946302
-0.02267853070436538
0.043860753567450644
-0.003725386717934903
-0.057246865147794146
0.003510518843000271
-0.043768820652659315
0.0027986341548719013
0.009055919444825644
-0.005200419953655978
-0.024391587997345476
-0.029571023570008986
0.10387419570597553
-0.021907631995199267
0.1049693556323681
-0.02954706448706268
-0.1128168738908013
-0.08155158205010274
-0.016569261511811248
-0.039872593732756145
-0.14419164114750085
0.019128485064287534
-0.08968874960595263
0.07880758038957125
-0.24694864303215255
-1.6653345369377348e-16
0.08968874960595166
0.07880758038957177
-0.14419164114750166
-0.019128485064287208
0.0165692615118104
-0.039872593732755576
-0.11281687389080183
0.08155158205010295
-0.10496935563236814
-0.029547064487061847
0.103874195705976
0.02190763199519799
0.02439158799734551
-0.029571023570009347
0.009055919444825436
0.00520041995365661
0.043768820652660134
0.0027986341548726368
-0.05724686514779412
-0.0035105188430004375
-0.04386075356745131
-0.003725386717935375
0.020119378641946732
0.022678530704365693
0.10432846787931882
0.04305593329271665
-0.023864026869537272
-0.04491721111866688
-0.06754737518791751
0.025653577718065326
0.02315007167542385
0.020083563268323168
-0.05025229452499419
0.050075284482728605
-0.03965303155368752
-0.12272103840697945
-0.004008908271906753
-0.00365630332617492
0.005679586392366806
-0.07067639898143538
-4.038723090004845e-05
-0.002856028385053333
0.03895755509893539
-0.036976832441719176
0.00983193449768481
0.07416159944336638
-0.08473378559781236
-0.02820086705240396
0.018404147050074676
-0.007861603203299983
-0.053262217856705846
-0.02616982236653846
0.05441025401869809
-0.00771893560670478
-0.009261956286261905
-0.0614392515809537
2.9840069548536796e-05
-0.033189546881931514
0.10420035743901973
-0.08979434962804761
-0.08536381521809873
-0.011663052241057653
-0.06076134653258558
-0.03029271241376756
0.0031660640927719252
-0.047727569344053034
-0.12009620050172815
0.09614470222434324
-0.18642805023241704
-0.06151792369914913
-0.0909237356789957
-1.1657341758564144e-15
0.18642805023241793
-0.06151792369915077
-0.12009620050172833
-0.09614470222434301
-0.00316606409277273
-0.04772756934405328
-0.060761346532585414
0.03029271241376809
0.0853638152180987
-0.011663052241056474
0.10420035743902104
0.08979434962804787
-2.9840069547676373e-05
-0.03318954688193276
-0.00926195628626214
0.061439251580954035
-0.05441025401869801
-0.007718935606704169
-0.053262217856706096
0.02616982236653853
-0.018404147050073982
-0.007861603203299386
-0.08473378559781201
0.028200867052403225
-0.00983193449768436
0.07416159944336721
0.03895755509893428
0.036976832441719176
4.038723090046825e-05
-0.0028560283850538465
0.0056795863923669865
0.07067639898143491
0.00400890827190678
-0.0036563033261748368
-0.039653031553687004
0.12272103840697929
