36.156394653871004
4.014445722897175e-16
-1.0659414741306543
0.09871739696691352
-2.3082864038284376
1.1783298370501475e-15
1.0659414741306614
0.09871739696691281
1.9421143304820765
0.36462844849447784
-0.012230043580061079
-0.15770429447561102
-2.3895903600988273
-2.1710252099181e-16
0.012230043580059857
-0.15770429447561257
1.942114330482067
-0.36462844849447895
0.03639463542491472
-0.22226811363584428
0.23991102547104587
0.3652168417941553
-0.13512958941122827
-0.48239137088302786
-2.9522752919395807
2.467766387516616e-16
0.13512958941122916
-0.48239137088302797
0.23991102547105242
-0.36521684179415637
-0.03639463542491616
-0.22226811363584503
-0.6387685635614921
0.0483258118961599
0.18779404215895365
0.0822882873048017
-0.7128323176383178
0.006652010684031196
0.08271193698494964
-0.15734002546537493
-1.0740454378877509
9.661169242539766e-16
-0.08271193698495405
-0.1573400254653766
-0.7128323176383178
-0.006652010684030211
-0.18779404215895534
0.08228828730480175
-0.6387685635614909
-0.048325811896157804
0.16494799726099663
-0.398760878278
0.4617454565281987
0.08132391791535454
-0.24911344673742036
-0.039171262685389015
-0.536292998565808
-0.17988672870691244
0.5596586568429645
0.39781836300668744
3.1412660326768176
2.1274077480322776e-16
-0.5596586568429598
0.3978183630066862
-0.5362929985658083
0.17988672870691205
0.2491134467374218
-0.03917126268538973
0.46174545652819576
-0.08132391791535384
-0.16494799726099396
-0.3987608782779995
-0.23724746078091358
-0.2227919877751211
-0.1684815167379104
0.01714171269717988
-0.0055982367224889085
-0.029810126833419784
-0.16713294361665373
0.09211466130461327
0.09512622787159089
-0.16139474617217564
-0.27303118255427217
0.3203604198074894
0.25454245837554923
3.885780586188048e-16
0.2730311825542742
0.32036041980748964
0.09512622787159097
0.1613947461721751
0.16713294361665432
0.0921146613046138
-0.005598236722489214
0.029810126833419506
0.16848151673791092
0.01714171269717964
-0.23724746078091297
0.22279198777512074
-0.13527020223696537
-0.273208325331049
-0.46854491016170796
-0.2124609096594848
0.07814907653822853
-0.07576779606631476
0.15310548889125192
0.01952906759814941
0.021340072028489282
0.19761760616461124
0.5890362632149108
-0.06630040006230059
-0.3459222137193781
-0.0680841053453578
-0.8902455186074927
-8.326672684688674e-17
0.34592221371937953
-0.0680841053453585
0.5890362632149119
0.06630040006230116
-0.021340072028487686
0.1976176061646114
0.1531054888912528
-0.019529067598149322
-0.07814907653822878
-0.07576779606631473
-0.46854491016170763
0.21246090965948544
0.13527020223696556
-0.27320832533104855
0.22760902073887987
-0.06457151908087569
-0.20347097866443103
0.12093328686401722
0.3040795714604474
-0.10244460912049658
-0.14233629967670203
0.14875505254987842
-0.1511230302537814
-0.025823468359744174
0.047187342097511804
0.025253869433186523
0.02670424276316387
0.09886172779579
0.34285919489585787
-0.16717704033851538
-0.25674219613498506
2.3592239273284576e-16
-0.3428591948958578
-0.16717704033851571
0.026704242763164188
-0.09886172779579028
-0.047187342097511034
0.025253869433186443
-0.15112303025378182
0.02582346835974448
0.1423362996767023
0.14875505254987867
0.30407957146044673
0.10244460912049655
0.20347097866443076
0.12093328686401786
0.2276090207388794
0.0645715190808755
-0.10038785041607656
-0.09687067947972297
-0.3140628441506177
-0.12677190208467873
0.01693841577784294
0.04531910469641648
0.15997267183498998
0.06016273409924864
-0.012792061649460007
0.08936486052690516
-0.1685582570182136
-0.04407454609985742
0.036517794352518014
-0.08566983687130836
-0.28710864268436886
0.1626283669364623
0.30684456473278354
-0.03998590297244795
-0.2775203180564949
4.718447854656915e-16
-0.30684456473278365
-0.039985902972448764
-0.28710864268436864
-0.162628366936462
-0.03651779435251687
-0.0856698368713083
-0.1685582570182135
0.04407454609985738
0.012792061649459702
0.08936486052690507
0.1599726718349898
-0.06016273409924923
-0.01693841577784372
0.045319104696416784
-0.31406284415061775
0.12677190208467887
0.10038785041607623
-0.09687067947972311
0.2281716813657259
0.05601952199588637
0.21662545166941927
0.11355767397342714
0.22652465243135053
-0.015739705988896967
-0.0789338387556438
0.17885329988782317
0.013876126246291906
0.017201944404277435
0.19562112245471702
-0.05518642009043459
0.05578980434667233
0.009347593468336003
0.004174806851998322
-0.1165984362546296
0.0018002371613998758
0.05029020361119321
-0.19214293405216076
0.04237509781297161
0.34643569466488566
2.706168622523819e-16
0.19214293405216104
0.042375097812971524
0.001800237161400417
-0.05029020361119298
-0.00417480685199844
-0.11659843625462957
0.055789804346672134
-0.00934759346833599
-0.19562112245471633
-0.05518642009043395
0.013876126246291046
-0.017201944404276782
0.07893383875564372
0.17885329988782345
0.22652465243135034
0.015739705988896784
-0.21662545166941927
0.1135576739734272
0.22817168136572658
-0.05601952199588621
-0.0644435817752818
-0.0014188982428352953
0.1286133625049523
-0.10266212850537047
0.007479842977999841
0.07654288624583372
-0.12174433200662706
0.05906075641309466
0.0743554574473864
-0.039445199647366605
-0.1146064799227163
0.02070551295404155
0.07187958049682872
-0.03466530593393449
-0.07285124543903886
0.046243082364364765
-0.0017352550513013432
-0.01668526322806524
-0.031331449911513654
-0.13558159215048504
-0.4111484312836041
0.0268844801433627
0.0752602491801153
2.7755575615628914e-16
0.4111484312836033
0.02688448014336263
-0.03133144991151343
0.13558159215048515
0.0017352550513015652
-0.01668526322806528
-0.07285124543903884
-0.0462430823643646
-0.07187958049682928
-0.0346653059339343
-0.11460647992271605
-0.020705512954041716
-0.07435545744738671
-0.03944519964736688
-0.12174433200662658
-0.059060756413094856
-0.007479842977999861
0.07654288624583384
0.1286133625049523
0.10266212850537032
0.06444358177528131
-0.0014188982428356284
-0.010494996116892086
-0.0030462884092232467
0.06729855169029869
-0.05461804100208384
-0.0003215754181079937
-0.03463684980321358
0.057763694379565564
0.10994994708510725
0.0012114515899839806
0.025282617317710115
0.09465252567741467
-0.14940148569658895
-0.06378262334840648
-0.0030696254693020897
-0.0942991616435343
-0.03483698522643404
0.037008303931018754
0.04909226468092233
-0.03753370055942437
0.06899097303651476
0.01942150218463687
-0.14267791616262004
0.09238585603549562
0.014416684361000492
-0.1746561757744489
3.122502256758253e-16
-0.09238585603549573
0.014416684361000576
0.019421502184636785
0.14267791616262
0.03753370055942438
0.06899097303651466
0.03700830393101848
-0.049092264680921795
0.09429916164353457
-0.03483698522643426
-0.06378262334840654
0.003069625469301951
-0.0946525256774154
-0.14940148569658893
0.0012114515899845496
-0.025282617317709866
-0.05776369437956541
0.10994994708510673
-0.0003215754181078341
0.03463684980321359
-0.06729855169029943
-0.05461804100208395
-0.010494996116892474
0.003046288409222997
0.05913569644549203
0.039025321609765476
0.05640001611181167
-0.09842685716837002
-0.04678686015384873
-0.028575007455450746
-0.08497301888113537
-0.0044553079721472155
-0.028388584117803428
-0.0256464548418322
-0.041839297939224196
-0.0074418583869057565
0.06875950023246277
-0.07564497373083362
0.018156740818299794
-0.012310220662403934
-0.19670896147473232
0.027251755129609014
0.0094260475374085
-0.060047929048296284
0.03448546492037087
0.013630453577655383
0.06150684627478742
0.07073287493615753
0.3483173271434841
-0.031797531929590644
0.004335612233445668
-2.914335439641036e-16
-0.3483173271434838
-0.031797531929590186
0.061506846274787
-0.07073287493615696
-0.03448546492037076
0.013630453577655383
0.009426047537408277
0.06004792904829624
0.19670896147473294
0.02725175512960925
0.018156740818300127
0.01231022066240442
-0.06875950023246295
-0.07564497373083404
-0.04183929793922406
0.007441858386905975
0.028388584117803553
-0.025646454841831923
-0.08497301888113519
0.0044553079721473265
0.04678686015384917
-0.0285750074554508
0.05640001611181198
0.09842685716837009
-0.05913569644549162
0.03902532160976505
-0.04611791561421838
-0.0676647507622789
-0.08634030459758663
-0.08980371234703921
-0.1567746957872985
0.003666952046457261
0.0928769570613779
-0.02238249889568504
-0.0424573037013455
0.06066359256730205
-0.015475967288042708
-0.08225010790741971
0.0252792493226984
-0.040761132673708025
-0.07772656098777643
0.01527674840427587
-0.013833605555203549
0.005820520844469388
0.04344969953513901
0.0026615038974898975
0.02230897482981825
-0.064903132098865
0.07469046173363768
-0.0008339165424656979
-0.006005287675424298
0.13565909623158773
-0.11346576802418196
-0.09373459528696824
0.05053188480233439
-2.1510571102112408e-16
0.11346576802418121
-0.09373459528696819
-0.006005287675424104
-0.13565909623158817
-0.07469046173363819
-0.0008339165424654307
0.02230897482981814
0.06490313209886467
-0.043449699535139504
0.002661503897490076
-0.013833605555203757
-0.005820520844469462
0.07772656098777657
0.015276748404275911
0.025279249322698608
0.04076113267370837
0.015475967288043027
-0.08225010790742021
-0.04245730370134579
-0.06066359256730222
-0.09287695706137797
-0.022382498895685082
-0.1567746957872988
-0.003666952046457103
0.08634030459758629
-0.08980371234703871
-0.04611791561421799
0.06766475076227851
0.050300993783727654
-0.03720881220551733
-0.007795149531004561
-0.042379160283011696
0.021932460075782603
0.028229545456820992
-0.014733351826083901
-0.0077906198688676015
0.00942512133066398
0.01703752440208879
0.008563155901850306
-0.004375950874179649
0.011188897632975928
-0.04256155433099222
0.05864187124860335
0.0015461781759824184
-0.07892273716018647
0.09022342627599747
0.10497575976725926
-0.009356092697620777
0.14151683138244547
-0.0470581788172268
0.08055947011363618
0.05193535617299987
-0.01929104299474993
-0.034203117040443994
0.06203332092721715
-0.005456155696301113
-0.21715619881732132
-0.0038471966077270534
0.19958576982991827
-3.677613769070831e-16
0.21715619881732157
-0.0038471966077268313
0.06203332092721789
0.0054561556963006325
0.01929104299475
-0.03420311704044432
0.08055947011363654
-0.05193535617299992
-0.1415168313824453
-0.0470581788172271
0.1049757597672597
0.009356092697620652
0.07892273716018658
0.09022342627599776
0.05864187124860318
-0.0015461781759821408
-0.011188897632976199
-0.04256155433099224
0.008563155901850833
0.004375950874179843
-0.009425121330663914
0.017037524402088847
-0.014733351826084234
0.007790619868867263
-0.021932460075782756
0.028229545456821423
-0.007795149531004894
0.04237916028301169
-0.05030099378372807
-0.037208812205516945
-0.06299956487754318
-0.09589808442450316
-0.019838181840964177
-0.12881273797986229
1.801424493932946e-05
0.06258895584355038
-0.014658232355923242
-0.011315211377433444
-0.022336075608650904
0.05261891557406412
0.004789744006820354
-0.03389446814651388
0.024352496253029994
-0.018005087078630147
-0.04954738847432909
0.025017495510682053
-0.04909474742773291
0.02032032432578415
0.08785468770226541
0.009832367414962295
0.029786516274223386
0.02471340936081929
-0.055086037285744946
0.012110781631572675
-0.072320490234898
0.04882017242437662
-0.057482888667239294
-0.058838697085220465
-0.052038743282684
-0.08555796862407394
0.07988543826049377
0.10013375687508333
-0.07990734015606948
-2.463307335887066e-16
-0.0798854382604933
0.10013375687508302
-0.05203874328268418
0.08555796862407396
0.05748288866723936
-0.058838697085220895
-0.07232049023489792
-0.04882017242437617
0.05508603728574504
0.012110781631572778
0.029786516274223254
-0.024713409360819318
-0.08785468770226598
0.00983236741496226
-0.049094747427732635
-0.020320324325783866
0.0495473884743292
0.025017495510682386
0.024352496253030237
0.018005087078630435
-0.004789744006820466
-0.03389446814651366
-0.02233607560865096
-0.05261891557406401
0.014658232355923437
-0.011315211377433756
1.8014244939107416e-05
-0.06258895584355055
0.019838181840964565
-0.12881273797986187
-0.06299956487754355
0.09589808442450305
-0.11008095253517126
-0.03762822762716367
-0.1261795221822845
-0.05534700503787562
0.08871513381426926
0.09573116199348665
-0.0003041796782117436
0.016984343863345228
0.048880791661871384
0.08332323051810268
0.03147688353221083
-0.03015265281296707
-0.04018713743648477
-0.03653160936101923
0.040074566532916855
0.039723024482292986
0.009816841329915768
0.06754497402235196
0.0774396620366177
0.02511818901907238
0.009089132973904623
-0.04977777419730724
-0.10117887031648025
-0.0027936761547207225
-0.022406209744990857
0.02162971058111266
0.019702418076983776
0.019571708931157027
-0.023975043245022587
0.012341730412155354
-0.0468182885804915
-0.07654584560544511
0.1352048388899128
0.051154547294294264
-0.30747741456384076
-3.3480163086352377e-16
-0.1352048388899127
0.051154547294294424
-0.046818288580491224
0.0765458456054453
0.023975043245022684
0.012341730412155555
0.01970241807698341
-0.01957170893115673
0.022406209744990385
0.021629710581112696
-0.1011788703164801
0.0027936761547208283
-0.00908913297390529
-0.04977777419730715
0.0774396620366181
-0.02511818901907263
-0.009816841329915657
0.06754497402235227
0.040074566532916814
-0.03972302448229346
0.040187137436485096
-0.03653160936101934
0.031476883532211064
0.03015265281296731
-0.04888079166187158
0.08332323051810274
-0.00030417967821145045
-0.016984343863345505
-0.0887151338142694
0.09573116199348654
-0.12617952218228462
0.05534700503787571
0.11008095253517215
-0.03762822762716349
-0.04059447963695234
-0.06440765606930147
-0.033268508734650926
-0.13073444990459296
0.01965548109474488
-0.023233521213801393
0.012166985166095629
-0.034924985289571234
0.00459040221552439
0.05292354504914159
-0.03282378051205817
-0.03552199447447765
-0.012045142577232118
-0.011188545746706094
0.0038339039537068076
-0.00517624686643077
0.00032066205935782355
0.042662268277799426
-0.033389359825603385
0.01328433121791183
0.03880960662738388
0.022706719990176462
-0.028837054951174557
-0.01933674963750556
-0.07071274026425643
-0.03115124744294987
0.00163557942793216
0.01076543433880843
0.06200857190455199
-0.015702291614985125
0.07834927215053704
0.08073876392623597
-0.0010488174122246507
-0.015058887664955025
-0.021856516128349546
-0.04392140325695934
0.12115089416007985
-3.191891195797325e-16
0.021856516128349657
-0.043921403256959035
-0.0010488174122245397
0.015058887664954917
-0.07834927215053747
0.08073876392623612
0.06200857190455197
0.01570229161498543
-0.0016355794279325382
0.010765434338808041
-0.07071274026425617
0.031151247442949528
0.028837054951174904
-0.0193367496375054
0.03880960662738398
-0.022706719990176913
0.03338935982560326
0.013284331217912023
0.00032066205935793457
-0.042662268277799335
-0.003833903953707009
-0.005176246866430881
-0.0120451425772325
0.011188545746706217
0.03282378051205789
-0.035521994474477465
0.004590402215524689
-0.052923545049141575
-0.012166985166095497
-0.03492498528957085
0.01965548109474462
0.02323352121380116
0.03326850873465069
-0.1307344499045931
-0.04059447963695241
0.06440765606930202
