70.8293838049805
-5.836977084591804e-15
-0.716273830916176
7.717175756144776
7.7084168244432
-3.756609049042735e-15
0.71627383091615
7.717175756144794
1.217280391639377
-0.3002951278511293
-0.21546027735136886
0.9810704884753856
4.45538725556956
1.7106453543583539e-15
0.21546027735135687
0.9810704884753931
1.217280391639368
0.3002951278511272
-0.33132609841608823
-0.8854133316066711
-0.012733068045656326
-0.24254661204153338
-0.5155424030735659
-0.780869486183022
0.9134405827033798
-9.584419317462232e-16
0.5155424030735736
-0.7808694861830275
-0.012733068045656881
0.24254661204153335
0.3313260984160855
-0.8854133316066664
-1.9742185464421085
-0.34800849416926705
-0.3668829345748883
0.8016943165028821
0.47256407154242075
-0.22594749812196
0.6164369905380045
0.16100861285892046
-2.927100665792621
-3.996741544152104e-16
-0.6164369905380059
0.16100861285891283
0.4725640715424211
0.22594749812195855
0.3668829345748865
0.8016943165028848
-1.9742185464421038
0.34800849416926755
-0.09415300817309792
-1.9623497104754566
0.3885171739450932
-0.44757284662460844
-0.22281563603396215
-0.011635110195178096
0.2502407800729492
0.13864395981713568
-0.01709741216147409
-0.9521313637279186
-2.807523921347828
-3.403040693977263e-15
0.017097412161472647
-0.9521313637279194
0.2502407800729473
-0.13864395981713667
0.2228156360339538
-0.01163511019517699
0.38851717394509216
0.44757284662460706
0.09415300817310324
-1.962349710475452
-0.39843949271141077
-0.29777021383181024
-0.15228363848795146
-0.38503165387995864
-0.16845566467480988
-0.2780298237965969
0.08636347860164939
-0.16330849848381546
-0.08539413700267617
0.03614070074210679
0.04670926332699493
-1.1404045521608794
0.07088329489777238
1.2212453270876722e-15
-0.046709263326996764
-1.1404045521608768
-0.0853941370026775
-0.03614070074210696
-0.08636347860164922
-0.16330849848381318
-0.1684556646748126
0.2780298237965948
0.1522836384879498
-0.38503165387995825
-0.3984394927114099
0.2977702138318089
0.027264767528210443
0.9026737952249159
-0.33957006058013717
-0.41787157481741616
0.00198696999453174
-0.6622896459756171
-0.13647436501807175
-0.0553847107625296
-0.04171279967988361
-0.18875987015044657
0.33267918451449835
0.017603254050759354
0.06877949138671935
0.09654437779291647
-0.6954802252108904
-8.326672684688674e-17
-0.0687794913867176
0.09654437779291786
0.3326791845145012
-0.017603254050759576
0.04171279967988317
-0.1887598701504453
-0.13647436501807225
0.055384710762529155
-0.001986969994531712
-0.6622896459756183
-0.3395700605801373
0.4178715748174173
-0.02726476752821061
0.9026737952249162
0.29227961358419274
-0.21172223558138456
0.047348260912461776
0.7458752481486245
-0.627850498260828
-0.23056052613906336
-0.10071970707786893
-0.589904262574195
0.020179907430851962
0.035232228495500145
0.14667938033558034
-0.11560471104790412
-0.21091090492882333
0.0033970317751742946
-0.3092414873000444
0.015087197653411308
-0.3194358606736394
1.3322676295501878e-15
0.30924148730004397
0.015087197653410718
-0.21091090492882245
-0.0033970317751740864
-0.14667938033557995
-0.11560471104790529
0.020179907430853572
-0.03523222849549823
0.10071970707786779
-0.5899042625741943
-0.6278504982608284
0.23056052613906508
-0.04734826091246208
0.7458752481486246
0.29227961358419174
0.2117222355813861
0.10069145906818333
0.8649760977669168
0.23471113838421237
-0.2853105730617719
0.04417475444823055
0.783190063036813
-0.31695473952927455
-0.16248040847477302
0.09533440074109845
-0.05626415962667741
0.27390319320074297
0.0030452886713871197
-0.11031535874099246
0.008695337648530976
-0.28343384107467573
-0.1128213141062307
0.2689640875003555
-0.040575596693353644
1.3025604888703355
-9.992007221626409e-16
-0.2689640875003557
-0.04057559669335464
-0.2834338410746763
0.11282131410622964
0.11031535874099088
0.008695337648531087
0.2739031932007413
-0.0030452886713862592
-0.09533440074109424
-0.05626415962667852
-0.3169547395292748
0.16248040847477205
-0.044174754448229214
0.7831900630368138
0.2347111383842132
0.28531057306177177
-0.10069145906818254
0.8649760977669161
-0.3523013870562049
-0.12017151297021544
0.14317347295437002
0.07978873585707466
0.2919088033475279
-0.2055569716011628
0.024967762223120138
0.43850226941062853
-0.30679420855737694
0.01943693932906257
-0.14879782395148
0.050298231972234764
-0.04351851549727637
0.005761067895176775
0.20899301707437792
0.24249086289206706
0.05763728125736259
0.034920341238457886
-0.2887258015526875
0.8992818818034869
-0.20318511161218092
-2.636779683484747e-16
0.28872580155268524
0.8992818818034891
0.057637281257362644
-0.03492034123845805
-0.2089930170743782
0.24249086289206767
-0.04351851549727731
-0.0057610678951764
0.14879782395147878
0.050298231972234264
-0.306794208557379
-0.01943693932906458
-0.024967762223121137
0.4385022694106278
0.291908803347529
0.20555697160116182
-0.1431734729543705
0.0797887358570745
-0.3523013870562046
0.12017151297021406
0.10993776962322382
0.06004011303794671
-0.4007828317316323
-0.1679352093227374
0.08681370322192336
0.29728449784711614
0.23282809614603023
-0.09204208771881206
0.020798860188501245
0.31485347821528464
-0.36969479888404383
-0.18629020733857507
0.0932353827857343
-0.09987794913329309
0.20808653650054362
0.03511661154235274
-0.030055739956821953
-0.11222372905275947
-0.26264141100818206
-0.06866434663874954
0.08288749016642363
-0.11960256487504439
0.24950922864220582
6.661338147750939e-16
-0.0828874901664236
-0.11960256487504406
-0.2626414110081817
0.06866434663875039
0.03005573995682287
-0.11222372905275971
0.2080865365005438
-0.0351166115423522
-0.0932353827857356
-0.09987794913329398
-0.36969479888404433
0.18629020733857485
-0.02079886018850252
0.31485347821528575
0.23282809614603137
0.09204208771881364
-0.08681370322192591
0.2972844978471184
-0.40078283173163387
0.1679352093227373
-0.10993776962322455
0.06004011303794676
0.10861399745979472
-0.02472228668361709
0.16155918016968718
0.23612315187517402
-0.33045366529800635
-0.1522535451445482
0.050347865139451525
0.1098924283789488
0.1471753168540313
-0.06989635715278303
-0.009301069989448796
0.33160448267067766
-0.1528216919383492
0.02153784103945497
0.014438759300059327
0.25455886332192984
-0.17572223260891678
0.02417630655152897
-0.020524233104677846
0.21380417155807996
-0.005787110059382282
-0.021378124982268848
0.08220628578766453
0.03640887129182602
0.13068065801230955
-2.220446049250313e-16
-0.08220628578766226
0.03640887129182589
-0.0057871100593813035
0.021378124982268404
0.02052423310467793
0.21380417155808026
-0.17572223260891728
-0.024176306551530136
-0.014438759300060777
0.25455886332193045
-0.15282169193834771
-0.02153784103945422
0.009301069989448185
0.3316044826706754
0.14717531685403099
0.06989635715278336
-0.0503478651394523
0.10989242837894903
-0.3304536652980065
0.15225354514454958
-0.16155918016968618
0.2361231518751738
0.10861399745979375
0.02472228668361721
0.07657709669103237
-0.3685844295819214
-0.048598996927949285
-0.04230242526500937
0.1371165296122534
0.23368733663489982
-0.2865353054362099
-0.06096398730377803
0.0005677500702390981
0.01444848640401697
0.07681969017129417
-0.10488090755930582
0.045878775368628444
0.29813934734458186
-0.2367314441259965
0.001887491944676828
0.06762814286576238
-0.014869675437890112
-0.1181646973447163
-0.040155913691178796
-0.0337134672989845
0.11583418011328028
0.14541179688256695
0.059904926736296535
-0.04626933714441814
0.19820072754950285
-0.3682347816808799
-1.0685896612017132e-15
0.04626933714441821
0.19820072754950224
0.14541179688256659
-0.059904926736296216
0.03371346729898578
0.11583418011328128
-0.1181646973447167
0.040155913691178685
-0.0676281428657623
-0.014869675437890334
-0.2367314441259955
-0.001887491944676245
-0.04587877536862861
0.2981393473445829
0.07681969017129323
0.10488090755930549
-0.0005677500702375438
0.014448486404017122
-0.2865353054362094
0.06096398730377803
-0.1371165296122528
0.23368733663490104
-0.048598996927948494
0.04230242526500916
-0.0765770966910301
-0.3685844295819206
0.1563311774829611
0.017330457825280726
0.1272541166367122
-0.08426509358890061
0.06874862489721423
-0.0513984871909232
0.0641890647574091
0.177776365602342
-0.09874660169224458
-0.0831071118132107
0.1026245631850666
0.0773141202021109
0.12096782804093713
-0.09040646910166078
-0.04022972662918478
0.07929804355847947
-0.08974992632605983
0.13212691019896602
0.09149447654652912
0.005799574223059933
0.004132566522422942
-0.06621186006759486
-0.12422781183420037
-0.12257587613035181
-0.09103843547817267
-0.031445804706349445
0.18671307310676943
-0.4283381832849751
0.02273934977037518
-6.661338147750939e-16
-0.1867130731067692
-0.4283381832849739
-0.09103843547817259
0.03144580470634811
0.1242278118342011
-0.12257587613035192
0.004132566522422221
0.06621186006759543
-0.09149447654652873
0.005799574223059767
-0.08974992632605988
-0.132126910198967
0.04022972662918456
0.07929804355847947
0.12096782804093761
0.09040646910166078
-0.10262456318506802
0.07731412020210912
-0.09874660169224442
0.08310711181320996
-0.0641890647574091
0.1777763656023415
0.06874862489721431
0.05139848719092336
-0.12725411663671235
-0.08426509358890058
0.1563311774829612
-0.017330457825281365
0.018325196173176225
-0.012390260176816659
-0.08945486031829525
0.03151308210133885
0.12754914822413116
-0.2611457300778358
0.057819967615981904
-0.06296367257747326
0.03110798927540727
0.15962846587371898
-0.1619117213508327
-0.009790706967114149
0.04802478964875179
0.0014396142131711254
0.059579642598816124
-0.01799827074136351
0.06395406481424673
0.02998029444845035
0.16085228677137833
0.06913242999528296
-0.09237627134971413
0.24502384066080202
-0.07054719878199098
-0.026315741796545278
0.14264598474274934
0.12738371703521179
0.22953091377571
0.047638158066045044
-0.17981459016559434
0.004416002156395427
0.032273484283290604
-2.7755575615628914e-17
0.17981459016559395
0.004416002156395246
0.22953091377571022
-0.04763815806604481
-0.14264598474274948
0.12738371703521056
-0.07054719878199185
0.026315741796544445
0.09237627134971343
0.24502384066080157
0.16085228677137792
-0.06913242999528256
-0.06395406481424709
0.02998029444845153
0.05957964259881658
0.017998270741364453
-0.04802478964875076
0.001439614213171847
-0.1619117213508331
0.009790706967115162
-0.031107989275407352
0.15962846587371854
0.057819967615981904
0.0629636725774744
-0.12754914822413113
-0.2611457300778367
-0.08945486031829641
-0.03151308210133881
-0.01832519617317574
-0.012390260176816159
-0.1712062000057601
0.018914489470798053
0.03897811545232649
-0.03625848127130335
-0.013359770837921947
0.02881376340519963
0.07926654812621348
-0.13320570202710258
0.11672647588004248
-0.04120077488123715
0.04135915651926225
0.13077918459074497
-0.1761632739928584
-0.0969123175821433
0.07371331522556546
-0.14729576972309377
0.09609654492695645
0.04995210778490217
-0.06304071668931505
-0.10932990659251424
0.057468975327471694
-0.056679712113537534
0.07636144661886596
-0.13201461314414809
-0.12073034840086862
0.0017802683439877565
-0.08196022743237408
-0.1778183044059125
0.18547520823371993
-0.02624793909206101
0.1283718350044995
-0.14822316535027297
-0.169531881324776
-9.992007221626409e-16
-0.12837183500449872
-0.14822316535027366
0.18547520823372032
0.026247939092062023
0.08196022743237413
-0.1778183044059121
-0.12073034840086874
-0.0017802683439877703
-0.07636144661886582
-0.13201461314414886
0.057468975327471306
0.05667971211353884
0.06304071668931505
-0.10932990659251443
0.09609654492695638
-0.04995210778490358
-0.07371331522556368
-0.1472957697230941
-0.17616327399285794
0.09691231758214358
-0.041359156519260865
0.13077918459074472
0.11672647588004215
0.04120077488123702
-0.07926654812621373
-0.13320570202710275
-0.013359770837922946
-0.028813763405199838
-0.03897811545232711
-0.03625848127130277
-0.17120620000576045
-0.018914489470798962
-0.024188037370669734
0.10386909580959924
-0.0371828262341144
0.041948698893362585
0.058592532252442986
-0.06190975716985686
-0.05165519113307887
0.007845122913351182
0.06224039679345811
-0.15413121347583453
0.11257397131173408
-0.014260450973352823
0.09845955934519765
0.13057636425825592
-0.046388208161626025
0.050633526148580466
-0.05351220219233621
-0.09682863903936312
0.1412156004048314
0.06617035224503981
0.08364876419245976
0.060986617181264136
0.17525016782797864
0.02153870210655484
-0.08959953477240151
0.0583444582750052
0.05722070274935359
-0.007776536830428407
0.08227145907693995
0.08669749303619345
-0.11107729605334782
0.01583290816125138
-0.01997598662364152
-0.01016125856241995
0.08378645677862012
6.245004513516506e-16
0.019975986623641986
-0.010161258562420672
-0.11107729605334737
-0.015832908161251824
-0.08227145907693999
0.08669749303619412
0.057220702749352315
0.007776536830428782
0.08959953477240129
0.05834445827500487
0.17525016782797853
-0.02153870210655373
-0.08364876419245937
0.06098661718126423
0.1412156004048314
-0.06617035224503953
0.053512202192335656
-0.09682863903936184
-0.04638820816162646
-0.05063352614858113
-0.09845955934519715
0.13057636425825583
0.11257397131173424
0.014260450973352212
-0.06224039679345825
-0.15413121347583533
-0.051655191133077594
-0.007845122913350489
-0.058592532252443
-0.06190975716985706
-0.03718282623411433
-0.04194869889336267
0.024188037370667936
0.1038690958095988
-0.15587131536146565
-0.010283117914966833
-0.029943705213836325
0.018868507487891262
-0.13333758451427447
0.052293405942634236
0.07100772425672017
0.03308646138729854
-0.09508149658586684
-0.013942905989520832
0.047216257185934696
-0.17816123778208492
0.03433666397225871
-0.0013494558131377649
0.08107748804550235
0.1425829174055259
-0.06818515360434035
-0.06925549086368693
-0.014066963966247736
-0.2498824721950963
0.026741017726462632
0.043328604521833736
-0.015954387843681972
-0.08178425552980337
0.20549868023142492
-0.06792568166767106
0.0495438681283793
-0.01774612490513472
0.07187005877684215
-0.026297321492159083
-0.012557879917075965
-0.012378466201868
0.048728145505352885
0.06690331883099054
-0.03409298741367417
0.11197993511389115
0.21685411544362695
-5.551115123125783e-16
0.034092987413672726
0.11197993511389104
0.04872814550535276
-0.06690331883099057
0.012557879917076409
-0.012378466201867666
0.07187005877684205
0.026297321492158576
-0.04954386812837969
-0.017746124905134497
0.20549868023142473
0.06792568166767002
0.01595438784368279
-0.08178425552980345
0.026741017726462812
-0.04332860452183224
0.01406696396624782
-0.24988247219509732
-0.06818515360434052
0.06925549086368793
-0.08107748804550224
0.14258291740552553
0.034336663972258485
0.0013494558131381396
-0.04721625718593392
-0.17816123778208404
-0.09508149658586773
0.01394290598952136
-0.07100772425672044
0.03308646138729804
-0.13333758451427574
-0.05229340594263343
0.02994370521383613
0.018868507487890485
-0.1558713153614647
0.01028311791496736
