52.283065583762685
1.1639768586515452e-15
0.14538535520063434
-2.6744769865571634
-4.098404565487047
1.2716402007140312e-15
-0.14538535520062923
-2.6744769865571683
-7.091140831794439
0.13537600731541602
-0.04537059399135997
0.2508558745826899
5.455099197000731
-1.3563766351496784e-15
0.04537059399136267
0.2508558745826898
-7.091140831794436
-0.13537600731541302
0.0885247402855962
2.1092519960344234
0.7718795293184437
-0.02266275882877958
-0.12958494179465585
0.23046942940124213
-2.4365115582618153
-4.0454816765143513e-16
0.129584941794648
0.2304694294012448
0.7718795293184391
0.022662758828780178
-0.08852474028558044
2.109251996034407
-0.37752783262784806
0.2910910791278402
-0.06234159110766618
-0.2351734272526072
-1.4640249802247831
-0.1024980517565298
0.07205217512864814
0.25796019904236006
-2.1129210411404378
1.6316125793555366e-15
-0.07205217512865147
0.2579601990423593
-1.4640249802247849
0.10249805175652923
0.06234159110766635
-0.23517342725260676
-0.37752783262784323
-0.29109107912784143
-0.3155032886305704
-0.5291553001205183
0.0008110727759711445
-0.19292147531354317
-0.00955999535383495
0.32405321418236505
0.8164303617432668
0.05800848914562221
0.10641394734272336
0.7651708620502725
-0.2397051186311714
5.47516180279677e-18
-0.10641394734272369
0.7651708620502687
0.8164303617432693
-0.05800848914562204
0.009559995353838086
0.3240532141823665
0.0008110727759704783
0.19292147531354276
0.3155032886305741
-0.5291553001205195
1.1467003112663678
-0.16618339340955252
0.20105525558026194
-0.0039905112399288845
-0.28996651044480126
-0.13627770666249936
0.08644094946163991
-0.167092570156833
0.8842650801561985
0.09561716772107715
-0.09173673908653335
-0.5166185729175868
-1.2435133031549215
3.3306690738754696e-16
0.09173673908653382
-0.5166185729175852
0.8842650801561978
-0.09561716772107828
-0.08644094946164116
-0.1670925701568322
-0.28996651044480076
0.1362777066625004
-0.20105525558026066
-0.003990511239927538
1.146700311266369
0.16618339340955188
0.02708521590835883
-0.397672368014367
-0.012952964518863741
0.13142368175196478
0.11294628044180022
-0.2872876398137205
-0.001011475682478724
0.20166951734417538
-0.02690331502851209
-0.17953915232138692
0.09252313829440913
-0.08329209186611372
-0.07200904330776284
-0.1562608761841399
1.1281071677521473
-4.996003610813204e-16
0.07200904330776259
-0.15626087618413942
0.09252313829440831
0.0832920918661133
0.026903315028512564
-0.17953915232138726
-0.0010114756824801674
-0.20166951734417543
-0.11294628044180033
-0.28728763981371985
-0.01295296451886363
-0.13142368175196414
-0.027085215908358995
-0.39767236801436856
-0.6888228257163
-0.008792167092613573
-0.042699555639971146
0.030492501757311608
0.7130094325780071
0.0485178955472132
-0.23301100852848106
0.11128765664571466
-0.39896790245779024
0.01055959908072833
-0.06741613298550415
-0.030427559410259264
0.6393349297841885
-0.08700553543616373
0.1083140606731483
0.14629039643578035
0.08027858204615429
-4.85722573273506e-16
-0.10831406067314867
0.1462903964357808
0.639334929784188
0.08700553543616377
0.06741613298550478
-0.03042755941025896
-0.3989679024577897
-0.0105595990807279
0.23301100852847903
0.111287656645714
0.713009432578007
-0.04851789554721202
0.04269955563997173
0.03049250175731147
-0.688822825716301
0.008792167092613073
-0.007745477823308283
0.48767049716974425
0.11275292019741087
-0.013020845640119919
0.01711953459184118
-0.10856249185174927
-0.26932711753505617
-0.1256416626886875
-0.01089412927333519
-0.05343517100866059
0.255932014023894
-0.1862443127278823
0.055495346822197145
-0.261711291285483
-0.5353239603036826
0.09342851463848564
0.03932626377379947
-0.3179456396918016
0.010708173691319656
6.106226635438361e-16
-0.03932626377379958
-0.31794563969180156
-0.5353239603036842
-0.09342851463848581
-0.055495346822196756
-0.261711291285483
0.2559320140238949
0.18624431272788183
0.010894129273335176
-0.05343517100866052
-0.2693271175350566
0.12564166268868712
-0.01711953459184177
-0.10856249185174933
0.11275292019741155
0.01302084564011928
0.0077454778233071175
0.4876704971697443
0.07714079830439224
-0.000501234287624025
0.023219463962240255
0.06269347276074871
-0.32561170802271217
0.03520748454938215
0.03003299226996871
0.048195355783563903
0.18671629519538313
0.027230688732386654
0.19153072266346854
0.022491768796344493
-0.07627584075396493
0.07425045927562934
0.017565714843782658
0.2694146891428655
0.03717423528153087
0.059420448577211266
-0.11660893289761831
0.08880022768838758
0.19495032856888597
4.85722573273506e-16
0.11660893289761774
0.08880022768838786
0.037174235281530965
-0.0594204485772116
-0.017565714843783067
0.26941468914286637
-0.07627584075396465
-0.07425045927562982
-0.19153072266346882
0.022491768796345027
0.18671629519538208
-0.02723068873238685
-0.030032992269968917
0.04819535578356491
-0.3256117080227122
-0.03520748454938233
-0.023219463962239215
0.06269347276074844
0.07714079830439197
0.0005012342876234421
-0.029701049026883142
-0.22985838794159408
-0.07730635381370723
0.008454239483631248
-0.019974615581360405
0.3040248841089935
0.06430235910211923
-0.0009950971762210242
-0.03775048747060302
-0.047147294542324164
-0.17630143275987253
0.10072306156138393
-0.06958067436462392
0.07133651749842605
0.12125886504230204
0.1366097938875389
-0.07911056707455624
0.09296265850949456
-0.2974388034344008
-0.10586202857828203
-0.011495200849840674
0.12016911882063724
0.08274922314791355
-3.469446951953614e-16
0.011495200849841264
0.12016911882063791
-0.29743880343440127
0.10586202857828242
0.07911056707455576
0.09296265850949495
0.12125886504230193
-0.13660979388753938
0.06958067436462334
0.07133651749842575
-0.17630143275987176
-0.10072306156138311
0.037750487470603146
-0.04714729454232419
0.06430235910211823
0.0009950971762212185
0.019974615581360017
0.304024884108993
-0.07730635381370647
-0.008454239483630749
0.02970104902688373
-0.22985838794159483
0.12498051391159831
-0.021110354780663587
0.012604428382811124
-0.03641673224339466
-0.008371878355673823
-0.02462436117724648
0.010428527681005467
-0.1482550228474833
-0.014910063618014849
-0.02896460860358102
-0.010334320899347632
0.07800397560556016
-0.05586183201328587
-0.06511882171977047
-0.12371773369638217
-0.011939401803731459
0.04656754529552823
-0.1043547509068991
0.027780815703498787
-0.12788939104642205
-0.2696447329635463
-0.017834241787380106
0.10880395464429703
0.10965202218170889
-0.13777759279466795
3.885780586188048e-16
-0.10880395464429708
0.1096520221817093
-0.26964473296354685
0.017834241787380134
-0.027780815703498787
-0.12788939104642214
0.04656754529552881
0.1043547509068993
0.12371773369638198
-0.01193940180373182
-0.05586183201328629
0.0651188217197704
0.010334320899347202
0.07800397560555927
-0.014910063618015196
0.028964608603582048
-0.010428527681005599
-0.14825502284748318
-0.008371878355673823
0.024624361177246784
-0.012604428382811117
-0.036416732243395006
0.12498051391159777
0.021110354780662963
-0.025357320855785834
-0.15058029968554737
0.040921686633091314
0.01848440560985104
0.009259968929182495
-0.16829131494564709
0.021972634609063527
0.00016271404597228978
0.03746404837952663
0.1780891104065742
0.11869088533760166
0.03426359908084997
0.039437143055375753
0.07493672166866708
-0.15510353039582198
-0.06433876168793834
0.11955051037502659
0.026567021683304173
0.06399386466657231
-0.05875772571100218
0.07570517977001637
0.07677357448478307
0.17107173662691355
0.11785205926385046
-0.015630713431313933
-0.019951617900179824
-0.2149086638757367
6.938893903907228e-17
0.015630713431313982
-0.01995161790017963
0.17107173662691372
-0.11785205926385084
-0.07570517977001562
0.07677357448478266
0.06399386466657189
0.058757725711002934
-0.11955051037502683
0.02656702168330452
-0.15510353039582175
0.06433876168793827
-0.03943714305537539
0.07493672166866652
0.11869088533760155
-0.03426359908084967
-0.0374640483795259
0.17808911040657446
0.021972634609062958
-0.00016271404597262284
-0.009259968929182738
-0.1682913149456475
0.04092168663309116
-0.018484405609850714
0.025357320855785848
-0.15058029968554815
-0.14513621960763895
-0.05913936030914015
0.014957814391373229
0.027565619333587865
0.12799636980754203
0.0022956554962912656
-0.02465339885319487
0.06912085972530954
-0.1032129918443134
0.006487430695356178
-0.019385547974855054
-0.0682493045218098
0.01854661395385837
0.0260375660523732
-0.010580333576555717
-0.09358004930279606
-0.08717261794594211
0.07582357237060548
0.06359413519928711
-0.02823755585709119
0.08368292828496204
0.10362637525877327
-0.051954962447735745
-0.007036744672618014
-0.020001625460386807
-0.01564239198420099
-0.0861796270261744
-0.18676648186119518
0.20412005553233453
-1.249000902703301e-16
0.08617962702617413
-0.1867664818611947
-0.02000162546038653
0.015642391984201223
0.051954962447734995
-0.00703674467261764
0.08368292828496232
-0.10362637525877272
-0.06359413519928642
-0.02823755585709099
-0.08717261794594264
-0.07582357237060573
0.010580333576555571
-0.09358004930279518
0.01854661395385815
-0.026037566052373395
0.019385547974855172
-0.06824930452180994
-0.10321299184431346
-0.006487430695355956
0.024653398853194813
0.06912085972530932
0.12799636980754137
-0.002295655496291571
-0.014957814391373364
0.027565619333588448
-0.14513621960763834
0.05913936030913977
0.04343055716261829
0.22496160774594726
0.021265773970452997
0.032468082487587785
0.01918251731976711
-0.03443389436136107
-0.035806487273995574
-0.005747408421882483
-0.011872916172821178
-0.14043958781864035
-0.04327584213815805
-0.03780434342659689
-0.006069258269201301
-0.06057222552711275
0.045117812496579035
-0.040025945926611586
-0.030395124560746153
0.003831775170914112
0.1569524601960102
0.0200794106663049
-0.10941674878451096
0.018519428766187618
-0.23852085593367653
-0.005245249394821003
-0.04100581488759593
0.02033402651683891
0.17367120299966843
-0.10107233262118025
0.03334083138303376
0.16006960523695882
-0.05813963399755165
5.551115123125783e-17
-0.03334083138303329
0.16006960523695882
0.17367120299966848
0.10107233262118002
0.041005814887596005
0.020334026516839056
-0.23852085593367628
0.005245249394820045
0.10941674878451106
0.01851942876618709
0.15695246019601056
-0.020079410666305246
0.03039512456074614
0.003831775170914528
0.045117812496578716
0.04002594592661146
0.006069258269201433
-0.060572225527113194
-0.04327584213815833
0.037804343426597414
0.011872916172820547
-0.14043958781864072
-0.035806487273996
0.005747408421882982
-0.019182517319766976
-0.034433894361361406
0.021265773970452456
-0.032468082487589145
-0.04343055716261965
0.22496160774594742
0.11398371458227682
0.02078478800157585
-0.03192432783461463
0.04275657412812465
-0.08203512553383185
0.01689533137401735
-0.008740605996701595
-0.008352586382714862
0.09721622788891462
0.02116152687282226
0.002844847879979212
0.03634380443814448
-0.022231225244909503
-0.015350835289409094
0.046049261584674775
-0.007100093099205507
0.10296987732784826
-0.002837783151498033
0.02145745115901762
0.013359321023005938
-0.05722775768838634
-0.06204165118686711
-0.019615919983618016
-0.014466505954004283
0.08918498911075184
-0.08379791725114889
0.05524640378297595
-0.06246677634140485
0.014829790817716737
0.027917262612105406
0.05606371567020363
-0.009705850190721496
-0.02428048905867697
-1.5265566588595902e-16
-0.05606371567020382
-0.00970585019072167
0.014829790817716848
-0.02791726261210538
-0.05524640378297574
-0.06246677634140524
0.08918498911075184
0.08379791725114898
0.01961591998361782
-0.014466505954003672
-0.05722775768838595
0.06204165118686696
-0.021457451159017343
0.013359321023005438
0.10296987732784774
0.002837783151498713
-0.04604926158467508
-0.0071000930992048406
-0.02223122524491017
0.015350835289408213
-0.002844847879979115
0.03634380443814407
0.0972162278889156
-0.02116152687282241
0.008740605996702018
-0.00835258638271559
-0.08203512553383266
-0.01689533137401769
0.03192432783461533
0.04275657412812527
0.11398371458227771
-0.02078478800157566
-0.026989553825945936
-0.1641914596307548
-0.032515941866445554
-0.040068153288234605
0.0019684928831012055
0.27042198817084784
0.008942062509264478
-0.025956831932266354
-0.007203262829159049
-0.09690383052991575
-0.0733936611815829
0.005793205123566486
-0.018048427808523407
-0.001739497444521846
0.15055819255903619
0.01723031097077271
-0.010164490816813004
-0.00031791617646922954
-0.19685611431233083
0.03330356844089777
0.019051173618201828
-0.011410537225483353
0.16916423098844713
0.014673700125182335
0.06924511920263353
-0.02938769697412591
-0.0184266833249091
0.03663942307728722
-0.004308147788204604
-0.0005236549083364739
0.16109596913180046
0.07121382525435058
-0.045084868812948174
-0.08066500274458765
0.031985734730855885
-2.498001805406602e-16
0.04508486881294847
-0.08066500274458734
0.16109596913180074
-0.07121382525435078
0.004308147788204569
-0.0005236549083368763
-0.01842668332490885
-0.03663942307728693
-0.069245119202633
-0.029387696974125244
0.16916423098844635
-0.014673700125182043
-0.01905117361820237
-0.011410537225483464
-0.196856114312331
-0.03330356844089715
0.010164490816813726
-0.0003179161764692018
0.1505581925590358
-0.017230310970773308
0.018048427808523636
-0.001739497444521565
-0.07339366118158286
-0.0057932051235665555
0.007203262829158084
-0.09690383052991536
0.00894206250926452
0.025956831932266805
-0.001968492883100706
0.2704219881708475
-0.032515941866446435
0.04006815328823393
0.026989553825944965
-0.1641914596307546
0.025236781945668862
-0.025171315012756407
0.03597136346620706
0.007186416844872007
0.024031266553690478
0.007865174564331362
0.02566013876132374
-0.08504543322464606
-0.06015614351028306
0.0006773881190966086
0.016190837695773896
0.06305969255597553
0.04772207864714478
-0.0011591710166761332
-0.008228397612007353
0.0029522483456300708
-0.0702154808121148
-0.0005555652676855483
-0.044915587929219736
0.060160772025546885
0.013551238020638318
-0.018137161343633842
-0.01592129095710107
-0.02816144864836559
0.013461041663044265
0.048034921052850246
-0.009990822117457054
0.03415118037787622
-0.03500880625435707
0.05295476177705011
-0.06840822588392466
0.13465956664905707
0.028477220011550675
-0.036475910150732906
-0.047307270139551744
0.13988185958182492
0.07855100590104558
-4.0245584642661925e-16
0.04730727013955199
0.13988185958182542
0.028477220011550564
0.036475910150733315
0.06840822588392434
0.13465956664905723
-0.03500880625435626
-0.05295476177705044
0.009990822117457193
0.034151180377876095
0.013461041663043821
-0.048034921052850184
0.015921290957100945
-0.028161448648365645
0.013551238020639067
0.018137161343633856
0.04491558792921958
0.0601607720255463
-0.07021548081211462
0.0005555652676864364
0.008228397612007887
0.0029522483456298487
0.04772207864714367
0.0011591710166759805
-0.016190837695773803
0.06305969255597554
-0.060156143510283214
-0.0006773881190957343
-0.025660138761323736
-0.08504543322464672
0.024031266553690075
-0.007865174564332287
-0.035971363466206
0.00718641684487184
0.025236781945669806
0.025171315012756545
