58.4073361727844
-3.032209667294015e-15
-6.453498769863829
-0.2720700736151992
-8.138917326519191
-2.3752749477150095e-15
6.453498769863831
-0.2720700736151953
3.15951275248556
0.10456318784493418
0.3025351876817897
0.22160240706627365
5.29361040374464
1.0981674336355013e-15
-0.3025351876817913
0.22160240706627135
3.1595127524855426
-0.10456318784493722
-2.6848542442025574
-0.02301133255841477
-0.6849079327732848
0.3461301035108797
0.9214850890649883
-0.3686623599550163
-4.2060671813329344
-1.0358716538876453e-15
-0.9214850890649783
-0.3686623599550195
-0.6849079327732946
-0.34613010351088164
2.6848542442025947
-0.023011332558404787
-1.703988285383571
0.28318644455089736
0.2467064797055542
-0.3446223411971507
0.411226644907292
-0.25048775080889757
0.46758399336429035
0.29521373213095015
-3.397449593351831
-1.5753362097884263e-15
-0.4675839933642937
0.2952137321309476
0.4112266449072882
0.25048775080889674
-0.24670647970554954
-0.3446223411971484
-1.7039882853835813
-0.28318644455089825
0.9445346009433012
0.17763819981939027
0.12233854283603662
-0.22406663513065667
-0.9989152893665884
-0.0064086925663241435
-0.25497800786653535
0.30618221984603816
1.1898716583921978
0.04246223266190526
1.1520527657085162
-1.129941937080197e-16
-1.1898716583921944
0.042462232661905165
-0.25497800786653557
-0.3061822198460391
0.9989152893665899
-0.006408692566323426
0.12233854283603321
0.2240666351306554
-0.9445346009433033
0.17763819981939205
-0.6444061280365624
0.044754686255967874
-0.12932271985992366
-0.31946367501865225
-0.6671826247505583
0.4391994655893617
0.5673443323272813
0.008936068398735699
-0.6459793234549382
-0.26091676440889144
-0.3829430084971833
-0.1890362180216964
-1.02932915066585
-6.245004513516506e-16
0.3829430084971821
-0.18903621802169931
-0.6459793234549387
0.26091676440889083
-0.5673443323272809
0.008936068398735224
-0.6671826247505608
-0.4391994655893631
0.12932271985992444
-0.31946367501865325
-0.6444061280365623
-0.0447546862559694
1.1576548309681018
0.19220534725661476
0.03545883852282726
-0.30644868568597233
0.2647704999248515
0.30370731096381337
0.6317321318630237
-0.20132451831637085
-0.12109078318355473
-0.03280495542406293
0.3309122387556819
-0.10970061179521046
-0.13160885856626378
0.2864642983851766
1.6025004305594734
6.661338147750939e-16
0.13160885856626314
0.2864642983851743
0.3309122387556807
0.10970061179520937
0.12109078318355482
-0.03280495542406303
0.631732131863025
0.2013245183163716
-0.26477049992485047
0.3037073109638114
0.035458838522827704
0.30644868568597144
-1.1576548309681003
0.19220534725661526
-0.07364400975847485
-0.05439671540217047
-0.08492782432202384
-0.019870353609558022
-0.15265421833869486
0.2088847573570991
-0.3488757494857275
-0.2852813267252934
-0.18125592881572772
0.135954536527785
0.22110187296650097
0.07673944206296412
-0.21372240753798694
0.17760012364691616
-0.325420772068211
-0.20465204247216062
0.41448652770713035
-8.326672684688674e-16
0.32542077206821185
-0.2046520424721611
-0.21372240753798866
-0.17760012364691646
-0.22110187296650133
0.07673944206296462
-0.18125592881572755
-0.13595453652778455
0.3488757494857258
-0.28528132672529355
-0.15265421833869577
-0.20888475735709724
0.08492782432202443
-0.019870353609556732
-0.07364400975847318
0.054396715402169775
-0.0902541985811402
0.05344322139621188
0.11190674764002162
-0.20297384644538238
0.5130432521861013
0.2690252002421272
0.19741275227654975
-0.18472444126520238
-0.10102326298234929
0.10350140984820522
0.3873138447826586
-0.09861435199282581
0.38043614946664006
0.14112706009626647
0.2251016667203986
-0.2204356099518644
-0.43470419834176743
-0.04936665973257087
-0.04988762802175817
-3.95516952522712e-16
0.434704198341769
-0.04936665973257098
0.22510166672039797
0.22043560995186506
-0.38043614946663906
0.14112706009626547
0.38731384478265934
0.09861435199282546
0.10102326298234962
0.10350140984820572
0.19741275227655003
0.1847244412652045
-0.5130432521861009
0.2690252002421268
0.11190674764002154
0.2029738464453822
0.09025419858113878
0.053443221396212756
0.04271141541743706
0.020001801323493384
-0.07174604938580713
0.03709527228392698
-0.013468646105422477
0.011646478547471917
-0.2158546576468779
-0.09939350820172421
0.06642104412188718
0.07086664611625432
-0.14557720744292235
-0.036311004982961664
0.03902238017045262
-0.025405644118952492
-0.22153306352151864
-0.03277838123716731
0.0382961136098561
0.15306431978177587
0.1695601037852959
0.10702820915069619
0.15543342961695616
-2.914335439641036e-16
-0.16956010378529568
0.10702820915069555
0.03829611360985541
-0.15306431978177482
0.2215330635215189
-0.032778381237167684
0.03902238017045234
0.02540564411895191
0.14557720744292382
-0.03631100498296069
0.06642104412188718
-0.0708666461162542
0.21585465764687722
-0.0993935082017243
-0.0134686461054227
-0.011646478547471403
0.07174604938580645
0.03709527228392637
0.04271141541743673
-0.020001801323493502
-0.47743063836697
-0.07764537638547232
0.09231949916142151
0.019194421738662787
-0.055647648165405864
0.09864550194678517
0.052937310445079544
-0.19713283174961674
0.08347849953202088
0.1617663765810195
0.052283056680846596
-0.001117189921038958
-0.0164461727144673
0.01926596587875109
-0.1314654090017317
-0.06474585790382323
0.14201814702443832
-0.029239847858720358
-0.05126483683558049
0.14212958444965162
0.011294749931644199
-0.14374687499733416
-0.5886687598263425
1.8041124150158794e-16
-0.011294749931643588
-0.1437468749973343
-0.05126483683558028
-0.14212958444965146
-0.14201814702443927
-0.029239847858718915
-0.13146540900173243
0.0647458579038237
0.01644617271446841
0.019265965878751443
0.05228305668084665
0.0011171899210370984
-0.08347849953202038
0.16176637658101942
0.052937310445079655
0.19713283174961732
0.05564764816540512
0.09864550194678436
0.09231949916142138
-0.019194421738663647
0.4774306383669723
-0.07764537638547246
0.21215361233071428
0.08342476675630138
-0.025198566729272183
-0.06325551014061279
-0.025895737743646605
-0.027363628384568434
0.010554435116748029
0.041739480719958144
0.029505333191260585
0.027464410740476928
-0.09534560972972003
-0.05258717645052541
0.04279024348336685
0.0049909780306833
0.08292040025736555
0.02352826928964727
-0.06825319271416683
-0.024762494318730982
-0.0876983827050471
-0.041073456803270736
0.16199014452331906
-0.10650921871526511
0.1741465929614007
0.13255890508433094
-0.21739934618752615
-3.885780586188048e-16
-0.17414659296140106
0.1325589050843305
0.16199014452331764
0.10650921871526603
0.08769838270504648
-0.04107345680326979
-0.06825319271416652
0.024762494318731225
-0.082920400257366
0.023528269289647824
0.04279024348336585
-0.004990978030683005
0.09534560972972028
-0.05258717645052512
0.029505333191259864
-0.02746441074047735
-0.01055443511674814
0.041739480719958144
-0.02589573774364666
0.02736362838456824
0.025198566729272842
-0.06325551014061209
0.2121536123307142
-0.08342476675630175
-0.05080921131639593
-0.05609720770041174
-0.0647800947996563
0.09054590654353327
-0.27149757300832034
-0.03979032202848223
-0.001317869305877184
-0.016352249688482257
0.020003073126530435
0.10654765049620288
-0.029298317061256074
-0.17338832434200238
-0.15444382066270573
0.028846129912350887
-0.10237530354252938
0.05040751689720896
0.0760175719179538
0.016957713108480543
-0.21026931810684865
0.0815555918432032
-0.1920728235382411
-0.10877068087659847
-0.17287109950845198
0.05328964840734683
0.12720237903820222
0.03918370230880808
-0.04229703307754773
2.7755575615628914e-17
-0.12720237903820317
0.0391837023088083
-0.1728710995084521
-0.053289648407346166
0.1920728235382428
-0.10877068087659822
-0.21026931810684862
-0.08155559184320349
-0.07601757191795434
0.016957713108479877
-0.10237530354252845
-0.050407516897208876
0.1544438206627055
0.028846129912350235
-0.02929831706125538
0.17338832434200158
-0.020003073126530657
0.10654765049620368
-0.0013178693058767954
0.016352249688482368
0.27149757300832117
-0.03979032202848254
-0.06478009479965624
-0.09054590654353253
0.05080921131639593
-0.05609720770041151
0.1614102183754914
0.022148902335740607
0.029643771490684506
-0.07959113026444892
0.1166825298734954
0.06046082663588793
0.11487431404918419
0.005454739808353537
-0.05722964287700048
-0.07257763134616121
0.024790376703655748
0.018492831991239703
-0.0448882870463269
0.15049496677203608
0.12116900809089554
-0.12571393192580305
0.029940116399671424
-0.0016655161743742153
0.17752467610736794
-0.012972738325140093
0.008434652582541835
0.03487106674456025
-0.026270208831044334
0.040030712800232404
0.1230560939042575
-0.09247105044429646
0.05444116007375732
-0.0648929512885229
0.0637118680755237
-5.551115123125783e-17
-0.054441160073757044
-0.06489295128852365
0.12305609390425823
0.09247105044429665
0.02627020883104425
0.040030712800232876
0.008434652582542168
-0.03487106674455971
-0.17752467610736772
-0.012972738325139732
0.029940116399671965
0.0016655161743744373
-0.12116900809089565
-0.12571393192580346
-0.044888287046326206
-0.15049496677203567
-0.024790376703655796
0.01849283199123925
-0.05722964287700161
0.07257763134616174
-0.11487431404918569
0.00545473980835294
0.11668252987349512
-0.06046082663588676
-0.029643771490684506
-0.07959113026444944
0.16141021837549085
-0.02214890233574053
0.16122688689881864
0.05520197590279357
-0.16701720955904037
0.005497231375032163
0.023597027574237928
-0.03786202931875421
-0.09503059479765465
0.02814904835078233
-0.17838465880120427
-0.03128065163143462
0.0049840320541439664
-0.010772617516481037
0.06007582641625825
0.09229470723312054
-0.047722154037771025
-0.06588897730469176
-0.16216203609518298
-0.027805343399471383
-0.14492952897032077
-0.045400167446214446
-0.0008642554192234142
0.047791183373663754
0.0009122558141634925
0.03736610833256444
-0.1263422962035085
0.03893313426896819
-0.06602309703530146
-0.07411743563709773
0.11593025828874898
0.04023366992274033
0.10816097820568793
-8.881784197001252e-16
-0.11593025828874934
0.04023366992274087
-0.06602309703530146
0.07411743563709769
0.12634229620350762
0.03893313426896877
0.0009122558141639453
-0.037366108332564096
0.000864255419223664
0.04779118337366409
-0.1449295289703212
0.04540016744621425
0.16216203609518384
-0.027805343399471355
-0.0477221540377708
0.06588897730469159
-0.06007582641625786
0.09229470723312126
0.004984032054143855
0.010772617516481398
0.17838465880120502
-0.031280651631434314
-0.09503059479765553
-0.028149048350782413
-0.023597027574238316
-0.037862029318754785
-0.16701720955904067
-0.005497231375032913
-0.16122688689881892
0.05520197590279366
-0.0863339534419617
-0.06050643764048988
0.032171325056118416
0.01778130005843885
0.1668556954322588
0.041093061925665905
0.040699333521005465
-0.06116930968720305
-0.015832112479477495
0.0723256664986243
0.18840910522556162
0.005744349739650375
-0.07313737573450096
-0.06160872911091976
0.12882575010001157
-0.10314491317076024
-0.025070487777549624
0.16909126569176328
0.05522651750264537
-0.024092305378836276
0.10520591599311646
0.03514260493120855
-0.00949927200476347
-0.05723045288905851
0.22615914641654594
-0.016949540134670843
0.03681238819011841
0.04928791731036276
-0.12304690141959311
0.02722219156993444
-0.12113830299606751
-0.06178743772376519
0.3419984385384992
-3.122502256758253e-16
0.12113830299606623
-0.06178743772376387
-0.12304690141959274
-0.027222191569934717
-0.036812388190117895
0.049287917310362264
0.22615914641654583
0.016949540134670205
0.00949927200476322
-0.057230452889058814
0.10520591599311624
-0.03514260493120875
-0.0552265175026454
-0.02409230537883611
-0.025070487777549666
-0.1690912656917623
-0.12882575010001113
-0.10314491317075976
-0.07313737573450058
0.061608729110920066
-0.18840910522556195
0.005744349739649983
-0.015832112479477106
-0.07232566649862451
-0.04069933352100552
-0.061169309687202855
0.16685569543225867
-0.041093061925665655
-0.03217132505611897
0.017781300058439017
-0.08633395344196171
0.06050643764048976
0.039535144765764474
0.08878028436858401
-0.05768042346729568
-0.1148849193220619
0.2076367438978338
0.05705698989110035
-0.20448216813433961
-0.0037876615814525227
0.1319621489222528
-0.023703189395088697
-0.12331363184748373
0.005377939184546904
-0.041211339772478484
0.03033639688928924
-0.0070921163914204055
-0.04055384741106896
-0.07168476880653812
0.04561927663210937
0.048303504156571614
-0.008528987798976817
0.04062042294488433
0.03394308811744079
-0.0024382842766440954
-0.07903457742559442
-0.09093660903003097
-0.03240903866795318
0.10187470043387761
0.003823048586499317
0.15128979247850516
0.08792653942686238
-0.025971166549154573
0.009512045820791626
-0.07693509064047652
-0.047342563426182274
0.19817651806878045
-1.5265566588595902e-16
0.07693509064047627
-0.04734256342618187
-0.02597116654915438
-0.009512045820791515
-0.15128979247850485
0.08792653942686138
0.10187470043387725
-0.0038230485864998998
0.09093660903003088
-0.03240903866795235
-0.0024382842766444354
0.07903457742559519
-0.0406204229448832
0.03394308811744082
0.048303504156571794
0.008528987798975762
0.07168476880653832
0.045619276632109795
-0.0070921163914206
0.04055384741106935
0.04121133977247976
0.030336396889288908
-0.1233136318474833
-0.005377939184547653
-0.13196214892225266
-0.023703189395088364
-0.2044821681343397
0.0037876615814525783
-0.20763674389783354
0.05705698989109992
-0.0576804234672956
0.11488491932206137
-0.03953514476576478
0.08878028436858376
-0.14716741050167914
-0.008690637926099545
-0.09723143517068286
0.049420792707817116
-0.028791421326196664
-0.017792529876409
-0.0652782210421187
-0.01971898892049384
0.08258242263303235
0.06590125652245282
0.043185807257237294
-0.12966853071419648
0.0030516217310466165
0.08998507400075495
0.13091050289322806
0.0035923845998158677
-0.057633585545859345
0.05623149291652739
-0.005397556943351339
-0.13919485642977542
0.12181756396956328
0.04967887787379072
-0.05647637914097291
0.01600539557408949
-0.11628779041512843
-0.0276964418917986
-0.11570994602056475
0.06594680865312735
0.079887624911799
-0.04650794074863024
0.11291627030281785
0.022561136811368954
-0.22063963603476416
0.04137659697285862
-0.09914683136226778
-0.041967519458525865
-0.07305929787380577
5.48172618408671e-16
0.099146831362268
-0.04196751945852484
-0.2206396360347642
-0.041376596972858525
-0.11291627030281796
0.022561136811368926
0.0798876249117986
0.046507940748631
0.11570994602056467
0.06594680865312755
-0.11628779041512828
0.02769644189179809
0.05647637914097324
0.016005395574089296
0.12181756396956311
-0.04967887787379005
0.005397556943350285
-0.13919485642977492
-0.05763358554585951
-0.05623149291652784
-0.13091050289322848
0.003592384599816603
0.0030516217310462834
-0.08998507400075521
-0.043185807257237405
-0.12966853071419593
0.08258242263303206
-0.06590125652245293
0.06527822104211911
-0.019718988920493757
-0.028791421326197497
0.017792529876409068
0.0972314351706828
0.04942079270781735
-0.14716741050167903
0.008690637926099008
