67.35484178612145
-5.841957458647256e-16
2.543651425503098
-1.3101921249074018
2.216082439280752
7.458875584430898e-16
-2.5436514255030813
-1.3101921249073945
-0.7256892200346958
-0.4109313802642534
-0.20903932637336456
0.18026773592435308
2.0286377381068497
-3.6998385240917e-16
0.20903932637337186
0.1802677359243513
-0.7256892200346861
0.4109313802642457
0.37036362293379793
0.8282493890425544
0.16541895870686807
-0.17842469125988125
-0.23790003121418504
0.39975242578753106
0.4823887074980755
-2.6116331219054474e-16
0.2379000312141925
0.3997524257875301
0.16541895870686846
0.17842469125988164
-0.3703636229337827
0.8282493890425555
-2.870455051752673
-0.1799712934798348
-0.1625117364925341
0.0648047106359567
-0.34283485733909136
0.023633829004410318
0.2734994909605249
-0.10058729026199636
-5.530676847956583
1.4687523903194264e-15
-0.2734994909605222
-0.10058729026199757
-0.3428348573390933
-0.023633829004409378
0.1625117364925338
0.0648047106359538
-2.8704550517526632
0.1799712934798292
-0.9522792019087573
0.30605930356453315
0.003320906745375732
-0.10268056099038128
0.4196601637688393
0.00943757158589153
-0.2211610606218374
0.03947053166269829
-0.7643333793197109
0.19014126038586476
-0.5182766583058412
9.48422532072912e-16
0.7643333793197082
0.19014126038586684
-0.22116106062183705
-0.039470531662698885
-0.4196601637688382
0.009437571585890592
0.003320906745371749
0.10268056099038028
0.9522792019087561
0.3060593035645327
0.2614859672816743
0.13639497617684
-0.07953697950892175
0.10777902123427328
-0.9724755520171764
0.028136693744154263
0.0860563586293014
-0.04091686207882256
0.23170644582630903
0.07294596143808318
-0.06254368251521186
-0.06938797091893265
-0.5509279763301679
1.0581813203458523e-16
0.06254368251521189
-0.0693879709189319
0.23170644582630717
-0.07294596143808345
-0.08605635862930085
-0.04091686207882278
-0.9724755520171744
-0.028136693744154402
0.0795369795089222
0.1077790212342736
0.26148596728167445
-0.13639497617684043
-0.23976334389228743
-0.1994930273914612
0.05106266302741774
0.013741262970158638
-0.22144617292003974
0.07142569171754301
-0.10117295809431003
0.017990073848992386
-0.03640726208350897
-0.07689090707120408
0.027378054971338786
0.07734099599079278
0.21405087909879364
-0.19635221740816866
-0.1679438387185565
6.938893903907228e-17
-0.21405087909879394
-0.1963522174081684
0.027378054971338994
-0.07734099599079267
0.036407262083508654
-0.07689090707120376
-0.10117295809431026
-0.017990073848992788
0.22144617292004057
0.0714256917175427
0.051062663027417465
-0.013741262970158402
0.23976334389228754
-0.19949302739146235
0.8150048543364361
0.08981977537091046
-0.005284250191946796
-0.059385181396139436
0.21578596434949604
0.0757650673856852
-0.07719722458771042
0.02775481021814949
0.41988605545784624
-0.013298379287071768
0.07888594274665456
0.006668258180267728
0.1590181997767732
0.0242080591914434
-0.19136940368791727
0.10109430864537756
1.748720235297538
-8.326672684688674e-17
0.19136940368791827
0.10109430864537824
0.15901819977677267
-0.024208059191443435
-0.0788859427466547
0.0066682581802672836
0.4198860554578462
0.013298379287071588
0.07719722458771056
0.027754810218149684
0.21578596434949648
-0.07576506738568548
0.005284250191946796
-0.05938518139613952
0.815004854336438
-0.08981977537091079
0.4609199289546688
-0.3396318907866335
-0.0267711405957167
0.05641998607530323
-0.20379409955096334
-0.11839769067508524
0.048646378168236803
0.03287055525772613
0.18568631746238015
-0.05217793339320091
-0.05253036933158079
0.021661008958715894
-0.17620277227251224
-0.0623987188510621
0.16158248740793413
-0.043796861886931826
0.2626311580541611
-0.015408767646247684
0.1999998787837845
-6.938893903907228e-17
-0.2626311580541624
-0.015408767646248121
0.16158248740793457
0.04379686188693176
0.17620277227251194
-0.06239871885106173
-0.052530369331580964
-0.021661008958715765
-0.18568631746238098
-0.052177933393201294
0.0486463781682365
-0.032870555257726336
0.20379409955096311
-0.11839769067508474
-0.026771140595717065
-0.056419986075303435
-0.46091992895466793
-0.33963189078663264
-0.20179812636311617
0.002571229890207874
0.01950099081115242
-0.06971344174969415
0.3611137712968395
-0.025333211253640166
-0.05418782924509695
-0.014157132757260146
0.015830973968698946
-0.012272708888088221
0.024112878945649473
-0.013547714811747713
0.3913097203355329
0.01555331095185139
-0.07169788708809166
0.031333008256876294
-0.04319590362710675
-0.08416930686879404
0.13024609177667812
0.013649367859480066
0.012049583197517644
1.3877787807814457e-17
-0.13024609177667848
0.013649367859479566
-0.04319590362710636
0.08416930686879472
0.07169788708809177
0.03133300825687607
0.3913097203355341
-0.015553310951851695
-0.024112878945650035
-0.013547714811748185
0.01583097396869864
0.01227270888808836
0.05418782924509724
-0.014157132757260275
0.3611137712968384
0.025333211253640173
-0.01950099081115203
-0.06971344174969453
-0.20179812636311611
-0.0025712298902074993
0.07862852437779907
0.08294990960569325
0.02480552765486982
0.0662747490525516
0.23885058940769824
-0.07243825200944075
0.024858995834214373
-0.0002847732471228173
-0.0917862749372745
-0.028883410145596686
-0.020665894442181754
-0.0034615657708813585
0.16265148042004732
-0.04775820428867558
0.07281479647359734
-0.023422682867088533
-0.0692531435223881
0.050927739220141544
-0.10705775395240952
-0.032755036082079136
-0.022918910024955497
0.06993539305184904
0.08218670262678408
1.6653345369377348e-16
0.02291891002495522
0.06993539305184901
-0.10705775395240988
0.032755036082079095
0.06925314352238773
0.05092773922014163
0.07281479647359754
0.023422682867088408
-0.16265148042004757
-0.04775820428867568
-0.020665894442181754
0.0034615657708813724
0.09178627493727358
-0.028883410145596713
0.024858995834213957
0.00028477324712325447
-0.23885058940769768
-0.07243825200944079
0.024805527654870207
-0.06627474905255205
-0.07862852437779884
0.08294990960569357
-0.19312021563215193
0.08793044113819713
-0.011473442551527366
-0.0536003679537002
-0.10247648111710492
-0.04253939810748361
0.05119580986003011
-0.058770109536959686
0.030964795570836298
0.0001564476208924248
-0.030590710300438986
0.0026156316685950684
-0.11809756029647064
-0.038714631568197835
0.06567851577437332
-0.007197881682788253
-0.1715574818196144
-0.005809043817474595
-0.027309250951282005
-0.03725832311707403
-0.17133196165973036
0.02412993259921567
0.07326493612410662
-0.07223906705712933
-0.6769265877356483
3.7470027081099033e-16
-0.07326493612410606
-0.07223906705712903
-0.17133196165973036
-0.024129932599215358
0.027309250951282033
-0.03725832311707408
-0.17155748181961428
0.005809043817474713
-0.06567851577437281
-0.007197881682788551
-0.11809756029647055
0.03871463156819753
0.03059071030043907
0.0026156316685950615
0.030964795570836194
-0.0001564476208918142
-0.051195809860030195
-0.058770109536960345
-0.10247648111710489
0.04253939810748385
0.01147344255152738
-0.05360036795370043
-0.19312021563215304
-0.08793044113819753
-0.2660668784467598
0.04053706126334544
0.00018690089713457522
0.021113874586817585
0.08620095474468517
0.058943521785007585
0.00411933735435438
0.03931079642125421
0.030618932832788354
-0.02002843134104859
0.05272214007345352
-0.01821203023544877
0.05822577321154627
0.04796640582518298
-0.017236043594016558
-0.028613352617296667
-0.09810098208772165
0.04317937440941252
0.03914062483546783
0.020866574959495204
0.12737212475781864
0.027855732707425362
-0.009406571952389114
0.02466786345622729
-0.15815008313636827
-0.0021750851474690025
-0.13349039413585234
-4.440892098500626e-16
0.15815008313636789
-0.0021750851474686833
-0.00940657195238856
-0.02466786345622772
-0.12737212475781884
0.02785573270742507
0.03914062483546775
-0.02086657495949504
0.09810098208772204
0.04317937440941297
-0.017236043594016606
0.028613352617296146
-0.058225773211545734
0.04796640582518269
0.052722140073453994
0.018212030235448665
-0.030618932832787972
-0.020028431341048286
0.004119337354354491
-0.03931079642125398
-0.08620095474468512
0.058943521785007724
0.00018690089713481461
-0.021113874586817932
0.2660668784467607
0.04053706126334494
0.018182772471574515
0.06056908987316334
-0.008106887116958929
0.015242888539892988
-0.14602348631692225
0.05654971657286971
0.013477397300453844
-0.03149880464959383
-0.026443659870159418
0.0235423139393984
0.03257848396348704
-0.02562822673964891
-0.10794937228883206
0.010035025911042682
0.02379703717771789
-0.027807314291528183
-0.037813087858448474
0.009593572155864094
0.008915242481443084
-0.04097197984056444
-0.17725420393239144
0.002245366438304773
-0.012860644418139236
-0.007594938720920624
0.031693602097538166
0.046973939944946724
-0.034446038424205655
-0.014435453396235892
0.10865577689385075
6.522560269672795e-16
0.03444603842420503
-0.014435453396235809
0.031693602097538215
-0.04697393994494668
0.012860644418139291
-0.007594938720920749
-0.17725420393239127
-0.0022453664383048945
-0.00891524248144318
-0.040971979840564415
-0.037813087858448766
-0.00959357215586415
-0.023797037177717834
-0.027807314291528107
-0.10794937228883175
-0.01003502591104264
-0.03257848396348717
-0.02562822673964841
-0.02644365987015941
-0.023542313939398388
-0.013477397300453858
-0.03149880464959408
-0.14602348631692227
-0.056549716572870064
0.008106887116958922
0.01524288853989305
0.018182772471574765
-0.060569089873162674
0.03095226980990639
-0.012645089555980836
-0.006755275164909792
-0.025161091377108605
-0.20768677431766988
0.018186800773810956
-0.017449769304573537
0.04306793565079988
0.06461994915877894
0.01851467881027112
-0.007787471591797442
-0.0029836481008420138
-0.11268323298536133
0.027409314954797474
-0.013249226363666183
0.030383541712702175
0.10969248916247962
0.022772649270943787
-0.007414210880558297
0.01529983416312454
-0.15352033044897156
0.02199614415685555
-0.03476102120514994
-0.013078971582532156
0.08791339433132797
-0.02225075808139057
-0.004376130095340977
0.036181773342593745
-0.03468779564605251
-0.02207013496028669
0.04598132783248504
3.0531133177191805e-16
0.03468779564605268
-0.022070134960286737
-0.004376130095341026
-0.03618177334259329
-0.08791339433132743
-0.02225075808139078
-0.03476102120515003
0.013078971582532128
0.1535203304489716
0.021996144156855968
-0.007414210880558436
-0.015299834163124595
-0.10969248916247998
0.0227726492709435
-0.013249226363666704
-0.030383541712702425
0.11268323298536106
0.027409314954797592
-0.00778747159179766
0.002983648100842104
-0.06461994915877865
0.018514678810271343
-0.017449769304572843
-0.043067935650799354
0.20768677431766944
0.01818680077381095
-0.006755275164909327
0.025161091377108147
-0.030952269809906542
-0.012645089555980787
-0.0015966620430575146
-0.11183615621754452
0.02815594098584822
0.02663905593141691
0.05416489856535231
0.0583629268971065
-0.034691114084047445
0.004151876707615132
-0.0765749771557675
0.0519763061017251
0.012862470561464192
0.03297686338143846
0.02417936748503774
0.03235745664126367
-0.03128182194525042
0.012924209118174606
-0.05478329230652643
0.013728988279185103
0.024132215118222694
0.04098040659270997
0.09394192349347383
0.028496299238157635
-0.09253802172452023
0.059703499205693206
0.09752241730193215
-0.004001618954758871
0.09460622137750828
0.03994545937481114
0.14379850291060348
-0.04180655118802042
-0.13567205458418857
0.09941064694844846
0.2740725796087911
-2.7755575615628914e-17
0.13567205458418896
0.09941064694844917
0.14379850291060392
0.04180655118802022
-0.09460622137750838
0.0399454593748111
0.09752241730193262
0.004001618954758736
0.09253802172452003
0.05970349920569307
0.09394192349347431
-0.028496299238157566
-0.024132215118222278
0.04098040659270995
-0.054783292306526045
-0.013728988279185117
0.03128182194525024
0.012924209118174657
0.024179367485037948
-0.03235745664126366
-0.012862470561464327
0.032976863381438695
-0.0765749771557675
-0.051976306101725045
0.03469111408404701
0.004151876707615618
0.05416489856535228
-0.058362926897106406
-0.028155940985848456
0.026639055931416994
-0.0015966620430570184
0.11183615621754464
0.2792587065910864
0.008571928791848038
-0.03698564083453637
-0.025570526234810903
-0.023456472930776254
-0.03310887477442008
-0.0022957324914213498
-0.023273039282659114
-0.105238227026962
-0.01125805371636232
-0.02789507051262717
0.018423736569239693
0.0027594334776579327
0.0012415745223085736
0.014755883121429392
0.012833784463481851
-0.05364946957315793
0.009881984220570045
-0.03524471028257095
-0.00973854629810681
-0.036633183108256945
-0.018204335954813064
0.009993722826611678
0.01766628459683984
0.08479602303210697
-0.02572334394317345
-0.06099746564492796
-0.0014054163610469142
-0.11408346897640458
-0.006413564047940464
0.030266491069280893
-0.05293188163918965
0.1414733063851003
0.003094964171764969
-0.0030985812995042716
-1.249000902703301e-16
-0.14147330638510036
0.003094964171764969
0.030266491069281032
0.05293188163918955
0.11408346897640503
-0.006413564047940568
-0.06099746564492773
0.0014054163610470079
-0.0847960230321063
-0.025723343943173264
0.009993722826611526
-0.01766628459683985
0.036633183108256445
-0.018204335954813022
-0.035244710282570896
0.009738546298107255
0.05364946957315782
0.009881984220569962
0.01475588312142894
-0.012833784463481612
-0.002759433477657903
0.0012415745223083655
-0.027895070512627393
-0.01842373656923949
0.10523822702696159
-0.011258053716361793
-0.0022957324914210445
0.023273039282658753
0.023456472930775962
-0.03310887477442012
-0.03698564083453634
0.025570526234811042
-0.27925870659108587
0.008571928791848593
-0.05186705761178255
-0.08713576791201685
0.04133952486646734
0.006754541530668359
0.05402947121460434
-0.06172149854185148
0.028713458516736658
0.019204503771508646
0.04411445164104727
0.007290984371426085
-0.03734732918875626
-0.009245496194528677
0.014024721331760387
-0.010563433258688297
-0.010211313076234593
0.010708757751911921
0.03998798563411061
-0.0034030057035367833
-0.039422730033391765
0.042612872356029785
0.0681633451161394
-0.01885372946269412
-0.00014168000820481697
0.018644237375588457
0.031900822335435286
-0.015210792869902429
-0.004549981441993645
0.026113420662899303
0.11313751745266268
-0.011345389438424659
0.00017190934408031766
0.022175414025846343
-0.04578287073540614
-0.014191087259694875
0.07952844909186832
-0.02296191667441086
-0.08916111918225504
2.220446049250313e-16
-0.07952844909186824
-0.022961916674410734
-0.04578287073540638
0.014191087259695173
-0.00017190934408026215
0.022175414025846163
0.11313751745266268
0.011345389438425002
0.004549981441993811
0.02611342066289936
0.03190082233543484
0.015210792869902762
0.00014168000820477533
0.018644237375588665
0.0681633451161393
0.018853729462694428
0.03942273003339147
0.04261287235602981
0.03998798563411049
0.003403005703537035
0.010211313076234631
0.0107087577519119
0.014024721331760671
0.010563433258688401
0.037347329188756107
-0.00924549619452844
0.04411445164104713
-0.007290984371426092
-0.028713458516736262
0.019204503771508896
0.054029471214604316
0.06172149854185159
-0.04133952486646706
0.006754541530668123
-0.05186705761178216
0.08713576791201656
