54.98696892412449
2.4456243477260648e-15
-7.0028838854789015
1.7280041303568225
-3.1332353073241563
1.0182138864422765e-15
7.002883885478908
1.728004130356821
-6.575491604743869
0.03635911137466542
0.7001303785483155
0.3083830924101162
-0.15926799000186298
7.723689483910572e-17
-0.7001303785483175
0.3083830924101139
-6.575491604743872
-0.03635911137466462
0.26277437830314176
0.43780466906963933
0.7489493408983613
0.2001826895900698
0.18632418689115857
-0.5714899361506304
-1.953391031163163
-3.717687051505947e-16
-0.18632418689116348
-0.5714899361506283
0.7489493408983592
-0.20018268959007027
-0.2627743783031384
0.4378046690696386
-0.03285487497508177
-0.19586564155226813
-0.4684931233204399
0.2797406076132432
-1.284567439580871
-0.34855612901160776
0.24868481052778346
-0.18369807511864222
-2.589229860149304
3.8731963610838394e-15
-0.2486848105277778
-0.1836980751186392
-1.284567439580865
0.34855612901160227
0.46849312332044213
0.2797406076132397
-0.0328548749750881
0.19586564155226457
0.5007509435809564
0.5343830987758065
-0.044977473953589975
-0.04334941862260554
0.08903415192627553
-0.6563074820937362
0.2356991111258322
-0.33588015613185035
1.4643092956267028
0.12859215302308563
1.1723141801794776
5.147110250402673e-16
-1.4643092956267014
0.12859215302308155
0.23569911112583686
0.33588015613184985
-0.08903415192628117
-0.6563074820937349
-0.044977473953587366
0.043349418622607966
-0.5007509435809576
0.5343830987758069
0.9408420171155254
-0.7334756551805589
-0.30304545042115627
0.11629223955852921
0.32728550751357555
0.259527292164873
0.22844036458857545
-0.505903227687402
1.1481715608940788
0.2666942141581336
-0.03424062609088907
0.1715879076016287
-0.05286930595523032
-1.1171619185290638e-15
0.034240626090888376
0.171587907601629
1.148171560894079
-0.26669421415813377
-0.22844036458857625
-0.5059032276874018
0.3272855075135782
-0.2595272921648725
0.3030454504211557
0.11629223955852946
0.940842017115525
0.7334756551805548
-1.0424818912154006
0.3510563731635201
-0.17562949212324805
-0.21405863816580645
0.5244387719081242
0.22446803457019893
0.4042631684153853
0.06236637001347545
-0.7480007439703116
0.1679733733611421
-0.16810791262207003
0.40489718815848336
0.03627895039421841
-0.16796517486132523
-0.07830886771920625
-3.885780586188048e-16
-0.036278950394218246
-0.16796517486132334
-0.16810791262207012
-0.4048971881584834
0.7480007439703092
0.1679733733611396
0.40426316841538734
-0.06236637001347611
-0.5244387719081246
0.22446803457019904
-0.17562949212324708
0.21405863816580584
1.0424818912153977
0.3510563731635219
-0.4982385515975107
-0.12498688088121959
0.15156005812563011
-0.055638472716237175
0.20958989309393572
0.021261561195493463
-0.1190213229200372
0.21836274443724976
-0.21752902217852846
0.024374965010423466
0.14179384599953396
0.1541168597905765
0.4787829867550909
-0.15259363199104709
-0.6964152278306082
-0.3356829737628909
0.5530743065611274
6.106226635438361e-16
0.6964152278306066
-0.3356829737628908
0.4787829867550905
0.1525936319910445
-0.14179384599953435
0.1541168597905766
-0.21752902217852993
-0.024374965010420968
0.11902132292003575
0.2183627444372492
0.20958989309393738
-0.021261561195493342
-0.15156005812563067
-0.055638472716236564
-0.4982385515975092
0.12498688088121818
0.27145193008779966
-0.04098757889387267
0.05708589321043894
0.0386717860533493
-0.4943027712495198
-0.03926554621246381
-0.178474269870684
0.03719958614855043
0.026947710542722048
-0.11225253498689729
-0.2538255641202309
0.08651924464884875
0.04385613771476195
0.12650943258522285
-0.06497143276030046
-0.31699152781970397
-0.1807361310161421
0.08099836430445694
-0.09254125933110285
-2.3592239273284576e-16
0.18073613101614178
0.08099836430445369
-0.06497143276030021
0.31699152781970397
-0.04385613771476318
0.12650943258522535
-0.2538255641202304
-0.08651924464884861
-0.02694771054272066
-0.11225253498689874
-0.1784742698706841
-0.03719958614854901
0.49430277124952043
-0.03926554621246314
0.05708589321043801
-0.03867178605334895
-0.27145193008780333
-0.04098757889387328
0.014734706076016374
0.1842540506716128
-0.11539025445635623
0.05374415338311836
-0.19957402428422666
-0.14141367190594947
0.16279169105651112
-0.03025414350150943
0.009573289172497126
-0.04305476960420235
-0.24424304867304064
-0.14632416262892256
-0.13505957289488257
-0.04138703546169331
0.21895958298594798
0.03217823730787844
-0.3374851588541289
0.08852402686708935
0.3616541775069412
0.24832173183517403
-0.29429596236937483
-3.608224830031759e-16
-0.3616541775069415
0.24832173183517336
-0.3374851588541296
-0.08852402686709032
-0.21895958298594898
0.03217823730787904
-0.13505957289488202
0.041387035461692534
0.244243048673042
-0.1463241626289232
0.00957328917249764
0.043054769604203236
-0.1627916910565102
-0.030254143501509234
-0.1995740242842254
0.14141367190594728
0.11539025445635545
0.05374415338311958
0.014734706076017012
-0.184254050671611
-0.001433579401499352
-0.19453352377975436
-0.05749640043596388
-0.027126155451177567
0.199544922906022
-0.06030000342254016
0.0722204085022702
-0.009600249766101784
0.2141991897290379
-0.04396412394528665
-0.013141413175378092
-0.09767442179138916
-0.1755834691284932
0.03652253528208775
0.2342967108380021
-0.07191210213791743
0.27916266692613084
-0.03913984070939125
-0.022317702818733465
0.22526086423964128
-0.1741268064828949
0.006619865179341711
0.03289674258239703
-5.551115123125783e-16
0.17412680648289533
0.0066198651793416
-0.022317702818734797
-0.2252608642396423
-0.27916266692613073
-0.039139840709391416
0.23429671083800235
0.07191210213791857
0.1755834691284922
0.03652253528208846
-0.01314141317537898
0.09767442179138841
-0.2141991897290374
-0.043964123945287675
0.0722204085022704
0.009600249766100605
-0.19954492290602371
-0.06030000342253852
-0.05749640043596438
0.027126155451176276
0.0014335794014994907
-0.19453352377975386
0.13550367945931735
-0.12505267115915422
-0.06276230283630939
-0.09095873847910935
0.16743577064194912
0.08350780427475112
-0.09346560364560708
-0.02418980347546157
-0.06989183251524099
0.11973768988514752
0.2116287160883633
-0.05386201284423692
-0.03917328026161343
0.014992520366770758
0.06981282440291481
0.20695677752680736
-0.080582468628829
-0.037420785530168255
-0.3025600014111166
0.027035470359857608
-0.014416358891531533
-0.02420538627410343
-0.003245313375808384
-0.006184055840055588
-0.06608497466036703
-2.7755575615628914e-16
0.0032453133758075237
-0.006184055840056157
-0.014416358891531839
0.02420538627410418
0.3025600014111166
0.02703547035985719
-0.08058246862883034
0.03742078553016842
-0.06981282440291489
0.20695677752680836
-0.03917328026161254
-0.01499252036677054
-0.21162871608836192
-0.053862012844236515
-0.06989183251523999
-0.11973768988514782
0.09346560364560746
-0.02418980347546279
0.16743577064195075
-0.0835078042747523
0.06276230283630908
-0.09095873847910826
0.1355036794593163
0.12505267115915408
-0.5616437700466979
-0.033414433504187824
0.0806526640256094
0.0014450433218596292
0.15132692510059484
0.0779676774494019
0.08211492941991483
-0.0329903347962367
-0.13686078563669266
0.02214660459192047
0.12200188971938529
0.11881959362362988
0.17051942151911278
-0.026957509237721555
-0.08776638017892993
0.04250293379837686
-0.06277507318393177
-0.03372402978671517
-0.014730427793496585
-0.06070580797381969
0.04321586045312582
-0.04341638623541755
0.061961410117023503
-0.16214691842440576
0.024826682781607268
0.022712390584076092
0.2528261888365696
-1.0547118733938987e-15
-0.024826682781607795
0.022712390584077292
0.061961410117023656
0.16214691842440548
-0.043215860453125435
-0.0434163862354191
-0.014730427793497328
0.060705807973820164
0.06277507318393327
-0.03372402978671388
-0.08776638017893026
-0.042502933798377225
-0.1705194215191131
-0.02695750923772272
0.12200188971938475
-0.11881959362362893
0.13686078563669274
0.022146604591922088
0.08211492941991477
0.0329903347962375
-0.1513269251005964
0.07796767744940136
0.08065266402560839
-0.0014450433218606284
0.5616437700466985
-0.03341443350418627
0.2629615335999445
-0.05630378364989849
-0.07192646196840417
0.02706554423415017
-0.07752298090491339
-0.01691375056128395
-0.05962617072583251
0.01347001201964615
0.03539016668166636
-0.02044424499970532
-0.05829607783564619
0.07648558470055804
0.034779088464828745
-0.027871045366582928
-0.2207913029551945
0.013844069046515806
0.05030350582941431
0.06573941399638907
0.14657346159227772
-0.15313568955411966
0.10696544234447039
-0.03096607045731889
0.022902029237113944
-0.03141659811252473
0.09043720710133984
0.02832776588391498
0.027988056673324768
-0.0061802768940701636
0.09841630953377445
6.453171330633722e-16
-0.0279880566733256
-0.006180276894068887
0.09043720710134012
-0.028327765883916445
-0.022902029237113763
-0.031416598112524674
0.10696544234447042
0.0309660704573205
-0.14657346159227785
-0.15313568955411871
0.05030350582941402
-0.06573941399639026
0.2207913029551941
0.013844069046515917
0.034779088464828356
0.027871045366583497
0.05829607783564622
0.07648558470055689
0.035390166681666155
0.020444244999703487
0.05962617072583207
0.013470012019645927
-0.07752298090491189
0.016913750561284913
0.07192646196840417
0.027065544234152028
0.26296153359994345
0.056303783649897216
-0.0625089286953156
0.02528668745581364
-0.03395494580979164
-0.006761648901686124
-0.27007922784317223
-0.030091495717488072
0.0517413731426592
0.012757346058470134
0.09414290765569705
0.0008374642475655197
-0.10690435175592512
-0.04331801817681517
-0.08288466191538635
0.013995224371502246
-0.021352823319778835
-0.10534348812841794
-0.06274925471398429
0.04797587107684828
0.04217517383956371
-0.02892359538430163
0.048639056752781615
0.004895357768164299
0.010165633745366137
0.1322962792700497
-0.05996032555569708
0.06429459094003012
-0.16440244046870878
0.03836524739215719
-0.031646573870844824
-0.016344373427897213
-0.2554595237307006
4.996003610813204e-16
0.03164657387084496
-0.016344373427897435
-0.16440244046870767
-0.03836524739215741
0.05996032555569644
0.06429459094003154
0.010165633745364805
-0.13229627927004897
-0.048639056752781684
0.004895357768162606
0.04217517383956387
0.028923595384301976
0.06274925471398307
0.04797587107684881
-0.021352823319778058
0.10534348812841715
0.08288466191538585
0.013995224371500949
-0.10690435175592541
0.04331801817681474
-0.09414290765569705
0.0008374642475676985
0.0517413731426595
-0.012757346058469704
0.27007922784317095
-0.030091495717489022
-0.03395494580979233
0.006761648901685763
0.06250892869531664
0.0252866874558145
0.02678319718315353
-0.12208160357315953
-0.13360715745590077
0.0058096668311113375
0.12630387751101435
-0.025647320418876032
-0.022007620252951998
-0.03617011225441756
-0.05000015394127394
-0.0566065203046468
-0.0005916047173690833
-0.032825181306403634
-0.005274902798942771
0.03204043480975647
0.1933690529599489
-0.05193718519801699
0.01643479579287352
-0.06929549717777736
-0.09664102900212122
0.05078757331203037
-0.03991352728949632
-0.024951749173622667
0.023124653312719456
0.029446288217609917
0.025600797360569305
0.09103648663197707
-0.030147622258065776
0.012041245129256722
-0.10770293569115735
-0.05549846295204697
0.11547911169792419
-0.08738188299774588
0.058223661397676235
-8.326672684688674e-17
-0.11547911169792399
-0.08738188299774495
-0.1077029356911571
0.05549846295204827
0.03014762225806561
0.01204124512925639
0.025600797360568917
-0.09103648663197794
-0.023124653312719817
0.029446288217610195
-0.03991352728949505
0.024951749173623416
0.09664102900212113
0.0507875733120297
0.016434795792873658
0.06929549717777672
-0.19336905295994883
-0.05193718519801771
-0.005274902798942091
-0.03204043480975477
0.0005916047173687156
-0.03282518130640412
-0.05000015394127478
0.056606520304645
0.022007620252951193
-0.03617011225441705
0.12630387751101507
0.025647320418875925
0.1336071574559013
0.005809666831110116
0.02678319718315436
0.12208160357315812
0.014231080524488071
-0.13382457853352314
-0.07920842541201945
-0.08535285405579526
0.11286951793484867
0.024400569984318415
0.051178583847949155
-0.03341990063559523
0.00270845951944082
0.01138590858950042
0.08060521313203917
-0.03883116223963397
-0.0606114749669068
-0.021056712175643144
-0.047917236133003804
0.09693375029948487
0.06706749541452534
-0.005558252905169453
-0.04091726623677826
0.020095818001759885
-0.03803614559225066
-0.019235444367708552
-0.07211452916422523
0.013988349072158734
-0.029821004534123688
0.0429344893774502
-0.10884413785034974
-0.09919532175704711
-0.03919684821903073
-0.056891697227861734
0.03807249495832514
0.06612725482438767
0.11992151691359998
0.04345370299564422
-0.03239360620720236
3.608224830031759e-16
-0.11992151691359959
0.04345370299564402
0.03807249495832543
-0.06612725482438779
0.039196848219030384
-0.056891697227863
-0.10884413785034991
0.09919532175704712
0.02982100453412359
0.04293448937745137
-0.0721145291642253
-0.013988349072159872
0.03803614559225013
-0.01923544436770995
-0.040917266236777786
-0.02009581800176022
-0.06706749541452561
-0.005558252905168898
-0.04791723613300397
-0.09693375029948552
0.06061147496690644
-0.021056712175643727
0.08060521313203897
0.0388311622396344
-0.0027084595194397237
0.011385908589500948
0.05117858384794993
0.03341990063559428
-0.11286951793484834
0.02440056998431782
-0.0792084254120197
0.08535285405579626
-0.014231080524488127
-0.13382457853352217
-0.13726280654728698
-0.11301752215718358
-0.05752714640916917
-0.07517421275979977
0.09757615465162281
0.07584395999026862
-0.04480546164988303
0.020270381117660295
-0.06703310761019926
0.07633035267071632
0.18704498862441157
0.027793292659427066
0.04924644945396334
-0.054967249880564395
-0.07183029393440256
0.036689414584058916
-0.0828981952448894
0.06435950907927332
0.02679816319775266
-0.025993153702130678
0.06285719718800553
-0.011184281729600981
0.09791618222077295
-0.05246569070854834
-0.15448813833822042
-0.003782128808689146
-0.11410804584668885
0.03136820122350154
0.01797780558961428
-0.10457712571821046
0.12659645629640479
-0.013080565524963006
-0.07155287475250705
0.09162273266044238
-0.12796590702152477
0.10368434381870048
-0.0968693458106778
-1.6653345369377348e-16
0.12796590702152463
0.10368434381870029
-0.07155287475250632
-0.09162273266044309
-0.1265964562964034
-0.01308056552496377
0.017977805589614593
0.10457712571821057
0.11410804584668878
0.03136820122350217
-0.1544881383382201
0.003782128808688029
-0.09791618222077259
-0.05246569070854713
0.06285719718800455
0.01118428172960037
-0.026798163197752446
-0.025993153702130983
-0.0828981952448885
-0.0643595090792744
0.07183029393440243
0.036689414584058874
0.049246449453963864
0.0549672498805651
-0.18704498862441116
0.027793292659426996
-0.06703310761019887
-0.07633035267071636
0.04480546164988258
0.020270381117661718
0.09757615465162256
-0.07584395999026892
0.05752714640916942
-0.07517421275980068
-0.13726280654728473
0.11301752215718391
