50.82334605711411
-1.152567449413392e-15
1.4964496322656338
0.014389342381663246
-2.2272995706601426
-1.627151291868726e-15
-1.496449632265627
0.014389342381665114
1.3785144275043653
-0.07946205103605612
0.23888116121754066
-0.06233209603887561
13.136089641902998
6.331830685167451e-16
-0.23888116121753866
-0.06233209603887246
1.3785144275043806
0.07946205103605501
0.6811311378636257
0.09118179607309303
1.8083069745496774
0.12008957967682488
0.06568815440664777
0.1079529824676404
1.025158097363215
3.4867281552162016e-16
-0.06568815440665215
0.10795298246763772
1.808306974549678
-0.1200895796768231
-0.6811311378636373
0.09118179607309548
-1.903651461736426
0.0292270186858308
-0.06903640752782533
-0.17186737871584515
-0.7659245712839267
-0.08803199034980934
0.3097230732607751
-0.09047556475530284
-0.7469937748163678
7.284530149475349e-16
-0.30972307326078025
-0.09047556475530368
-0.7659245712839283
0.08803199034980873
0.0690364075278278
-0.17186737871584623
-1.903651461736439
-0.029227018685840413
-0.18297299002241918
-0.020992749744832017
-0.31264532913549553
-0.05255083833339508
0.44780886605554454
0.2188851210217201
1.201035649952295
-0.01606341757974666
-0.4837416816046488
-0.02252997093791413
1.5724194932760196
-4.824564701256022e-16
0.48374168160464626
-0.0225299709379129
1.201035649952292
0.016063417579745262
-0.4478088660555439
0.2188851210217187
-0.31264532913549725
0.05255083833339593
0.18297299002242268
-0.020992749744831635
-0.6084328620082109
0.03258486033297307
-0.008490648951635635
0.043186423774263245
-0.8188274158798186
0.04810025275070817
-0.07558777843872966
-0.2293408404771106
0.09318440412184481
0.12575179406096945
0.21326248170372739
0.13338335725271172
-2.1645492264912845
-1.5265566588595902e-16
-0.21326248170372547
0.1333833572527142
0.09318440412184409
-0.1257517940609696
0.07558777843872846
-0.22934084047711215
-0.8188274158798174
-0.0481002527507071
0.008490648951636787
0.04318642377426343
-0.6084328620082154
-0.032584860332973455
-0.32410893394516893
-0.0037204744363534686
-0.30375291853458697
-0.0747807886834705
-0.08632730781545891
-0.05175272005788208
-0.4624644525599969
-0.0018867567872994859
0.2382853321142432
0.23876735504287822
-0.47817122385398514
-0.17685502405815479
-0.45995714267177235
-0.13784731183498108
-0.8166142485575494
3.2656169435263394e-16
0.4599571426717751
-0.13784731183498
-0.47817122385398503
0.17685502405815579
-0.2382853321142422
0.23876735504287794
-0.4624644525599942
0.0018867567872995067
0.08632730781545978
-0.051752720057884255
-0.30375291853458913
0.07478078868347059
0.3241089339451671
-0.00372047443635457
0.27989141375872373
-0.03127783549652306
0.02223904834561065
-0.0014554613764674873
-0.056177629594495904
0.11403532862379619
-0.02305858804049893
0.02904070580145232
-0.4162764512347592
-0.07234379739218907
-0.04892432870435115
-0.24929273947924477
0.3547298138400475
0.1370949736590514
0.08224306274203247
-0.0221128504481089
-0.3774851078495759
4.996003610813204e-16
-0.08224306274203175
-0.022112850448108984
0.35472981384004787
-0.13709497365905138
0.04892432870435137
-0.24929273947924446
-0.4162764512347593
0.07234379739218938
0.02305858804049843
0.029040705801451926
-0.056177629594494044
-0.11403532862379602
-0.02223904834561094
-0.0014554613764659642
0.27989141375872606
0.03127783549652392
-0.012912749072958779
0.008241719531945354
0.2047425787080132
0.07484605886746026
-0.2441838222899713
0.018527384911876693
-0.43874369248094014
-0.13080185324147822
-0.023744804981859713
0.019803784726385915
-0.2278671126946401
0.1362718745808056
0.07672649729649397
0.23471430959187362
-0.25574968345727794
-0.0531917115033923
-0.1494282071395091
0.20475459405512458
-0.821695176199154
-2.0816681711721685e-16
0.14942820713950894
0.2047545940551243
-0.2557496834572789
0.053191711503392136
-0.07672649729649483
0.23471430959187356
-0.22786711269463944
-0.13627187458080584
0.023744804981859602
0.019803784726387233
-0.4387436924809405
0.13080185324147842
0.24418382228997226
0.01852738491187821
0.2047425787080138
-0.07484605886746044
0.012912749072959334
0.008241719531945454
0.3344552062070694
0.0047146918758454864
-0.0019332073899583219
-0.016239062806085718
-0.06477330051774627
-0.11420170044036004
0.02963244322033534
-0.03661695715358784
-0.026378579577633662
0.11854268752143482
0.0015311363985164306
-0.06899509901200832
-0.21176377719398617
-0.15064237699972077
-0.0721963215774975
-0.12703597695719462
-0.4097537281674394
-0.0157850329022923
-0.00024803450537305705
-0.24229620573349805
-0.11233047890774825
-4.0245584642661925e-16
0.00024803450537286276
-0.24229620573349941
-0.4097537281674387
0.01578503290229183
0.07219632157749789
-0.1270359769571952
-0.21176377719398712
0.15064237699972072
-0.0015311363985170967
-0.06899509901200881
-0.026378579577633218
-0.11854268752143442
-0.029632443220334315
-0.03661695715358784
-0.06477330051774544
0.11420170044036068
0.0019332073899594737
-0.016239062806085745
0.33445520620706914
-0.004714691875846291
0.1815209894307485
-0.0007919663625418909
0.006886381992014022
-0.011128910627165471
-0.010985981720313336
0.01929034107814763
0.3559402594431975
0.12489174089516028
-0.16508259448915666
0.032337359981416
-0.14958017216110372
-0.08850366808116947
0.0006289296697319507
0.08018992206406894
-0.08123286041754554
0.11351725852167648
0.0044763961698919
-0.051562770410166006
0.07936929087377392
0.028173973484649048
0.09961645600320465
0.06385635777409125
0.006173575804780951
-1.97758476261356e-16
-0.09961645600320496
0.0638563577740913
0.07936929087377292
-0.028173973484649575
-0.004476396169891206
-0.05156277041016605
-0.08123286041754559
-0.11351725852167709
-0.0006289296697318467
0.08018992206406853
-0.1495801721611028
0.08850366808116958
0.16508259448915613
0.03233735998141657
0.35594025944319707
-0.12489174089516025
0.010985981720313662
0.01929034107814749
0.006886381992013878
0.011128910627164805
-0.18152098943075046
-0.0007919663625416849
-0.027295880908562636
0.009091802650429671
-0.0163443710639872
0.005041991553066656
0.21754537258512296
0.013257360775927332
0.002741013735633041
-0.01274561067262564
-0.08130188470574376
-0.09191094805953466
-0.034485458615814174
0.0026597965527845324
-0.1540899596973624
0.054021369790392626
0.04010404432002698
-0.0463555194454915
0.11008220422929908
-0.04966887083649566
-0.08786002579855832
0.227009997143545
-0.12181314210680062
0.00021351721772885565
0.02046952135244634
0.198827256278331
0.33254251671795887
3.608224830031759e-16
-0.020469521352446146
0.19882725627833184
-0.1218131421068012
-0.00021351721772853993
0.08786002579855809
0.22700999714354492
0.11008220422929921
0.0496688708364957
-0.04010404432002668
-0.04635551944549096
-0.15408995969736297
-0.05402136979039376
0.03448545861581365
0.002659796552785018
-0.08130188470574355
0.09191094805953459
-0.0027410137356326525
-0.01274561067262537
0.2175453725851229
-0.01325736077592822
0.016344371063987825
0.005041991553067424
-0.027295880908561998
-0.009091802650430594
0.06497339051003492
-0.002366021028267176
-0.06986682054503193
-0.025433634758320917
0.15363913802416487
-0.014020918345008952
0.0338484313360777
-0.0053495184306220495
-0.02643727322357857
0.004587239792653623
0.14898680294893868
0.03081649536198315
-0.031829799291702085
-0.05205716002974964
-0.01818787356769644
-0.025635280671216384
0.015404623028903636
-0.003423984672061356
-0.03488443669043087
0.01223287640305444
-0.01865787563174709
-0.25077432633008234
-0.1995944057936271
-0.016502565854243062
0.10931742735957484
-0.2676465672632039
0.03745396238225379
1.8041124150158794e-16
-0.10931742735957517
-0.2676465672632035
-0.1995944057936271
0.01650256585424309
0.018657875631747006
-0.2507743263300816
-0.03488443669043065
-0.012232876403054205
-0.015404623028903913
-0.0034239846720609535
-0.0181878735676968
0.025635280671216287
0.031829799291702335
-0.05205716002974986
0.14898680294893893
-0.03081649536198275
0.02643727322357784
0.004587239792653894
0.03384843133607599
0.005349518430621827
-0.15363913802416465
-0.01402091834500865
-0.06986682054503066
0.025433634758320802
-0.06497339051003503
-0.0023660210282670582
-0.17012539256257767
-0.005209270569999924
0.015589166412822418
0.0020133183002711613
0.08363923218196805
0.04664346573982104
-0.0408197222600102
0.023352761281437713
0.1382217473473526
-0.015400356036883625
0.03059749609364839
-0.008127119831942618
0.1397472219328518
0.022587474105224922
-0.07526787842820484
0.062193729362105876
0.025084705954092568
0.0010139253779939336
0.04487781301720628
0.022047429697545667
0.17572733464750848
0.0006159771909019784
-0.06366912464925371
0.10647693805418793
0.11724021351961428
0.004811493810022799
0.07752657563192172
0.09986629010658071
0.2598374563011112
2.636779683484747e-16
-0.07752657563192178
0.09986629010658118
0.11724021351961472
-0.004811493810022605
0.06366912464925355
0.10647693805418765
0.17572733464750853
-0.0006159771909015621
-0.04487781301720628
0.022047429697545223
0.025084705954092512
-0.0010139253779937948
0.07526787842820494
0.06219372936210579
0.13974722193285188
-0.02258747410522443
-0.030597496093648216
-0.008127119831942555
0.13822174734735265
0.01540035603688411
0.04081972226001013
0.02335276128143753
0.08363923218196813
-0.04664346573982074
-0.015589166412822823
0.0020133183002712454
-0.17012539256257708
0.005209270570000625
-0.09897188154394691
8.749551934400523e-05
0.02733759579373045
0.01933181723528168
0.02716633215011019
-0.00037770569125982617
-0.19086532406578688
-0.07541679945089634
0.16059338589627317
-0.02157483812107011
0.08541882226271746
0.04788518289424326
-0.08304895963173939
0.04091058738010235
0.018850064335693473
-0.0421375757127421
-0.0010104310758362045
-0.02100333418865058
-0.0749751602543898
0.01583185567763081
-0.008087383042374004
0.030441440285082805
0.1599219846907007
0.02114821088701148
-0.021178056178154547
0.15426741984947379
0.13324379629691685
0.03930351104168572
-0.005327825162217439
0.28097908141260486
0.4930912680858293
2.3592239273284576e-16
0.005327825162216693
0.2809790814126048
0.13324379629691677
-0.03930351104168565
0.021178056178154797
0.15426741984947362
0.15992198469070018
-0.021148210887011146
0.008087383042374233
0.030441440285082916
-0.07497516025438991
-0.015831855677630527
0.001010431075835455
-0.02100333418865019
0.018850064335693806
0.04213757571274254
0.08304895963173943
0.04091058738010267
0.0854188222627182
-0.04788518289424283
-0.16059338589627242
-0.02157483812106925
-0.19086532406578635
0.07541679945089728
-0.027166332150110675
-0.0003777056912597776
0.02733759579373003
-0.0193318172352819
0.0989718815439471
8.74955193433391e-05
-0.04107492029062068
-0.00270190582191843
-0.009356998340256113
0.0007739971514782781
-0.16866836410196048
-0.0333467698096204
0.05303409485732815
-0.01283271884082303
0.17149555416455212
0.08453544073979194
-0.02461813649526133
0.003645476451646007
0.080466169231725
-0.07426340112879248
0.05559720525603548
-0.08251224049727035
0.07066892402533081
0.03474080311889642
0.008568739704167744
-0.08796452297319335
0.0784075717494226
-0.027855828435638573
0.06748006691211882
-0.08935011858220578
0.034323276200228625
0.017546527479148644
0.0049172211405779515
-0.2679558797582555
-0.08560036793526256
-0.03258062630462541
0.059157596032807874
-0.37670918586514834
-0.23278672649236748
2.185751579730777e-16
-0.05915759603280822
-0.37670918586514834
-0.08560036793526268
0.032580626304625826
-0.004917221140577771
-0.26795587975825585
0.03432327620022861
-0.01754652747914834
-0.06748006691211828
-0.08935011858220508
0.07840757174942298
0.027855828435638295
-0.008568739704167161
-0.0879645229731941
0.07066892402533037
-0.03474080311889684
-0.055597205256035176
-0.08251224049727027
0.08046616923172548
0.07426340112879258
0.02461813649526126
0.0036454764516458543
0.1714955541645524
-0.08453544073979237
-0.053034094857327796
-0.012832718840823376
-0.16866836410196065
0.03334676980961999
0.009356998340256648
0.0007739971514787716
-0.04107492029062043
0.002701905821917726
-0.09154312574645997
0.005993599492883711
0.04984003743181264
0.01299149902312972
-0.07650690572324503
-0.0037179467914132992
0.054226168852104906
0.0372834742012495
0.027412827607140533
0.011164121793425158
-0.21142347743722234
-0.06862225797049365
0.10426299120936654
0.049543630893954985
0.1127238988922582
0.07513102195930241
-0.01729877728163942
0.0775872188525674
0.03155785058226594
-0.029776430361550643
0.009170168140605867
0.1660063110608731
0.18865945111205928
0.012564039880502226
0.010938288372019808
0.013960353353827337
0.07792546082383495
-0.1282225676130242
0.028073478358068036
0.052502232790582457
0.18269568173914694
-0.0390233538111992
-0.047154676134822326
-0.04132351711581139
-0.02515636983678271
-2.0122792321330962e-16
0.047154676134822576
-0.041323517115811115
0.18269568173914758
0.039023353811199424
-0.028073478358067963
0.052502232790582776
0.07792546082383517
0.12822256761302472
-0.010938288372019461
0.01396035335382749
0.18865945111205915
-0.012564039880501823
-0.00917016814060577
0.1660063110608736
0.03155785058226596
0.0297764303615511
0.017298777281639588
0.07758721885256734
0.11272389889225859
-0.07513102195930246
-0.1042629912093664
0.049543630893954055
-0.2114234774372235
0.06862225797049368
-0.027412827607140117
0.011164121793424742
0.05422616885210489
-0.03728347420124981
0.07650690572324478
-0.003717946791413261
0.04984003743181242
-0.012991499023129224
0.0915431257464602
0.005993599492883379
0.1165769548025195
0.008957596356844358
-0.015073643870608033
-0.018502668317099364
-0.12366722787400874
-0.029439129673573275
0.005255063904983481
0.012950458787042669
-0.18061757770049292
-0.010587391838289002
-0.021876531962669615
0.007617009094522426
0.10519826289373453
0.02630684111863027
0.04425504585835169
-0.06755206071645226
0.055680891120767934
-0.036866844107736746
-0.053792218921010736
-0.01868238415494443
0.0759713566044799
0.02302626381406675
0.031456271553674364
-0.10562678132586074
-0.037742126408481236
0.005920471781143938
-0.08064085090539032
0.07432014497003137
0.09894185315732762
0.13858453304515095
0.022663507823176304
0.13301046696377888
0.12759984815410197
0.07017506635558521
-0.10042837877453022
0.31553303757699885
0.221020644410737
6.938893903907228e-17
0.10042837877452977
0.31553303757699847
0.12759984815410166
-0.07017506635558526
-0.02266350782317697
0.1330104669637789
0.09894185315732756
-0.13858453304515161
0.08064085090539053
0.07432014497003175
-0.037742126408481236
-0.005920471781143993
-0.03145627155367445
-0.10562678132586008
0.07597135660447993
-0.023026263814066646
0.05379221892101073
-0.01868238415494402
0.05568089112076797
0.03686684410773697
-0.04425504585835143
-0.06755206071645259
0.10519826289373424
-0.026306841118630422
0.02187653196267003
0.0076170090945220925
-0.18061757770049244
0.010587391838288177
-0.00525506390498362
0.012950458787042332
-0.1236672278740089
0.029439129673572956
0.015073643870608649
-0.018502668317099458
0.11657695480251871
-0.00895759635684415
