32.76995524137651
-6.670296930858226e-16
-0.49175851812139193
1.3194060143201711
2.316906997196846
-1.4205202298153517e-15
0.4917585181213908
1.3194060143201678
0.07115065658603048
-0.7640231253602998
0.6927152446017621
0.21431206366073793
-2.6497162028024426
-1.842926298921007e-16
-0.6927152446017639
0.21431206366073868
0.07115065658603714
0.7640231253603017
0.3204936681322441
0.4774729815463078
-0.031631799450420814
0.1853498885649132
0.7526042879604463
0.4198501307926501
1.369157735843644
5.980801988333759e-16
-0.7526042879604485
0.4198501307926454
-0.03163179945042191
-0.18534988856491527
-0.320493668132246
0.4774729815463101
-0.21364454237193625
-0.2804576942169981
0.07215685251582785
0.040254827183231486
-2.674156985722181
-0.521366429125494
0.6063035314155001
0.11622690802133949
2.9457574677876712
-3.3030211259790225e-16
-0.6063035314155019
0.11622690802133973
-2.674156985722182
0.5213664291254919
-0.0721568525158271
0.04025482718323166
-0.21364454237193936
0.28045769421699734
0.627178701465495
0.4015297411186374
0.019163827612035333
0.027431216166651635
0.8106467561499904
0.8812272514996863
-0.054665168163209044
0.17298008299203935
0.6517304982458477
-0.6514929329760686
0.14625796591696344
1.5345781044019556e-16
-0.6517304982458458
-0.6514929329760705
-0.054665168163206435
-0.17298008299204048
-0.8106467561499889
0.8812272514996875
0.019163827612034612
-0.02743121616665215
-0.6271787014654914
0.40152974111863726
-0.5708096306576003
0.23424906209810145
-0.12067551893897117
-0.022261943609634502
0.31712543843075913
-0.3877328753443736
0.12046756629254926
0.026939132806028165
1.533729043953926
0.7143732927318618
0.280010633727486
0.021050013425425895
-2.2249613726900948
5.273559366969494e-16
-0.2800106337274866
0.02105001342542663
1.533729043953924
-0.7143732927318618
-0.12046756629254875
0.026939132806027388
0.3171254384307568
0.38773287534437284
0.12067551893896977
-0.022261943609635293
-0.5708096306575997
-0.2342490620981032
0.4425914509244741
-0.15869293434275894
-0.12508488777956372
-0.07192168036470922
0.8447769473848392
0.34535526416679924
0.11834749882589003
-0.005190305304873966
-0.15213819430903597
-0.21701226726566805
0.11384072287417851
0.11070630419147158
0.34213850195477713
0.3474562121830188
-0.03900439336674405
1.942890293094024e-16
-0.34213850195477585
0.3474562121830198
0.11384072287417873
-0.11070630419147101
0.15213819430903636
-0.21701226726566872
0.11834749882589002
0.00519030530487357
-0.8447769473848376
0.34535526416679785
-0.12508488777956367
0.07192168036470917
-0.44259145092447494
-0.15869293434275825
-0.06760774137382151
0.30567001743489913
-0.0923580123586544
-0.1001140562689337
0.1457027698105327
0.2359021069848638
-0.10944965010338445
-0.03647960520307057
-0.6139633087125548
0.2579925284641661
0.059574750256810347
0.06672509934924398
0.12016135418219465
0.10751405229763747
0.248332702099342
0.09530596562075422
1.1605276318985072
6.938893903907228e-18
-0.24833270209934233
0.09530596562075522
0.12016135418219306
-0.1075140522976386
-0.05957475025681028
0.06672509934924356
-0.6139633087125568
-0.2579925284641665
0.10944965010338384
-0.036479605203070226
0.14570276981053332
-0.23590210698486339
0.09235801235865376
-0.1001140562689336
-0.06760774137382095
-0.3056700174349003
0.2675299836827014
-0.06454094345018369
-0.07139293764560771
-0.05951114141299699
0.36892147733481584
-0.2349535009174088
-0.14952129220857213
-0.13497320361608406
-0.14359794312087248
-0.2524320556261942
0.07662906505286035
-0.05233338033343013
0.11060371763964233
-0.09723441606522842
0.2855204273798228
0.10172461178466291
-0.08139885167600736
0.12113914406271858
-0.07224103407780014
2.1684043449710089e-16
0.08139885167600633
0.12113914406271833
0.285520427379823
-0.10172461178466272
-0.11060371763964288
-0.09723441606522881
0.0766290650528603
0.05233338033343109
0.14359794312087226
-0.25243205562619353
-0.14952129220857155
0.13497320361608392
-0.36892147733481473
-0.23495350091740924
-0.07139293764560764
0.05951114141299749
-0.2675299836827007
-0.0645409434501848
0.4578381156016264
0.3075280043262984
-0.04970982733800187
-0.05633447830726729
-0.42058333135492265
0.39329453692371164
-0.1326656623520232
-0.20578463619546836
-0.14285184940573042
0.10525628500949286
0.008720792265217603
-0.036560542609014646
0.015241497317731029
0.08661329648075042
-0.01264901743151886
0.07625738320223432
0.3329763977806282
-0.028883369330367947
0.1644913057935463
0.04685706433012983
-0.5800412814245766
-1.1102230246251565e-15
-0.16449130579354673
0.04685706433013028
0.332976397780627
0.02888336933036914
0.012649017431518292
0.07625738320223512
0.015241497317730036
-0.08661329648075171
-0.008720792265217076
-0.036560542609014424
-0.1428518494057304
-0.10525628500949233
0.13266566235202198
-0.2057846361954686
-0.42058333135492293
-0.3932945369237105
0.049709827338002
-0.05633447830726768
0.457838115601626
-0.3075280043262979
0.07229393450928343
0.1507350170040555
-0.024071322940221906
-0.027987917775828985
0.2336977333245043
-0.111977979477353
-0.13762042367355043
-0.14548501333945335
-0.05799874533702151
-0.19917822174011773
0.0031111187410456514
-0.11060171105967355
-0.1033266969936027
-0.1885475154331953
-0.11854843256736082
-0.020735461977134793
-0.18667064891881865
0.02307850433956067
0.13494393683567882
0.014246752397337747
0.3108916330407354
-0.1325753131295217
-0.20555664023864817
-9.71445146547012e-17
-0.3108916330407369
-0.13257531312952164
0.13494393683567815
-0.014246752397338802
0.1866706489188196
0.023078504339559977
-0.1185484325673608
0.020735461977135272
0.10332669699360303
-0.18854751543319548
0.0031111187410456723
0.11060171105967287
0.05799874533702171
-0.19917822174011734
-0.13762042367354943
0.1454850133394533
-0.23369773332450353
-0.11197797947735304
-0.024071322940221407
0.027987917775829457
-0.07229393450928337
0.15073501700405614
0.15262732713794397
0.27124597549923984
-0.049459589853167604
-0.03883174234928238
0.23605957437444072
0.5881714294166062
-0.07927878332214217
-0.16161501499325187
-0.2218422264723479
0.15815771661286154
-0.032576121282537375
-0.16413179277339512
0.2717602959179559
0.04732958203258472
-0.00549584245662299
-0.026842961540786914
0.07790110000647274
-0.13123675968994788
-0.019209810223482705
-0.05161824470751776
-0.1409585815763931
-0.0048485726878422925
0.039793595495156237
-0.11301163699698512
-0.33568594781804195
-1.8735013540549517e-16
-0.039793595495156826
-0.1130116369969849
-0.1409585815763936
0.00484857268784232
0.019209810223482948
-0.05161824470751689
0.0779011000064728
0.13123675968994647
0.0054958424566235245
-0.026842961540787358
0.271760295917956
-0.04732958203258425
0.03257612128253713
-0.16413179277339493
-0.22184222647234875
-0.15815771661286215
0.07927878332214094
-0.16161501499325137
0.23605957437444014
-0.5881714294166052
0.04945958985316787
-0.038831742349282224
0.15262732713794436
-0.2712459754992393
-0.04596497716287773
0.05855317193634625
-0.03706168464182309
-0.03449994126355212
0.10009270131222822
0.11827732201789615
-0.011616808966438352
-0.09812113673259001
0.04046446434812814
-0.10031458768911147
-0.09802368706315469
-0.12171956249398598
-0.20516667393060525
-0.05847581130252222
0.04235661532238395
-0.052069317148015985
-0.03111529232381829
-0.009735436959027233
-0.11771187508429432
-0.03512608669207162
-0.021106974108511187
0.020991761303190387
-0.055735159328277356
-0.04984528261992372
-0.031522515236777356
-0.040090142988609995
-0.15743965345278615
4.996003610813204e-16
0.031522515236777834
-0.040090142988610245
-0.05573515932827655
0.04984528261992337
0.021106974108510396
0.020991761303190262
-0.11771187508429364
0.03512608669207202
0.031115292323818093
-0.009735436959027371
0.04235661532238405
0.05206931714801639
0.20516667393060564
-0.058475811302521996
-0.0980236870631553
0.12171956249398538
-0.040464464348127324
-0.10031458768911124
-0.01161680896643845
0.09812113673259115
-0.10009270131222725
0.11827732201789623
-0.0370616846418233
0.034499941263552145
0.04596497716287826
0.05855317193634575
0.05442573852838127
0.19105208122817344
-0.03837584540220472
-0.06075747101276391
0.07278958533297758
0.6093929429946618
-0.0786917311309822
-0.10757463883272628
0.11016214291470273
0.4096420526084466
-0.017227721336999367
-0.15088411913609645
0.14765035610766883
0.03246070111987025
0.014633349832702154
-0.03883524897851991
-0.07564512410608247
-0.0792772411696038
-0.023330764473460972
-0.03936566999578972
-0.10451119271964483
-0.15000705602400302
-0.05178690435893685
-0.07955729688530751
-0.12236068673866965
-0.04433079363126391
0.05999545944284447
-0.1203977277488559
0.47465229965252337
3.3306690738754696e-16
-0.05999545944284454
-0.12039772774885668
-0.12236068673866915
0.04433079363126406
0.05178690435893657
-0.07955729688530755
-0.10451119271964447
0.15000705602400274
0.023330764473461617
-0.039365669995789304
-0.07564512410608294
0.07927724116960436
-0.014633349832702841
-0.0388352489785199
0.14765035610766797
-0.03246070111986994
0.017227721336998708
-0.1508841191360955
0.11016214291470167
-0.40964205260844694
0.07869173113098239
-0.10757463883272593
0.07278958533297766
-0.6093929429946623
0.0383758454022051
-0.06075747101276395
0.054425738528381305
-0.19105208122817394
0.01742019129905406
0.15280473664495395
-0.019797722894545157
-0.03721743574260399
-0.03543797230036255
0.07174204147996169
-0.07084007557353181
-0.07661531582107063
-0.014691412741175254
-0.02415175590635968
0.055639854741416056
-0.10582288334997479
-0.14376827014025303
-0.0008308418478749045
-0.03455309976904608
-0.02580078879054623
-0.01740814447547477
-0.022269901965139303
-0.03077135403064183
-0.021166005470062144
-0.02845423777713489
0.018515833704381923
0.022204848130138927
-0.08184668672892044
-0.006513909714597754
-0.029117768386342835
-0.023625306284696557
-0.019829246647555126
0.06629904258625258
-0.09153612246365612
-0.019699006817063602
-1.3877787807814457e-16
-0.06629904258625179
-0.09153612246365621
-0.023625306284696862
0.019829246647554796
0.006513909714598448
-0.02911776838634339
0.02220484813013915
0.08184668672892045
0.028454237777134544
0.018515833704381722
-0.03077135403064183
0.021166005470062615
0.017408144475475645
-0.022269901965139366
-0.03455309976904594
0.0258007887905457
0.14376827014025273
-0.0008308418478749323
0.05563985474141647
0.1058228833499753
0.014691412741175164
-0.024151755906359984
-0.07084007557353184
0.07661531582107053
0.03543797230036308
0.07174204147996073
-0.019797722894544997
0.03721743574260397
-0.017420191299054824
0.1528047366449541
-0.06961975189639508
0.10499965664175262
-0.014629267806147851
-0.03686684825727506
0.04960670724051372
0.37051959312592003
-0.07370274343491913
-0.13533028585575624
0.10096613420097741
0.4832597476532621
-0.0007546570637434469
-0.09184901755474444
-0.09241833746330474
0.10988830120540902
0.027732332886349118
-0.016320280689999474
0.04757944751768197
-0.06834620032184974
-0.031722031931054724
0.010158209589635286
-0.13351166339968595
-0.13792889649015624
0.031557978781553364
-0.05407079181052665
0.16210234439701565
-0.03655439270310595
-0.10858056774056114
0.014762431878608304
0.1212082579655968
-0.029263240259494172
0.0851252774990679
-0.011817833574268188
-0.5476440358542287
2.498001805406602e-16
-0.08512527749906895
-0.011817833574268105
0.12120825796559691
0.029263240259494755
0.10858056774056066
0.014762431878608519
0.16210234439701582
0.036554392703105495
-0.03155797878155446
-0.0540707918105259
-0.13351166339968615
0.13792889649015588
0.03172203193105573
0.010158209589635508
0.047579447517682415
0.06834620032185043
-0.02773233288634948
-0.016320280689998842
-0.09241833746330533
-0.10988830120540953
0.0007546570637429993
-0.09184901755474473
0.10096613420097737
-0.4832597476532611
0.0737027434349191
-0.1353302858557562
0.04960670724051354
-0.3705195931259196
0.014629267806147588
-0.036866848257275125
-0.06961975189639484
-0.10499965664175202
0.06170147365612459
0.1382463389349723
-0.006368665132220796
-0.020702830397234973
0.013441962412871516
0.20131796669591634
-0.04916861393489447
-0.10532612424032113
-0.08826520158755143
-0.004093335468175717
-0.03482185424373338
-0.09041165054096992
-0.12155677205952445
0.002045853278405063
0.058752026972581625
-0.022243421448382927
0.04985926643830528
0.011035631201571902
-0.028046174501299204
0.02298595929876679
-0.07100130806405855
-0.019441191769271338
-0.03290545222338557
-0.023544201447479922
0.08478489572354077
-0.03831727844687524
0.009617365707630235
-0.07069327019418095
-0.10487434312960928
-0.07625987833554229
0.027609697035870833
-0.024067911000836793
0.006152019520934974
0.035970478718032856
0.01944927464147131
-2.2898349882893854e-16
-0.006152019520934249
0.035970478718032176
0.027609697035871017
0.02406791100083703
0.10487434312961066
-0.07625987833554257
0.009617365707629763
0.0706932701941814
-0.08478489572354017
-0.03831727844687499
-0.032905452223385326
0.023544201447480036
0.07100130806405905
-0.019441191769271726
-0.028046174501299363
-0.02298595929876704
-0.049859266438304836
0.011035631201571694
0.05875202697258098
0.022243421448383066
0.12155677205952367
0.0020458532784054517
-0.03482185424373366
0.09041165054097071
0.08826520158755131
-0.0040933354681755366
-0.049168613934893995
0.10532612424032102
-0.013441962412871752
0.2013179666959165
-0.0063686651322204385
0.020702830397234556
-0.061701473656124384
0.13824633893497296
0.0014314408479958463
0.15007362597482987
0.001022485107785659
-0.01764654555910563
0.12551494103022
0.3179750814345696
-0.031185534157289432
-0.11161796369429686
-0.08379712724391791
0.38729188189441577
-0.037610260960643266
-0.1478875634463301
0.011763125033297794
0.1383981590888002
0.057639739863589556
-0.013541482172426386
0.027300782521725617
0.06862431437957363
-0.02574704193488073
0.03538985129315203
0.04562464300928468
-0.14604916651771843
-0.011160155519012917
-0.006447863633709264
0.03217647709606969
0.04490579907612451
0.010452135445173857
-0.06625101015034157
-0.12329866872955891
-0.04472780633067074
-0.07176513297904712
-0.009664134192477941
-0.22642183165721336
-0.11366078000758811
0.042114246944135986
0.020619406973653213
0.49121086748235576
3.7470027081099033e-16
-0.04211424694413613
0.020619406973653165
-0.2264218316572129
0.11366078000758935
0.07176513297904745
-0.009664134192477636
-0.12329866872955865
0.044727806330670555
-0.010452135445173871
-0.06625101015034218
0.0321764770960693
-0.044905799076124304
0.011160155519013212
-0.0064478636337095
0.04562464300928418
0.14604916651771876
0.02574704193488067
0.035389851293152225
0.02730078252172545
-0.06862431437957325
-0.05763973986359043
-0.013541482172425373
0.01176312503329735
-0.13839815908880038
0.03761026096064307
-0.14788756344632983
-0.08379712724391833
-0.38729188189441655
0.031185534157289432
-0.11161796369429691
0.12551494103021962
-0.3179750814345688
-0.0010224851077851177
-0.01764654555910552
0.001431440847995194
-0.15007362597482998
