52.301653110333945
6.576991607095441e-16
0.5995257107608651
1.3227116653340962
-0.7889078700274661
1.463280801208178e-15
-0.5995257107608487
1.3227116653340978
2.695304442432974
-0.8526081926590343
-1.7069311446426978
0.5646665118324029
-8.677420319233269
-3.1972684771415206e-15
1.7069311446426945
0.5646665118324002
2.6953044424329855
0.8526081926590311
-0.3195213387804188
-1.1819829956999748
0.28416950018385967
0.287424389798736
0.10882316641112616
-0.2734671576490604
1.7811356907914924
-1.9071813645899853e-15
-0.10882316641112873
-0.2734671576490611
0.28416950018386017
-0.2874243897987341
0.3195213387804211
-1.1819829956999761
-1.8816182817081293
-0.12054258589262722
0.8398110369916472
1.4416257979387455
-0.7826275892047563
-1.5447989046752595
-0.4249340625468202
1.179079296381497
-2.008444046350796
-6.487781257434105e-17
0.4249340625468108
1.179079296381498
-0.7826275892047547
1.5447989046752624
-0.8398110369916532
1.4416257979387452
-1.8816182817081344
0.12054258589262519
-0.18643116306498209
0.09799484040022016
0.07047473601751164
0.45660111021775734
0.3799302932298209
-0.35669978827972953
-0.8925348678742062
-0.1530656676480721
-0.45331734385485106
0.6437464550515617
-0.24367055181398667
-5.455150737488405e-16
0.4533173438548492
0.6437464550515622
-0.8925348678742046
0.15306566764807134
-0.3799302932298201
-0.35669978827973026
0.07047473601750914
-0.4566011102177575
0.18643116306498636
0.0979948404002218
-0.9224041964278742
0.12289943481718779
0.2907775750459606
-0.36576719746029573
-0.48343888625810066
-0.20744138609070714
0.10847956852373761
0.48601099360218436
-0.17821538971244189
-0.34064242115595667
0.37271790456144155
-0.4452361724819316
2.007556803505787
8.604228440844963e-16
-0.3727179045614418
-0.4452361724819318
-0.17821538971244283
0.3406424211559571
-0.10847956852373691
0.48601099360218564
-0.4834388862581014
0.2074413860907079
-0.2907775750459599
-0.3657671974602941
-0.9224041964278734
-0.1228994348171878
0.35451304177320714
0.36670782068021607
-0.046770370612508716
-0.11450868880099813
-0.31780176869990306
-0.2171162972213394
-0.025829459116408382
0.39434265820961056
0.4113163342383279
-0.006154987764889881
0.19274061538894716
-0.41737127286157083
-0.12852668641257314
0.07954461346882377
-0.03748599579573425
5.551115123125783e-17
0.12852668641257248
0.07954461346882377
0.19274061538894877
0.4173712728615725
-0.41131633423832775
-0.0061549877648905404
-0.025829459116408493
-0.39434265820961123
0.31780176869990384
-0.21711629722133846
-0.04677037061250905
0.11450868880099777
-0.3545130417732066
0.36670782068021707
-0.057510976037543016
0.04621963949554528
-0.4462198091335518
-0.18649918120683945
0.21880446471728188
0.1447190509311338
0.2751706535799777
0.05431174421782059
0.051696210046069835
-0.2266397709412657
0.11333756451840103
0.21987056641361108
0.619434576120809
0.2395086445921191
0.25545425272335354
0.09428303768983054
-0.6720077003460162
5.689893001203927e-16
-0.2554542527233554
0.09428303768983076
0.6194345761208097
-0.23950864459211815
-0.11333756451840216
0.21987056641361014
0.05169621004607128
0.22663977094126592
-0.27517065357997766
0.054311744217821534
0.21880446471728374
-0.1447190509311345
0.4462198091335513
-0.1864991812068394
-0.057510976037541794
-0.046219639495546
-0.115091640087994
-0.2767370315784782
-0.0370463894493156
-0.08856093642604307
0.020088641710618804
0.060805101133009715
0.2578175096185209
0.12227774116465567
-0.01788780702207464
-0.34359331453658315
-0.18295276284723933
0.10711561160313138
0.05379934835014366
0.12186576512231773
-0.12614556588616122
-0.05763820505861472
0.12930732537135423
0.16490370940397125
-0.17027768111056374
3.7470027081099033e-16
-0.12930732537135353
0.16490370940397087
-0.12614556588616244
0.057638205058615555
-0.05379934835014352
0.12186576512231853
-0.18295276284723877
-0.10711561160313232
0.017887807022075264
-0.3435933145365822
0.25781750961852207
-0.12227774116465553
-0.02008864171061775
0.06080510113300863
-0.0370463894493151
0.08856093642604279
0.11509164008799386
-0.27673703157847934
0.41192210463827966
-0.12007788490563129
0.15644320438967568
0.3189049122280176
0.14021317397232025
-0.1537768872611762
0.040767381822953384
0.15566421330076272
0.26938451973915983
-0.08296893165541874
-0.01404102552171467
0.044854587732399614
-0.2146080544500563
-0.056532269814355295
-0.1292409735800709
-0.09168450406577444
-0.6555234351410238
0.11370572992046474
-0.08484638853613327
0.2289552356226745
-0.23117446487251117
-8.881784197001252e-16
0.0848463885361325
0.2289552356226735
-0.6555234351410222
-0.11370572992046572
0.12924097358007092
-0.09168450406577511
-0.21460805445005515
0.05653226981435626
0.014041025521714559
0.044854587732399365
0.2693845197391588
0.082968931655418
-0.0407673818229532
0.15566421330076124
0.14021317397232064
0.1537768872611766
-0.1564432043896758
0.3189049122280165
0.4119221046382785
0.12007788490563244
-0.1804680196675742
-0.042820413200631055
0.08426765399868635
0.19197626268170043
0.05506678314482022
-0.13120125324135626
-0.015016793058938216
0.0634548115270333
-0.11633503424996039
-0.09274698394247463
-0.07184244552088818
0.04794295021141845
0.06885315529828645
0.043733332883857584
-0.09662748611037453
-0.016498658832645424
0.036208729589070246
-0.16259798460604358
-0.21627324865973896
0.04677667677678354
-0.06125277765500555
-0.061630712279436034
0.0035457467218161787
4.996003610813204e-16
0.06125277765500642
-0.06163071227943634
-0.21627324865974118
-0.04677667677678271
-0.036208729589070815
-0.1625979846060434
-0.09662748611037467
0.016498658832645424
-0.06885315529828549
0.04373333288385674
-0.07184244552088899
-0.04794295021141953
0.11633503424996189
-0.09274698394247398
-0.015016793058938743
-0.06345481152703236
-0.05506678314482072
-0.13120125324135615
0.08426765399868497
-0.19197626268170132
0.18046801966757534
-0.04282041320063036
0.2744754200721242
-0.04432790394891242
0.18776611389323994
-0.008422674663284654
-0.04795425822271354
-0.07696314761508685
-0.010061069788214458
0.053574839489617165
-0.07010981623359025
-0.16885959477103724
-0.031264590827986216
0.1963899822374294
-0.16659539984692434
-0.07077374046842151
-0.005426961509961664
0.0722846276977926
0.1500841609266365
-0.2046122401690261
-0.015143366011612813
-0.06703700817261102
-0.12155196475446073
-0.11845145356580196
0.08684897791995917
-0.00743451666500633
0.5617305470997194
-3.0531133177191805e-16
-0.08684897791995967
-0.00743451666500633
-0.12155196475446095
0.11845145356580167
0.01514336601161359
-0.06703700817261152
0.15008416092663698
0.2046122401690263
0.0054269615099617335
0.07228462769779231
-0.166595399846925
0.07077374046842133
0.03126459082798731
0.19638998223742876
-0.07010981623359056
0.1688595947710382
0.010061069788214166
0.05357483948961683
-0.04795425822271299
0.07696314761508637
-0.18776611389324
-0.0084226746632841
0.2744754200721243
0.04432790394891295
0.1957651230644738
0.1178497940027118
0.03180631178681867
0.006747666983796391
-0.09645863730031506
-0.014739661046929267
-0.019564375633815967
-0.029629830230151588
-0.03485490461500047
0.03312658976645472
-0.02999839080145396
0.13666676615306267
0.17076064371071292
-0.023352952666278154
-0.09158824083286593
-0.11337562540187987
-0.004261664133111381
0.015031564383022611
0.0032755262409046304
0.09188620601401695
0.09344178505765999
0.08600310169680202
0.03719509204663879
-0.09514996424037203
-0.05464183090423064
0.27994145388328046
-0.19191774992043018
-1.1102230246251565e-16
0.05464183090423062
0.2799414538832805
0.037195092046638026
0.09514996424037225
-0.0934417850576598
0.08600310169680217
0.003275526240904894
-0.09188620601401652
0.0042616641331119365
0.015031564383023083
-0.09158824083286665
0.11337562540188034
-0.17076064371071248
-0.023352952666277904
-0.029998390801455332
-0.1366667661530634
0.03485490461500158
0.03312658976645491
-0.019564375633816702
0.029629830230151782
0.09645863730031473
-0.014739661046929087
0.03180631178681931
-0.006747666983795475
-0.19576512306447297
0.11784979400271106
-0.10673138289391304
0.12526569611322808
-0.15403682289026294
-0.11806657672307574
-0.05185313760124749
0.012701102017340149
0.05446834823440218
0.005969135498382461
-0.2114050118763659
0.0012576629356788604
0.11724878820541955
0.05342399912905349
-0.09215642797794543
-0.17682461989271647
0.011253972104901255
0.07929994599568457
-0.021893666892406183
-0.06754707781923625
0.19542054352926105
0.11468160044399041
-0.0085450215413026
-0.06264330400758455
0.07306088232192162
-0.1819120045684658
-0.020240780887270104
0.15012337159919253
0.0010776592722964162
-0.03506170170369312
-0.5240125792500617
-3.469446951953614e-17
-0.0010776592722958889
-0.035061701703692855
-0.02024078088726887
-0.15012337159919154
-0.07306088232192061
-0.18191200456846593
-0.0085450215413016
0.06264330400758539
-0.19542054352926186
0.1146816004439897
-0.021893666892405794
0.0675470778192366
-0.011253972104901172
0.07929994599568374
-0.09215642797794478
0.17682461989271592
-0.11724878820541952
0.05342399912905277
-0.21140501187636612
-0.0012576629356781943
-0.054468348234401665
0.005969135498382766
-0.05185313760124838
-0.012701102017340204
0.15403682289026174
-0.11806657672307591
-0.10673138289391257
-0.12526569611322713
-0.05567968260829867
-0.032967812403949484
-0.05308522003665121
-0.11752314797871932
0.030465246141004196
0.05052422266074033
0.00851111395106438
0.0456166573215428
0.09585507613513078
0.003931587266162703
0.008231874461331001
-0.08129272138049559
-0.048962012069377225
-0.04290904210945734
-0.14767316239202682
0.13694130587120504
0.28474458745310577
0.1548562929489864
0.12072772317373302
-0.07260207433206003
-0.04506334544739899
-0.23973029014893787
-0.11661077385673935
0.02058805877057862
-0.08993134935027558
0.00027574089276444225
0.11864599320188475
0.02126620676517961
0.13171193412908455
-0.28109237084284466
-0.11865944708975434
-2.7755575615628914e-16
-0.13171193412908425
-0.2810923708428435
0.1186459932018854
-0.02126620676517968
0.08993134935027441
0.0002757408927641647
-0.11661077385673976
-0.02058805877057887
0.0450633454473987
-0.23973029014893749
0.12072772317373359
0.07260207433206008
-0.2847445874531054
0.1548562929489872
-0.14767316239202674
-0.1369413058712045
0.04896201206937657
-0.04290904210945684
0.008231874461330793
0.08129272138049518
-0.09585507613513053
0.003931587266162061
0.008511113951064186
-0.045616657321542894
-0.03046524614100471
0.05052422266074025
-0.053085220036650706
0.11752314797871881
0.05567968260829846
-0.03296781240394909
-0.29676842930478975
-0.04185184268773057
0.015240843795848336
0.05645500552549862
-0.03350336311742069
0.04456247430488247
0.023067331577462657
-0.008751222494450678
-0.08026047920653556
-0.0003947944926677993
-0.006615500696227988
-0.0342555838878989
-0.02126327283551116
0.031607914126434225
0.1020116738489518
0.03033119608803647
-0.030472472036206094
0.04722815402451605
0.08254738804467333
-0.06743836769076086
-0.09566137873722848
0.037022622181012044
0.11119407904646289
0.06153754668677772
-0.0026353015239417577
0.06756733435120482
0.03383567978301698
-0.1826010210599357
-0.2009203195584593
-0.007808443488361377
-0.14444391967659972
0.0713866963319203
0.20310978705306892
5.551115123125783e-17
0.14444391967659997
0.07138669633192044
-0.20092031955845963
0.007808443488360801
-0.03383567978301652
-0.18260102105993603
-0.002635301523940814
-0.0675673343512044
-0.11119407904646317
0.06153754668677697
-0.09566137873722796
-0.03702262218101213
-0.08254738804467342
-0.06743836769076095
-0.030472472036205886
-0.047228154024516356
-0.10201167384895182
0.030331196088036305
-0.021263272835510383
-0.03160791412643443
0.006615500696228724
-0.03425558388789976
-0.08026047920653483
0.00039479449266757727
-0.023067331577462796
-0.008751222494449928
-0.033503363117420866
-0.04456247430488308
-0.015240843795848086
0.05645500552549919
-0.2967684293047895
0.04185184268773151
-0.09550023989633041
0.027414420352998344
0.029705615539713036
0.02068060818614502
-0.014542087884381438
-0.017719377964750677
0.062049622451034764
0.015337107203099248
-0.034759382713632894
-0.09916667653429725
-0.07605205930671216
0.07321781256785628
0.12070407095776697
0.005270756059876869
0.020569872080845875
-0.01205371512511938
-0.06540116711095528
-0.19958097665126923
-0.23943866697421035
0.12059024752359687
0.053799615822185454
0.09068801796707132
0.22437417533411996
0.1505686377555289
0.18253108658269884
-0.2898329333926167
-0.07946816177942173
-0.15241143136470625
-0.13133890557039185
0.023513536989714756
-0.04164827786205244
0.0843305884654408
0.12787476748222
0.048715137855199014
-0.0147225666469043
-1.942890293094024e-16
-0.12787476748221988
0.04871513785519945
-0.04164827786205333
-0.08433058846544002
0.13133890557039174
0.023513536989713743
-0.07946816177942248
0.15241143136470642
-0.18253108658269837
-0.28983293339261573
0.2243741753341205
-0.15056863775552876
-0.05379961582218554
0.0906880179670709
-0.23943866697421048
-0.12059024752359715
0.06540116711095614
-0.19958097665126986
0.02056987208084604
0.012053715125118991
-0.12070407095776675
0.005270756059877174
-0.07605205930671233
-0.07321781256785602
0.0347593827136318
-0.09916667653429619
0.06204962245103417
-0.015337107203099332
0.014542087884381119
-0.017719377964750732
0.029705615539713334
-0.02068060818614466
0.09550023989632987
0.027414420352998018
-0.07033418106850788
-0.05534067797618608
0.11021186475059405
-0.013771325056374198
-0.04727163910903065
-0.006978882969943534
0.005464927037543799
0.016873069775114248
0.00840944771047479
-0.026489292135508026
0.04791545598252704
0.053183318528683854
0.041840895523301724
0.0096126775568742
0.0009071879890598655
-0.014045645092063588
0.004268013691006649
-0.02186016391412149
-0.004196416602710085
0.02773031121091568
0.08536508699201897
0.0760524236754013
0.11539556208853566
-0.07288102092522503
-0.19054351435871894
-0.0045591424922895585
-0.0863886196155433
-0.03839069126300691
0.05099702152358887
0.12663001357866388
-0.021198378476478347
-0.01634287074121643
-0.057354449778162786
-0.0014327223932667499
-0.05436556988958913
0.042113275994756005
0.04312967862542738
2.220446049250313e-16
0.05436556988958965
0.042113275994756116
-0.05735444977816198
0.0014327223932664446
0.021198378476478
-0.016342870741216486
0.05099702152358965
-0.12663001357866366
0.08638861961554319
-0.03839069126300651
-0.1905435143587179
0.004559142492289003
-0.11539556208853553
-0.07288102092522523
0.08536508699201895
-0.07605242367540228
0.004196416602710529
0.027730311210915737
0.004268013691005629
0.021860163914121683
-0.0009071879890598933
-0.014045645092063214
0.04184089552330114
-0.009612677556874491
-0.047915455982527375
0.05318331852868406
0.008409447710474777
0.026489292135508394
-0.005464927037543334
0.016873069775113353
-0.04727163910903098
0.006978882969943576
-0.11021186475059422
-0.013771325056373851
-0.07033418106850758
0.05534067797618536
