55.86928627220141
-1.424040703509193e-15
-2.1810462087669045
-6.325103491756177
-4.059698813221729
2.1727522265017234e-15
2.1810462087669147
-6.325103491756194
0.879687318735019
2.0882527445510433
0.7761546880668098
0.49210150735945735
1.0790119015165751
-1.5521188636846757e-15
-0.7761546880668182
0.49210150735946284
0.8796873187350212
-2.088252744551038
1.3128089370986509
1.3049074815136996
-0.22974643815035448
0.6227584832597374
-0.04733797999377061
1.1567352156144344
-0.0226880021598157
-3.9521202075124683e-16
0.04733797999378092
1.1567352156144375
-0.22974643815035017
-0.6227584832597374
-1.3128089370986638
1.3049074815136932
-2.2520358861954466
-0.9446607042591744
0.2281237704320973
-0.6784988405548066
0.9754657365774337
-0.38896208213070477
-1.1390809218438054
-0.9414172642532866
-3.9730372056622194
1.672369161309213e-15
1.1390809218438025
-0.9414172642532835
0.9754657365774331
0.38896208213069977
-0.22812377043209653
-0.678498840554807
-2.25203588619544
0.9446607042591711
-0.541503587792859
0.8041031344756193
-0.5888440839487672
-0.15822495204692452
0.15875562609373675
0.3764281528846444
-0.4788743303497943
0.8702912556640329
0.40603662338185037
0.48416560422641514
-0.5289178665086467
9.282723476530007e-16
-0.4060366233818562
0.4841656042264164
-0.4788743303497895
-0.8702912556640362
-0.15875562609373606
0.37642815288464715
-0.5888440839487672
0.15822495204692394
0.5415035877928535
0.8041031344756173
-0.500285076260627
-0.0076778835579074944
-0.2244907496452586
0.4652420553668193
-0.9802121137559843
-0.27716448170920194
0.5221396556690596
-0.3028604495453733
-0.4742829437723901
0.46385908781960905
0.11714453955535176
0.5975591378564907
-0.524465589418592
-2.7755575615628914e-17
-0.1171445395553527
0.5975591378564892
-0.4742829437723912
-0.46385908781961
-0.522139655669055
-0.3028604495453739
-0.980212113755987
0.27716448170920227
0.22449074964525884
0.46524205536682045
-0.5002850762606278
0.007677883557906828
-0.05685818997912484
-0.3310848979399297
0.6467531856044982
-0.09058717229169085
-0.18669716556367183
0.5855452783510141
0.026249655104529347
-0.20819061295742375
0.20905125154599127
-0.4108288305192415
0.39901558327767384
-0.44342826286797776
-0.014528829690272485
0.13340641549721785
0.46111618509473185
2.220446049250313e-16
0.014528829690275663
0.1334064154972186
0.39901558327767517
0.44342826286797793
-0.20905125154598853
-0.410828830519243
0.02624965510452873
0.2081906129574259
0.1866971655636716
0.5855452783510147
0.6467531856044999
0.09058717229168843
0.056858189979127505
-0.33108489793992935
0.42692019249276714
0.6635081726455505
0.08205042651878391
-0.49927555428273873
-0.014669506863087045
-0.030035796779322152
0.18653551309131536
0.16125814965204688
-0.1500715149073486
0.3366314723047939
-0.1591211780882677
-0.0861092193809958
-0.18545190892920826
0.01570389591934035
0.5055519665169907
-0.17862697715479403
1.0735654636173084
3.191891195797325e-16
-0.505551966516993
-0.17862697715479436
-0.1854519089292102
-0.015703895919339544
0.15912117808826692
-0.08610921938099514
-0.15007151490734894
-0.3366314723047933
-0.18653551309131536
0.16125814965204655
-0.01466950686308828
0.030035796779323
-0.08205042651878397
-0.49927555428273745
0.4269201924927657
-0.663508172645549
0.7010596492208683
-0.593231404562112
-0.16180495730879163
-0.03662949060798991
-0.058346453022389666
-0.17747181981320415
0.07368646657296302
-0.11492390929497531
0.08991239203514248
-0.20868969044225233
0.03803353764801487
0.02909200070778678
0.01667791888438372
-0.3425197176756928
0.07873645970130891
-0.0725650243482852
-0.18900037614993181
-0.3343223372676893
0.22962322365323806
-1.7486012637846216e-15
0.18900037614993048
-0.33432233726768745
0.07873645970130899
0.07256502434828582
-0.016677918884384607
-0.34251971767569206
0.03803353764801512
-0.029092000707787613
-0.08991239203514362
-0.20868969044225208
0.07368646657296088
0.1149239092949776
0.058346453022388195
-0.17747181981320317
-0.16180495730879174
0.03662949060799037
-0.7010596492208698
-0.5932314045621123
-0.11848534860093207
-0.258021150378522
-0.018016251847048567
0.3788666363823685
0.08906271055484564
0.10757727764476849
-0.004200839811477036
-0.16631927309699834
0.04694505395135004
-0.0639384502922716
0.2347165082611254
0.0026021339431596957
0.008633667690756547
0.048438514879700856
-0.0063685980623625765
-0.1387530139560172
-0.00029364081523396146
-0.05923633671833277
-0.1026679701081222
-0.10115797628113718
-0.4124361483375187
6.106226635438361e-16
0.10266797010812251
-0.101157976281136
-0.00029364081523408636
0.05923633671833271
0.006368598062362174
-0.1387530139560178
0.008633667690755423
-0.0484385148797008
-0.23471650826112458
0.0026021339431597096
0.04694505395134974
0.0639384502922711
0.004200839811474677
-0.16631927309700045
0.08906271055484426
-0.10757727764476926
0.018016251847047887
0.3788666363823674
-0.11848534860093196
0.25802115037852186
-0.3653097614890637
0.06332478880040576
0.057999043385882215
0.0729151389424156
0.17471067303597243
-0.22584683815812312
-0.10166160239166859
0.13204952252342003
-0.10388454695023797
0.008571145528755764
-0.15114401791416973
-0.09423591628656429
0.1812165693281521
0.06473530087173912
-0.22322966704299596
0.16894469932465755
-0.08942410250165195
0.14415925823215003
-0.039553035029153534
0.13350929033041722
0.2644036716345407
0.21428159601552954
-0.4033369000163103
7.771561172376096e-16
-0.26440367163454165
0.21428159601552915
-0.03955303502915401
-0.1335092903304182
0.08942410250165315
0.14415925823215098
-0.22322966704299502
-0.16894469932465644
-0.18121656932815156
0.0647353008717371
-0.1511440179141691
0.09423591628656398
0.10388454695023797
0.008571145528755486
-0.10166160239166866
-0.13204952252342006
-0.174710673035972
-0.22584683815812337
0.057999043385882854
-0.07291513894241566
0.36530976148906286
0.06332478880040682
-0.09327642283237703
0.14203358180033224
-0.0043041548110841765
0.08926402672184364
0.13360053985276799
-0.06882483374223002
0.059660903185351
0.12944151541419263
0.07968375591075924
-0.020259601424611723
0.04189356986190956
0.07088819064746285
0.1561833282476743
-0.08270479379653661
0.0031605236564973965
0.05090404201265125
0.0777894931005374
-0.061569884081945137
0.06165813537419099
0.12032512757595548
0.23998757672235788
-0.22760128967953175
-0.11041186422855119
0.25711170323610394
0.27094222677767443
-2.0816681711721685e-16
0.11041186422855041
0.2571117032361043
0.2399875767223581
0.22760128967953266
-0.061658135374190376
0.12032512757595566
0.07778949310053729
0.061569884081945
-0.003160523656498243
0.05090404201265117
0.15618332824767395
0.08270479379653628
-0.04189356986191095
0.07088819064746256
0.07968375591075832
0.020259601424610973
-0.059660903185351444
0.12944151541419258
0.1336005398527674
0.06882483374223097
0.004304154811083524
0.08926402672184297
-0.09327642283237603
-0.14203358180033207
0.08081615446726714
0.14824029392366855
0.0023308497626102626
-0.15063702631244102
-0.14585134845180672
-0.002619384929167079
-0.07698710578995868
-0.011607773738710386
0.061306871337344235
-0.04477757665796894
-0.012769163039743653
0.07733468741860905
-0.06476342393255222
0.01618129208330897
0.00898404708335021
0.05946413596437922
0.08237044516655057
-0.1091806070545418
-0.12173625785231343
0.045618664472289225
-0.0591884933526949
-0.024587745145061138
-0.07526037471761073
-0.020701263471197995
-0.08041332037304166
-0.17933927737570599
0.05834532755249316
7.632783294297951e-17
0.08041332037304177
-0.17933927737570513
-0.0752603747176111
0.020701263471197565
0.05918849335269541
-0.024587745145061596
-0.12173625785231351
-0.04561866447228981
-0.08237044516654984
-0.10918060705454197
0.008984047083350474
-0.059464135964378745
0.0647634239325523
0.016181292083308957
-0.01276916303974309
-0.07733468741861008
-0.06130687133734403
-0.044777576657968804
-0.0769871057899581
0.011607773738708985
0.14585134845180686
-0.0026193849291683835
0.0023308497626102487
0.15063702631244155
-0.0808161544672677
0.14824029392366886
0.08241976225283365
-0.050016704488803354
-0.17067194553403603
-0.14270367143668786
0.0005185556986618267
-0.018906560964266073
0.03148903126436378
0.06693246383505772
0.07614377048381674
0.003867653525547521
-0.015661282978013807
0.02750102601137494
-0.1146103969470479
-0.1343155887420751
0.0399337963811975
0.02454289705057175
-0.12242073316553326
-0.02052480089821815
0.01073701370921612
0.051211594612889155
-0.0770918781290664
0.004530622006362409
0.08578581253549852
0.05663108474567805
-0.12133610332747097
0.17586849603899207
0.025053927485501976
0.02599238923788172
-0.1902995309970213
8.326672684688674e-16
-0.025053927485501934
0.02599238923788122
-0.12133610332747136
-0.17586849603899105
-0.08578581253549773
0.05663108474567819
-0.07709187812906619
-0.00453062200636184
-0.010737013709215537
0.05121159461288924
-0.12242073316553345
0.020524800898218842
-0.03993379638119819
0.024542897050571583
-0.11461039694704825
0.13431558874207486
0.015661282978013086
0.027501026011375315
0.07614377048381635
-0.0038676535255469102
-0.03148903126436442
0.06693246383505856
0.0005185556986625206
0.01890656096426635
0.1706719455340362
-0.14270367143668833
0.08241976225283587
0.05001670448880352
0.09833897928432139
-0.021218111069867207
-0.0202173168212417
0.12673312704937462
-0.11562803365721216
0.1757697663121413
-0.007552626645484839
-0.07810358528688162
-0.11252009137372368
-0.00313272080802085
-0.06635542706492203
0.013849699252046543
-0.07524587274700818
0.09244440570142429
-0.03321387940382452
-0.04169694028361179
0.10121810240002571
0.056456589052255035
-0.02834889765374557
-0.007488770643224313
-0.029350095084359443
0.1335580438101269
-0.009463387521088384
-0.07963829540255966
0.18241005646996328
-0.02824484794584614
0.019300970225902513
-0.14772560903351817
0.039596112906357936
0.18385432520856354
0.1989590981106042
-3.885780586188048e-16
-0.03959611290635852
0.183854325208564
0.019300970225902478
0.14772560903351867
-0.18241005646996383
-0.02824484794584556
-0.009463387521088884
0.07963829540256054
0.029350095084358763
0.13355804381012668
-0.028348897653745347
0.007488770643224368
-0.10121810240002588
0.0564565890522547
-0.033213879403824476
0.04169694028361233
0.07524587274700845
0.09244440570142469
-0.06635542706492098
-0.013849699252046876
0.11252009137372417
-0.0031327208080216135
-0.007552626645485394
0.07810358528688137
0.11562803365721071
0.17576976631214108
-0.020217316821241504
-0.1267331270493744
-0.09833897928432167
-0.02121811106986711
-0.22652398260607937
0.04439555563968878
0.12783667194829615
-0.05193442789816999
0.11212920163143243
0.0026237507046735775
-0.07031078963515747
-0.08063921989541885
-0.044857354114574144
0.019173531744911904
0.015058097619972705
0.03341521748641928
0.06201554367400808
0.04237113661727529
-0.06651891547846901
0.08336086159775008
-0.04627018544493672
-0.022012120543909608
-0.0352437027018626
0.03059385197514187
-0.020189187634830852
0.04881633205878684
0.019721615643486998
0.04418334623924297
-0.11730340450270241
0.02184901948686152
-0.19809192215546767
-0.03074194461859936
-0.025526204956545673
-0.10203005130825227
0.1524911264599266
-0.0798348687368889
0.1697456534509305
2.498001805406602e-16
-0.15249112645992602
-0.07983486873688901
-0.025526204956546505
0.10203005130825146
0.19809192215546753
-0.030741944618599013
-0.11730340450270171
-0.02184901948686231
-0.01972161564348672
0.04418334623924193
-0.020189187634829908
-0.04881633205878638
0.035243702701863305
0.03059385197514214
-0.04627018544493661
0.022012120543909136
0.06651891547846844
0.08336086159775
0.062015543674006995
-0.042371136617274804
-0.015058097619971969
0.033415217486420054
-0.044857354114573755
-0.01917353174491132
0.07031078963515822
-0.08063921989541781
0.11212920163143247
-0.0026237507046735914
-0.1278366719482965
-0.051934427898169475
-0.22652398260607912
-0.044395555639688555
0.08197962589727441
0.07225226700513726
0.057401405578403536
0.007637207625340259
0.05088666740147921
-0.03986859311670987
0.030732404336144603
0.013516620012522684
0.05031372303337869
0.05465438770792011
-0.008519791203217095
-0.04742065950613458
0.0713884754689218
-0.056359206845858045
0.07668141612709482
-0.05935036308120937
0.04286745275743264
0.07051412589265052
-0.0049265412703559525
-0.03687686032032386
0.1178697294745291
-0.11335238901171325
0.08601314266574323
-0.05204749021636246
0.04367429378710816
0.10569976674171208
0.1294104214592436
0.03941359155669824
-0.018804697557667213
-0.041662272753764606
-0.044115934574503024
-0.02711633148692208
-0.08693494141966174
-0.014366765600442505
0.13383544193481012
2.220446049250313e-16
0.08693494141966214
-0.014366765600442866
-0.04411593457450241
0.027116331486921504
0.018804697557668573
-0.0416622727537648
0.12941042145924433
-0.039413591556698546
-0.043674293787108825
0.10569976674171304
0.08601314266574298
0.052047490216364095
-0.11786972947453017
-0.1133523890117136
-0.004926541270356952
0.03687686032032374
-0.04286745275743351
0.0705141258926501
0.07668141612709475
0.05935036308120934
-0.07138847546892153
-0.05635920684585795
-0.008519791203217608
0.047420659506133056
-0.050313723033379054
0.05465438770791976
0.030732404336142674
-0.013516620012522546
-0.050886667401480484
-0.03986859311670933
0.05740140557840451
-0.007637207625340425
-0.08197962589727431
0.07225226700513787
0.06589692191455843
0.09894688107435323
0.006504158303679453
0.04450219934120833
-0.2616927997139993
0.05191525376476461
0.054896863821689235
-0.030307565927791415
0.04653625355106861
0.04486856702133776
-0.028139772367947864
0.052438260604267734
-0.01906020533791436
0.00015390712963986308
-0.025851824455923822
-0.06813090869425237
-0.00367997223114383
0.0503899400466476
0.028059262527384943
-0.023630326709327465
-0.15085192859887464
0.12219874821411887
-0.025865247612310224
-0.19662463208049266
0.07777465267791778
-0.0629028950134184
0.15744357563203393
-0.12739416417221264
-0.03926387797052505
0.16470470134648416
0.016568066256189645
-0.2000094395100028
0.11079278619067001
-0.10628363208769556
-0.16094788025867282
-0.2748706304252824
-0.05817278857482519
-7.771561172376096e-16
0.16094788025867376
-0.27487063042528265
0.11079278619067078
0.10628363208769717
-0.01656806625619009
-0.2000094395100026
-0.03926387797052511
-0.16470470134648413
-0.15744357563203348
-0.1273941641722128
0.07777465267791726
0.06290289501341821
0.025865247612309794
-0.19662463208049238
-0.1508519285988741
-0.1221987482141195
-0.028059262527383888
-0.02363032670932791
-0.003679972231143247
-0.05038994004664754
0.025851824455923905
-0.0681309086942525
-0.01906020533791372
-0.00015390712964008513
0.028139772367948374
0.05243826060426801
0.04653625355106951
-0.04486856702133775
-0.05489686382168869
-0.0303075659277922
-0.2616927997139984
-0.05191525376476552
-0.006504158303680202
0.044502199341208526
0.06589692191455798
-0.09894688107435347
