45.7795361821626
-1.7390783987530507e-15
-3.124350241621089
3.1506965594946212
-1.4132239943897522
1.912431876213114e-15
3.12435024162109
3.1506965594946053
1.8303371603216756
0.18514423163332125
2.480668552506133
0.5074770475795333
7.171922010598114
2.789821985828655e-15
-2.4806685525061347
0.5074770475795326
1.830337160321672
-0.18514423163331015
-2.8375567417844523
-1.5309288451363148
-0.9362181378805692
-0.4827394273582337
-0.518775921931838
-0.6262329151830078
-3.777869220387889
-2.2609818316172765e-15
0.5187759219318435
-0.6262329151830057
-0.9362181378805688
0.4827394273582399
2.8375567417844483
-1.5309288451363097
-0.16210586824442225
-1.4502653101357261
-0.44207625281036067
-0.5023350038942818
1.1834531825852668
0.18907721415134723
0.9059947649298907
0.31762105375845734
-1.5773516364338893
-1.5679482029223026e-15
-0.9059947649298976
0.3176210537584615
1.1834531825852594
-0.18907721415134987
0.4420762528103588
-0.5023350038942785
-0.16210586824441608
1.4502653101357263
1.4407405375457714
0.14187059796955176
0.81335655993129
-0.5559906486585545
-0.5510506724176083
-0.3987661144897391
-0.8862955298827524
-0.07667794755539034
-0.3435913411112373
0.22569523318329235
-0.29519196984923535
-2.5587226096797704e-16
0.3435913411112397
0.22569523318329335
-0.8862955298827495
0.07667794755538883
0.5510506724176061
-0.39876611448974053
0.8133565599312899
0.5559906486585542
-1.4407405375457794
0.14187059796955334
-0.9097888776386925
1.3615575560266322
0.5106562668342982
0.17825917367181376
-0.47510866303196503
-0.08122527606345503
-0.05453624041944222
0.3398591390888091
-0.22129716877002686
0.9568700392162944
0.18113807618600186
0.20407417269758765
-0.6711077167406873
1.429412144204889e-15
-0.18113807618600325
0.20407417269758593
-0.22129716877002498
-0.9568700392162948
0.05453624041944295
0.33985913908881027
-0.47510866303196386
0.08122527606345495
-0.5106562668342972
0.17825917367181393
-0.9097888776386943
-1.361557556026634
-0.2086826404209784
-0.03593205877278377
-0.0782085549291722
0.6303079983541037
0.5279077686895902
-0.1265957666333188
0.7150308440560946
-0.12077055887555799
-0.18067470426158458
-0.21675345812517383
-0.20931331071194653
0.09857995461494212
0.3414860262865539
-0.3525903945748941
1.9170509898465005
2.123301534595612e-15
-0.34148602628655444
-0.3525903945748952
-0.2093133107119456
-0.09857995461494093
0.18067470426158388
-0.21675345812517352
0.7150308440560912
0.12077055887555938
-0.52790776868959
-0.12659576663331956
-0.07820855492917156
-0.630307998354104
0.20868264042097817
-0.03593205877278402
-0.11488629500194747
-0.34231671283166776
-0.3844394467520776
0.13135417088596174
-0.4262908539459618
0.3006075036195721
0.39804204517540054
0.004953833566177013
-0.30901764989534425
0.012329005626920533
0.27608620970246356
0.45910456068139704
0.3401253417381356
0.1343512760728046
0.6267501710611293
0.11445012985079603
-0.28959623813159546
-5.134781488891349e-16
-0.6267501710611277
0.11445012985079604
0.34012534173813525
-0.13435127607280617
-0.2760862097024624
0.4591045606813965
-0.30901764989534586
-0.012329005626920547
-0.3980420451754013
0.004953833566176513
-0.4262908539459618
-0.3006075036195713
0.3844394467520785
0.13135417088596124
-0.11488629500194958
0.34231671283166937
0.7032904303174955
-0.033068545946649985
0.014135646472377736
-0.12353080946350026
0.21257325015807857
0.21758942604733938
0.035028132883778984
0.39991605943363817
0.28091368937112654
-0.056114060585391284
-0.06101774496919443
0.08966812813818825
0.09300212377836045
-0.2706324911294454
0.08496923839794177
-0.17323020210858642
-0.007527134707163402
-0.12702037760395318
0.0760913661425239
-4.0939474033052647e-16
0.0075271347071632355
-0.1270203776039531
0.08496923839794206
0.17323020210858633
-0.09300212377835979
-0.2706324911294461
-0.06101774496919554
-0.08966812813818842
-0.2809136893711264
-0.056114060585391076
0.03502813288378004
-0.3999160594336384
-0.21257325015807677
0.2175894260473385
0.014135646472377375
0.12353080946349884
-0.7032904303174923
-0.033068545946650874
0.104594711858984
0.31756766474199083
0.2175653832338662
-0.024081156810291188
0.059273885581215546
0.06709454405155309
-0.3582701218095774
0.07357274922307469
-0.11100537923633964
0.025285660291194834
-0.1591347801701849
-0.0982923452272641
-0.3226996890263927
-0.03370528423345359
0.010337872139291437
-0.04111806191774314
0.2399103208207451
-0.04899483276114602
-0.1799009600245089
0.07073430640376804
-0.629648408636569
9.71445146547012e-17
0.17990096002450795
0.07073430640376877
0.23991032082074418
0.04899483276114569
-0.010337872139290993
-0.04111806191774364
-0.3226996890263931
0.0337052842334524
0.15913478017018529
-0.09829234522726488
-0.11100537923633999
-0.025285660291194556
0.35827012180957607
0.0735727492230744
0.05927388558121638
-0.0670945440515529
-0.21756538323386612
-0.024081156810290272
0.1045947118589841
-0.3175676647419922
-0.3852315801009689
0.004728830412036977
-0.0205001597176646
0.16423697892167693
0.17507634826202134
0.10190114450287346
0.016914903057305697
-0.1872615206798503
0.014253324422691394
0.0464632022009505
0.06391080604311677
-0.16345155993306393
-0.1985200000228441
-0.006723751888778162
0.03536280150504992
-0.2261825299850489
0.1388668928764772
0.03672732101444853
-0.019829356843494322
0.11546089487552699
-0.28739097491185117
0.34142754160670125
0.21491889043062984
3.7470027081099033e-16
0.2873909749118513
0.341427541606702
-0.019829356843493323
-0.1154608948755279
-0.13886689287647627
0.03672732101444877
0.03536280150504964
0.22618252998504912
0.19852000002284492
-0.006723751888777774
0.06391080604311619
0.1634515599330637
-0.014253324422691838
0.046463202200950585
0.016914903057306585
0.1872615206798504
-0.1750763482620226
0.10190114450287438
-0.02050015971766493
-0.16423697892167716
0.3852315801009696
0.004728830412035395
0.1463881647918691
-0.3551699309824524
-0.04540782844210933
0.03994927610507415
0.004798950823418947
0.13382098988885202
0.12206316707711701
-0.06099695198154517
0.06162013658708596
-0.10155070256369361
-0.08166169637895407
-0.025026960890444427
0.014974333606401685
-0.010196664625547677
-0.052306317982638934
0.07205128384069626
0.09436326126913469
0.0798212703554635
-0.12838746245801863
0.19674113992682002
-0.14776424253241727
0.1685473271973476
0.11286741460578575
0.0020203883971170455
0.2611936494070013
6.800116025829084e-16
-0.1128674146057855
0.002020388397117545
-0.14776424253241766
-0.16854732719734689
0.1283874624580193
0.1967411399268187
0.09436326126913552
-0.07982127035546216
0.05230631798263924
0.07205128384069676
0.014974333606401366
0.010196664625547747
0.08166169637895418
-0.02502696089044494
0.06162013658708666
0.10155070256369378
-0.12206316707711724
-0.060996951981545866
0.004798950823418732
-0.1338209898888521
0.04540782844211014
0.039949276105075204
0.14638816479187078
0.3551699309824531
-0.06517140335308025
0.2194838865143926
-0.02882932639558368
-0.1001545610257861
-0.22295371373546874
0.0008288962049363968
-0.16774563735507342
0.19771805078306592
0.0056832145894944175
0.02619693014144396
0.033540924777110584
-0.11896614288664516
-0.03776719305476445
0.004673137468543226
0.028172609371760082
0.006403924178048262
-0.02282902349684937
0.07726267131727645
0.24960228065974133
0.08099597141656906
-0.036498743382457954
0.1494220629153097
3.789319778985112e-06
0.0850796670616395
0.29369339661843946
-0.1090528166521564
0.2017501045133009
-4.163336342344337e-16
-0.29369339661843985
-0.10905281665215666
3.7893197786798005e-06
-0.0850796670616401
0.03649874338245812
0.14942206291530974
0.24960228065974105
-0.08099597141656975
0.02282902349684908
0.07726267131727496
0.02817260937175936
-0.0064039241780488865
0.037767193054765585
0.004673137468544253
0.033540924777109696
0.11896614288664491
-0.005683214589495111
0.026196930141443087
-0.1677456373550731
-0.19771805078306573
0.22295371373546818
0.0008288962049384785
-0.028829326395582618
0.10015456102578442
0.06517140335308066
0.21948388651439316
-0.1949785405284602
0.02540183996216558
-0.02778662219864647
0.017758331389692572
0.09696514125208763
-0.1904171375586824
-0.02095923532878763
0.06408446013156886
-0.05020791585654836
0.08895518748846008
-0.10225354148199066
-0.04657688994395942
0.04457248519422258
-0.04152501112212292
-0.07580605891113776
0.04280698534593086
0.06900080521814018
-0.07036915425692312
0.1650930420380005
-0.047223011675531876
0.20216044413661755
-0.09331985336385801
-0.10311134543437134
-0.1857100038554118
0.21902047387866283
-0.18400697038535058
0.2549487142521104
-0.1957917392512428
0.137901820237906
6.106226635438361e-16
-0.2549487142521111
-0.19579173925124305
0.2190204738786618
0.18400697038535058
0.1031113454343709
-0.1857100038554117
0.20216044413661693
0.09331985336385767
-0.16509304203800163
-0.04722301167553253
0.0690008052181395
0.07036915425692322
0.07580605891113856
0.04280698534593097
0.044572485194221176
0.04152501112212273
0.1022535414819906
-0.046576889943959615
-0.05020791585654796
-0.08895518748845993
0.020959235328786907
0.06408446013156974
0.0969651412520874
0.19041713755868214
0.027786622198646208
0.017758331389693793
-0.19497854052846264
-0.02540183996216562
-0.1083376749125437
-0.12943308550604926
-0.08527570398495052
-0.01388088536895309
-0.1889973411060762
0.033770122098635905
-0.027487204802373932
-0.08818733654659953
-0.16114320331725068
0.05728872699408112
-0.10967823085688422
0.012638080880987612
0.08090475968753782
0.04767345130562786
0.062899730795509
0.004642780319557727
0.12686448966084046
0.054676548874562025
0.07006935407368983
-0.035315323723243044
0.17725381996343517
0.1197478426620454
-0.06505649975013024
0.02235917954652844
0.190317729370095
-0.051008877599715355
0.011780194662876164
-0.09517794211052799
-0.07709736736671913
0.06577153313925921
-0.29596883933158813
-1.6653345369377348e-16
0.07709736736671968
0.06577153313925965
0.011780194662876664
0.09517794211052823
-0.1903177293700952
-0.051008877599716076
-0.06505649975013095
-0.02235917954652747
-0.177253819963435
0.11974784266204604
0.07006935407369086
0.03531532372324338
-0.12686448966084096
0.05467654887456143
0.06289973079550899
-0.004642780319558226
-0.08090475968753713
0.047673451305627945
-0.10967823085688393
-0.01263808088098664
0.16114320331724968
0.05728872699408026
-0.027487204802373377
0.08818733654659992
0.18899734110607563
0.03377012209863631
-0.0852757039849503
0.013880885368952628
0.10833767491254397
-0.12943308550605065
0.3171082177361142
0.010406366059882988
-0.032686216566447
-0.037831277714175965
-0.11812706268509326
-0.019171338905506943
-0.052232934174406886
0.10843761561129961
0.06776268332535273
-0.061468483675730476
0.1030841549689819
0.005549410020223203
0.06654353329016895
-0.05432707022980951
-0.008827509657752808
-0.005737142844307486
0.07155196401985675
0.10268560771946755
0.04224563689384167
-0.08012086540364827
0.004127173087032254
-0.01855181903753067
-0.08052738378634647
-0.11484496878403448
-0.09841116915861847
-0.11577590288128198
0.03946630892494385
-0.1634790175626165
-0.11785970542154331
0.07392259702753443
-0.28810721031102865
-0.005460903367485323
0.049184452420592495
-3.0531133177191805e-16
0.2881072103110292
-0.005460903367484407
-0.11785970542154242
-0.07392259702753504
-0.03946630892494421
-0.16347901756261704
-0.09841116915861829
0.11577590288128194
0.08052738378634607
-0.11484496878403438
0.004127173087031991
0.01855181903753031
-0.04224563689384189
-0.08012086540364807
0.071551964019857
-0.10268560771946766
0.008827509657752405
-0.005737142844307513
0.06654353329016824
0.054327070229808885
-0.10308415496898175
0.005549410020222606
0.06776268332535283
0.061468483675730545
0.05223293417440683
0.10843761561129947
-0.11812706268509421
0.01917133890550654
0.03268621656644716
-0.037831277714175465
0.31710821773611453
-0.01040636605988271
0.10416431264117823
0.2717941937055057
0.11389290450424644
-0.006918884071839576
0.0317353604835279
-0.1382460887814015
-0.11125425728242988
-0.050411699552613785
-0.1110251380537477
-0.004986605402623134
0.06130769180572519
-0.0522155707654378
-0.06407026127841561
-0.14237718527467774
-0.015689546867802717
0.015674828306001976
0.013570408665271594
0.09044070754007044
0.007208832001638299
-0.012684761249929982
-0.05086348026589499
-0.1370692666204174
-0.15519424594868894
0.04992516684320775
-0.06187284181383464
0.0727392489858547
0.05520730753671793
0.009487880434021712
0.029223549981982677
0.03901518782469457
-0.2756517587428924
0.05750878089815653
-0.011043243372098499
0.012538621759427299
0.23982992931875347
-2.7755575615628914e-16
0.011043243372098305
0.012538621759427965
-0.2756517587428935
-0.05750878089815631
-0.02922354998198362
0.039015187824694694
0.055207307536718486
-0.009487880434020796
0.06187284181383515
0.07273924898585427
-0.1551942459486899
-0.04992516684320841
0.05086348026589532
-0.13706926662041768
0.007208832001639021
0.012684761249929802
-0.013570408665271344
0.09044070754007066
-0.015689546867802884
-0.0156748283060021
0.0640702612784165
-0.14237718527467785
0.06130769180572532
0.05221557076543873
0.11102513805374775
-0.004986605402622912
-0.11125425728242924
0.050411699552614014
-0.031735360483527764
-0.13824608878140066
0.11389290450424666
0.006918884071839229
-0.10416431264117781
0.2717941937055063
-0.3678623460468978
0.23885180191523436
0.03667275107982462
0.06984561843963152
0.12825806320194177
-0.07282865707675279
-0.056701401569929644
-0.2065007865997845
-0.05903135779627158
0.014927212273855316
0.031171314012858206
0.09309756666992698
0.07430109009239573
-0.0764609749971879
0.09944722760225079
-0.0411062658569781
0.007017323307513798
-0.012424526545334352
-0.056978513919141535
-0.021526596894108768
-0.07174228134849436
-0.024716089027105148
0.00884090306938734
-0.012685881294944107
-0.03553059224711376
0.09156734271638474
0.03784698389282204
0.02408107317289121
-0.008391953721656888
0.10807322355564358
0.03809843396693441
0.1776350950516853
0.10165267252460228
0.07277941072180848
0.19611555464417496
0.09623239863232722
0.031006145935125892
-3.191891195797325e-16
-0.19611555464417596
0.0962323986323279
0.10165267252460099
-0.07277941072180683
-0.03809843396693455
0.17763509505168595
-0.008391953721657436
-0.10807322355564324
-0.037846983892822886
0.02408107317288999
-0.035530592247113135
-0.09156734271638427
-0.008840903069387326
-0.012685881294944336
-0.07174228134849359
0.024716089027105412
0.056978513919140494
-0.021526596894108074
0.007017323307514221
0.01242452654533388
-0.09944722760225039
-0.041106265856977894
0.07430109009239635
0.07646097499718835
-0.031171314012858123
0.09309756666992668
-0.059031357796270875
-0.014927212273855128
0.05670140156992945
-0.20650078659978427
0.12825806320194197
0.07282865707675154
-0.03667275107982419
0.06984561843963229
-0.3678623460468968
-0.2388518019152337
