33.52760397267556
-1.7759581889245648e-16
0.2829736366681699
-0.3220718302069151
2.373226535605128
-1.6265880704478206e-15
-0.282973636668157
-0.322071830206916
4.330581595945073
-0.3142246097488653
0.6561638486308402
-0.8680935444292984
2.3139591293526567
1.0109663191079255e-15
-0.6561638486308368
-0.8680935444292953
4.330581595945071
0.3142246097488663
-0.022635145202789475
0.30503982991716444
-0.36333482115556015
0.03317768084233293
0.2113600832414908
-0.42849002893642646
1.5106679258140876
-1.0777772826533723e-16
-0.2113600832414944
-0.42849002893642735
-0.36333482115556537
-0.033177680842333156
0.022635145202792695
0.3050398299171625
0.06790374839206487
0.15765452811465366
-0.2356958237310256
0.16920383131008165
-0.09771529724948319
-0.3929284468702802
0.028376656936512645
-0.0032305511399084498
-2.237199832415399
-3.001485690781047e-16
-0.028376656936511313
-0.003230551139909949
-0.09771529724948194
0.39292844687027967
0.23569582373102776
0.1692038313100796
0.06790374839206748
-0.15765452811465402
0.009446410192322563
-0.11405594565268996
0.25217547162097953
0.4394985045804389
-0.2107906294872137
0.48168460701487126
0.19329802674447036
-0.29115463884975185
0.3437938629966306
0.02112802087135888
-0.22712828406178653
2.5635519072205165e-16
-0.3437938629966303
0.021128020871355877
0.19329802674447166
0.29115463884975323
0.21079062948721383
0.48168460701487215
0.2521754716209805
-0.43949850458043754
-0.009446410192322369
-0.11405594565268816
-0.7647657254081746
-0.05803441327385453
0.29176085404564306
-0.2605725461421763
0.022746355861032908
0.3819703664997796
-0.30137575993177484
0.4115521725717049
-0.9728145755317406
0.11777385332352255
0.10965820643110097
0.25518911611457046
0.25989960351671454
-2.1684043449710089e-16
-0.10965820643110069
0.2551891161145706
-0.9728145755317412
-0.11777385332352217
0.30137575993177496
0.4115521725717071
0.02274635586103302
-0.381970366499779
-0.291760854045644
-0.2605725461421755
-0.7647657254081727
0.05803441327385467
-0.3104418610572368
-0.03854616301356513
-0.12997543009451692
-0.12322182838167323
0.2842140816369589
-0.21784017511200643
0.1718202412757218
0.1190612971166132
-0.07944867847800054
-0.059253891826249565
0.03532006875949821
-0.04626058536803002
0.03644880090158539
0.1395296376122782
-0.21051029470859856
-3.608224830031759e-16
-0.03644880090158617
0.1395296376122782
0.035320068759499154
0.04626058536802987
0.07944867847799991
-0.05925389182624881
0.17182024127572276
-0.1190612971166134
-0.28421408163695944
-0.21784017511200637
-0.12997543009451742
0.1232218283816725
0.3104418610572375
-0.03854616301356584
-0.3419506577582808
0.09863913773849214
-0.1857154837293347
-0.006395557448710898
-0.3870972895726293
-0.26706482775444207
0.378167485626942
-0.006503495065193848
-0.21735607615839708
0.2696673634309621
-0.07759925825441641
-0.03723215735939675
0.05764151539864276
-0.02733929390503352
0.4395125540875183
-0.09317621398616224
0.3133920156794704
-6.938893903907228e-17
-0.43951255408751705
-0.09317621398616212
0.057641515398641874
0.027339293905033674
0.07759925825441674
-0.037232157359397076
-0.21735607615839725
-0.2696673634309628
-0.3781674856269418
-0.006503495065193585
-0.38709728957262957
0.26706482775444235
0.18571548372933577
-0.0063955574487109534
-0.3419506577582807
-0.0986391377384927
-0.16108194682038962
-0.0374568146197847
0.009705941317416006
0.055702352279469215
-0.2948439414824934
0.020077609011497584
-0.2726290899893026
-0.29053574154910033
0.203881599644196
-0.11549150022198917
-0.10096297142380899
0.0901602997103621
-0.25609995484038
0.04633791569563464
-0.38239210917106137
0.08179372813061983
0.351391859179106
0.0353525142001571
0.2909023835621641
2.3592239273284576e-16
-0.3513918591791056
0.0353525142001564
-0.38239210917106203
-0.0817937281306198
0.2560999548403807
0.04633791569563494
-0.10096297142380938
-0.09016029971036212
-0.20388159964419508
-0.1154915002219891
-0.27262908998930363
0.2905357415491009
0.2948439414824937
0.020077609011498125
0.00970594131741584
-0.05570235227946852
0.16108194682038995
-0.0374568146197843
0.06929247572908187
0.013088629328269194
0.024365868974547386
0.10403303602295967
-0.15366058359315896
0.18289307714949576
-0.16489120676181804
0.025471125929596106
-0.033044197978452206
-0.16546337026670968
0.05480353322273776
-0.006176145986430102
0.05282210991091146
-0.07117845992371685
0.004516451338298415
-0.06443687065861022
0.17794408280183704
-0.02729043903081698
0.05304973101112276
0.06778905639468819
-0.03775730736808597
-2.8362728832220796e-16
-0.05304973101112276
0.06778905639468834
0.1779440828018362
0.027290439030816564
-0.004516451338297929
-0.06443687065861005
0.0528221099109111
0.07117845992371682
-0.05480353322273829
-0.006176145986429717
-0.03304419797845315
0.16546337026670943
0.16489120676181745
0.025471125929595703
-0.15366058359315854
-0.18289307714949565
-0.02436586897454694
0.10403303602295905
0.06929247572908287
-0.01308862932826911
-0.018640604145995998
0.0053141296850050534
0.006870847439644001
-0.1270821048985567
-0.027476504086735663
-0.0671441466276942
-0.051312463254915286
0.10150068436459113
-0.10744873323350637
0.05558809195142775
-0.06735449814072654
-0.04244926717480356
0.013715929782239726
0.104319822978751
-0.10528432903341106
0.13930645632989466
0.03300279490277675
0.025643466617460642
0.19592734927788458
0.014505602938559018
0.10023862205585946
0.03737820576304324
-0.03046140320314901
-2.2898349882893854e-16
-0.10023862205586004
0.0373782057630436
0.19592734927788485
-0.014505602938558834
-0.03300279490277701
0.02564346661746114
-0.10528432903341095
-0.13930645632989394
-0.013715929782239445
0.10431982297875114
-0.06735449814072632
0.04244926717480301
0.10744873323350648
0.05558809195142744
-0.05131246325491551
-0.10150068436459125
0.027476504086735458
-0.06714414662769498
0.006870847439644043
0.12708210489855667
0.01864060414599708
0.005314129685004984
0.16359350539677806
-0.03623740145580291
0.012484342769510605
0.11999328406007373
0.059172442063477056
0.05032014412958463
0.036842913794740806
0.02856856762205054
0.020985930529675734
0.03470586040550545
-0.06785848935144247
-0.0619320155676118
0.10401074061466695
-0.09591545880155403
-0.008920785952706234
-0.05878950429221439
0.11389772890504785
0.048602664256672805
-0.09336597675940798
0.04171572931091888
0.08769303223174063
0.04941828425458686
0.08570217854242325
0.037910323615975294
0.09036824492693993
2.220446049250313e-16
-0.08570217854242268
0.03791032361597555
0.08769303223174058
-0.04941828425458622
0.09336597675940767
0.04171572931091869
0.11389772890504815
-0.0486026642566728
0.008920785952706067
-0.05878950429221457
0.10401074061466684
0.09591545880155374
0.06785848935144212
-0.061932015567611604
0.02098593052967604
-0.03470586040550612
-0.036842913794741465
0.028568567622049873
0.05917244206347747
-0.050320144129584715
-0.012484342769510413
0.11999328406007329
0.16359350539677794
0.036237401455802815
0.09839317812484133
0.034080458679295544
0.014377231089734266
-0.1413803892194079
0.019861851005230927
-0.0296523249789584
-0.01903606488220779
-0.010108700265327203
-0.006554901484663346
0.009341409246595711
-0.006976477768145261
0.07441722055859105
0.02785885377790928
0.02539720608682884
0.05456587502307192
-0.05265759640753821
-0.005374111274255744
-0.04537202021636875
0.06051430259106351
-0.06040051089072357
0.09644223100408014
-0.07202198555276901
0.06910934714793926
-0.002061368703327765
-0.08444679134460137
-0.07451333871621674
-0.05353373226340653
-4.85722573273506e-17
0.08444679134460187
-0.07451333871621652
0.06910934714793879
0.0020613687033275985
-0.09644223100407999
-0.07202198555276906
0.06051430259106311
0.06040051089072281
0.005374111274256438
-0.0453720202163691
0.05456587502307184
0.05265759640753824
-0.027858853777909164
0.02539720608682871
-0.006976477768145303
-0.07441722055859176
0.006554901484663117
0.009341409246595628
-0.01903606488220716
0.010108700265327245
-0.019861851005231246
-0.029652324978958318
0.014377231089734654
0.14138038921940804
-0.09839317812484107
0.03408045867929514
0.07390629367953201
-0.046252875883365685
-0.022694531160584404
0.07588914592551092
0.12279106088016711
-0.012362847112819444
0.008146160560645294
0.03561080220481859
0.05303399624711941
-0.026583757549265237
-0.02170207473120879
-0.05148148168427043
0.044673402814979724
0.0004562646999888842
-0.05089525471292214
0.006946510509186335
0.01371959384799738
0.0006662890458876136
-0.08415076600798546
0.016090051661173242
-0.09033761233347354
-0.019281615970739144
0.06357934605918927
-0.036543059439918396
-0.10810162755261912
0.006168835365718273
-0.09080370830524177
-0.0774593723389247
-0.1508793675815422
2.7755575615628914e-17
0.09080370830524245
-0.07745937233892511
-0.10810162755262002
-0.006168835365717988
-0.06357934605918968
-0.03654305943991819
-0.09033761233347376
0.01928161597073952
0.08415076600798556
0.016090051661173194
0.013719593847997227
-0.0006662890458877593
0.05089525471292177
0.0069465105091861025
0.04467340281497978
-0.0004562646999888044
0.021702074731208706
-0.05148148168426964
0.05303399624711916
0.026583757549265362
-0.008146160560646074
0.03561080220481844
0.12279106088016696
0.01236284711281982
0.02269453116058437
0.07588914592551096
0.0739062936795317
0.04625287588336668
0.14130951939573996
0.07274574875905024
-0.03856610165059775
-0.05469631880080699
0.02042815270979062
-0.07479121285266632
0.09995034534809231
-0.07228514387282167
0.020836494668428775
0.09192249419226022
-0.017105682842660223
0.05512781922776379
0.08107414980697804
-0.0019089030191814377
0.053567107119555965
0.03789034534688129
-0.0805098151882198
-0.045014215811949254
0.07954194163095667
-0.009312430874817158
-0.09830124016421173
0.05159957226101888
-0.025182794207983063
-0.03860094422508634
-0.1550016908345424
0.07040795292347378
-0.09203096219817136
0.005215612381830924
0.01784147857732013
0.10270191732476283
-0.13037013906245426
1.5265566588595902e-16
-0.01784147857732002
0.1027019173247635
-0.09203096219817136
-0.005215612381831165
0.15500169083454288
0.07040795292347349
-0.025182794207983424
0.03860094422508647
0.0983012401642123
0.05159957226101915
0.07954194163095699
0.009312430874816827
0.08050981518822012
-0.04501421581194935
0.053567107119556576
-0.03789034534688068
-0.08107414980697807
-0.0019089030191813613
-0.01710568284266047
-0.055127819227764066
-0.0208364946684286
0.09192249419226005
0.09995034534809324
0.07228514387282155
-0.020428152709790953
-0.0747912128526662
-0.0385661016505979
0.054696318800807546
-0.1413095193957398
0.07274574875905032
-0.0295799191329838
-0.06116208900282154
0.026681925295631733
0.0669642344100189
-0.012042807403423755
0.045887456679404165
-0.0845208111085193
-0.04283485690608091
0.10369320304624272
-0.08656408612342954
0.009547378949231251
0.0025273578588963647
0.007772634195198094
0.014971097586694775
0.025320887646634774
0.034397929512220975
0.04819209321016284
0.09580218642521497
-0.01884458730344743
0.06343284895767556
-0.03855620387887401
0.06615147175809916
-0.029871682159041527
0.09685675479738229
-0.02001413638922811
0.07634697535922824
-0.16746721307426762
0.11653776580115682
-0.06246027635194734
0.015880437342991216
0.06600234016270012
0.16193396179028813
-0.04749795606572943
5.898059818321144e-17
-0.06600234016270008
0.16193396179028807
-0.06246027635194759
-0.01588043734299128
0.16746721307426693
0.1165377658011569
-0.02001413638922757
-0.0763469753592282
0.029871682159041894
0.0968567547973823
-0.03855620387887426
-0.0661514717580993
0.018844587303447652
0.0634328489576758
0.04819209321016282
-0.09580218642521514
-0.02532088764663478
0.03439792951222112
0.007772634195198205
-0.014971097586694362
-0.009547378949230904
0.002527357858896781
0.10369320304624294
0.08656408612342961
0.084520811108519
-0.04283485690608091
-0.012042807403424033
-0.04588745667940437
-0.02668192529563175
0.0669642344100185
-0.029579919132984328
0.061162089002821905
0.04393001592451934
0.03386040500451157
0.07391706214129384
0.021403334198234175
0.18152822869461235
0.13636995462998894
-0.024858275009080485
0.05760056333379719
0.014175657907902033
-0.0636905016225055
0.12002812045624336
-0.017107425954734107
-0.004395804733831499
0.010349215965859707
0.02251122931096851
-0.059901824568785095
0.05321089430415887
-0.04147982813524059
0.07223072271142258
-0.013031005498810644
0.02581897670395858
7.649617417252591e-05
-0.050344486423126715
0.06672589888374499
-0.008963646105411758
-0.033914058052140456
0.1378300276179837
0.07668952193520003
-0.04744044527879231
0.04251941078774296
-0.14910154375698365
0.0649655252752577
0.009283239430851048
0.010042206031946652
0.28481131328656784
-8.326672684688674e-17
-0.009283239430850992
0.010042206031946034
-0.14910154375698348
-0.06496552527525797
0.047440445278793056
0.04251941078774327
0.1378300276179836
-0.07668952193520007
0.00896364610541154
-0.03391405805214037
-0.05034448642312599
-0.066725898883745
-0.02581897670395862
7.649617417189447e-05
0.07223072271142264
0.013031005498810627
-0.05321089430415879
-0.041479828135240586
0.022511229310968356
0.05990182456878518
0.004395804733831693
0.010349215965859908
0.12002812045624273
0.017107425954734072
-0.014175657907901817
-0.06369050162250572
-0.024858275009080305
-0.057600563333797546
-0.18152822869461238
0.13636995462998905
0.0739170621412938
-0.021403334198234487
-0.043930015924519436
0.03386040500451118
-0.1149208394195485
-0.019818405296032765
-0.05980038530198343
-0.09163496259209936
-0.033129754582146925
-0.12078819198527777
0.022972476564612484
0.056593432301202964
-0.09405060310967825
0.04215726830284437
-0.027003424304415775
-0.06366376384657943
0.05690361682060108
0.018465551993234026
0.00812505897445756
0.042642533255393245
-0.03507916271326697
-0.025477000599760775
0.0768433341149976
-0.03953702538702074
-0.002765859687933747
-0.05738730175355491
0.09953181396032808
-0.051087972106862736
-0.056396889188570005
-0.016155805108690833
0.04030845108483272
-0.10054744838961671
0.03869177368222751
-0.013195736134570948
0.13132334217324293
-0.1706416237453046
0.006250481942315644
0.022639875226565014
-0.07533619479141028
-0.17395019882302595
0.06499450852277397
-1.6653345369377348e-16
0.0753361947914106
-0.17395019882302612
0.006250481942316366
-0.022639875226564844
-0.1313233421732428
-0.17064162374530428
0.038691773682227454
0.013195736134570889
-0.040308451084832525
-0.10054744838961685
-0.056396889188569874
0.016155805108690496
-0.09953181396032808
-0.05108797210686222
-0.002765859687933879
0.05738730175355494
-0.07684333411499751
-0.039537025387020766
-0.03507916271326724
0.025477000599760713
-0.008125058974457575
0.04264253325539302
0.05690361682060105
-0.018465551993234436
0.02700342430441649
-0.0636637638465793
-0.09405060310967775
-0.042157268302844025
-0.022972476564612883
0.056593432301203395
-0.03312975458214655
0.12078819198527793
0.059800385301983235
-0.09163496259209933
-0.11492083941954875
0.01981840529603328
