40.7186384448306
7.116262343791711e-16
-0.9294745709952483
-3.240633250838921
-8.827781024943029
-6.1255862348513345e-15
0.929474570995225
-3.2406332508389215
8.78936130343168
0.8419362433788752
0.12742019229598162
1.1058681472338048
4.102482476379696
2.2735017787014577e-17
-0.12742019229596682
1.1058681472338072
8.789361303431697
-0.8419362433788768
-0.08168203887964136
-1.2182431048063072
-2.1280930203278032
-1.0604427731009471
0.6952033016496453
-0.4237697700945827
-2.363038039544242
2.0057559601976298e-15
-0.695203301649638
-0.42376977009458033
-2.1280930203277983
1.0604427731009491
0.08168203887966072
-1.2182431048062992
2.39819212345826
0.35929752792659975
-0.8839148933384248
0.35313219195854556
1.1618987608264226
0.7118558191918978
-0.7749541762998747
-0.01052669505284535
-1.4826569173276203
-7.838297148112516e-16
0.7749541762998697
-0.010526695052845855
1.1618987608264197
-0.7118558191919
0.8839148933384215
0.3531321919585405
2.3981921234582497
-0.3592975279265995
-0.20446959775895246
-0.1949314195190341
-0.7092677650685214
-0.31959321610652525
0.9765866271983704
0.19325055320737503
-1.331978867490677
-0.1369392884142001
0.796763532786634
0.9363344776441243
0.5539473573186738
-6.945647186433106e-16
-0.7967635327866356
0.9363344776441268
-1.331978867490675
0.13693928841419878
-0.976586627198364
0.19325055320737283
-0.7092677650685211
0.31959321610652436
0.20446959775894724
-0.19493141951903525
0.09846922461282615
0.13004263091187296
-0.2946814231943617
0.1075847134702336
0.6214930124740062
0.185872996346269
-0.5573001575623048
-0.12450165310651345
-0.8783386852454803
-0.2474242146380375
-0.4584144696803022
-0.4986307278965664
0.6917224760553459
-9.992007221626409e-16
0.4584144696803023
-0.49863072789656826
-0.8783386852454789
0.24742421463803532
0.5573001575623018
-0.12450165310651168
0.6214930124740058
-0.18587299634626517
0.2946814231943594
0.10758471347023228
0.09846922461282548
-0.13004263091187218
-0.1183295495565358
0.4516536517724677
-0.057563395146136793
-0.03466219162019252
0.10314542070703496
0.11691122102018503
-0.8984221334382592
0.03782479961598767
0.4579934006163208
0.6301075145116843
0.34740808326981526
0.23541731281010692
-0.16975641329842484
0.38815337357423363
-0.4566606248869185
1.6653345369377348e-16
0.16975641329842361
0.38815337357423435
0.3474080832698172
-0.23541731281010775
-0.457993400616324
0.6301075145116859
-0.8984221334382578
-0.03782479961598814
-0.10314542070703658
0.11691122102018409
-0.0575633951461368
0.03466219162019257
0.11832954955653296
0.4516536517724644
-0.4234125012511068
-0.05980103428280679
-0.13423663219106835
-0.33458835468281445
0.023014919941452827
0.06479270199582388
0.10811654547867994
0.02781052925089192
-0.18669628610559347
-0.24392215394395364
-0.2236421897852175
-0.3610832899978674
0.23332739865419833
-0.07918252660388952
0.1437030600381416
-0.3787042635761009
-0.18745621614512614
-9.159339953157541e-16
-0.14370306003814362
-0.37870426357610076
0.23332739865420035
0.07918252660388847
0.22364218978521658
-0.3610832899978666
-0.18669628610559347
0.24392215394395242
-0.10811654547867729
0.027810529250891503
0.023014919941452272
-0.06479270199582318
0.1342366321910708
-0.3345883546828145
-0.4234125012511062
0.05980103428280602
-0.04113105472467804
0.5607059144075976
-0.09676615761830083
0.1709010969264894
0.014815793893969559
0.5009010748211977
-0.18329926596474344
-0.04845025909057077
0.03063456848862186
0.18451270092169572
0.09835810488341656
0.21368834635239278
-0.03142530472299565
0.06858612944310086
0.31892893374465364
0.08292089709146591
0.1734281952351573
0.20068025977779597
0.020814960971071272
-1.0824674490095276e-15
-0.17342819523515465
0.20068025977779463
0.3189289337446572
-0.08292089709146618
0.03142530472299443
0.068586129443101
0.09835810488341717
-0.213688346352393
-0.03063456848862335
0.1845127009216974
-0.18329926596474144
0.04845025909057232
-0.01481579389397103
0.5009010748211996
-0.09676615761829997
-0.17090109692649014
0.041131054724680316
0.5607059144075995
-0.5013466339680404
-0.08416293532793084
0.02877956273040705
-0.2118463704781539
-0.008199308953194817
-0.09790236869667168
0.037467838075603305
-0.29223737296733265
-0.10872874502056962
-0.022150087715648484
-0.02451558455228664
-0.1210071769362768
0.12410055808620382
-0.03879283196361605
-0.07155536154075726
-0.19324850456728332
-0.12201076632156883
-0.14549846033369612
-0.08310100947805632
-0.18451050000548488
0.14745457053900712
-3.3306690738754696e-16
0.08310100947805776
-0.18451050000548458
-0.12201076632156801
0.14549846033369573
0.0715553615407587
-0.19324850456728304
0.1241005580862036
0.03879283196361613
0.024515584552285932
-0.12100717693627566
-0.10872874502057031
0.0221500877156484
-0.037467838075604845
-0.292237372967331
-0.008199308953194304
0.09790236869666938
-0.028779562730407438
-0.21184637047815402
-0.5013466339680411
0.08416293532793269
-0.017317707410851008
0.3386274463314455
-0.046612556553466605
0.1366023386047384
-0.08069703207969206
0.27639189324225755
-0.088331742049409
0.026532708140777517
0.012540411859727874
0.20986182304481826
0.0328061237078916
-0.009690122215315455
-0.020031186064727646
-0.06697288926559353
0.1925493637189314
-0.05716312802109211
0.043613898722158456
0.015493753881772626
-0.18637406965374873
0.09058800349655216
0.04369507868391764
-0.02431706865282296
0.05195709615927191
-1.249000902703301e-16
-0.04369507868391731
-0.024317068652821603
-0.1863740696537495
-0.09058800349655138
-0.04361389872215704
0.015493753881774548
0.1925493637189296
0.057163128021092774
0.02003118606472909
-0.0669728892655933
0.032806123707893126
0.009690122215316843
-0.012540411859727651
0.2098618230448172
-0.08833174204940845
-0.02653270814077685
0.08069703207969392
0.2763918932422547
-0.04661255655346769
-0.13660233860473875
0.01731770741084887
0.3386274463314455
-0.23400725566382574
-0.11760971272252596
0.1307816091129262
-0.09357544212397648
-0.1177415437879939
-0.19156733582158178
0.03318599685150876
-0.1342503300049035
0.05605121832277976
-0.03336391774603836
0.039485879802693274
-0.25753154661980715
0.0586949469265535
0.051617161091185304
-0.04898033080022253
-0.15768322285710712
-0.036982827374361205
0.09003243587984165
0.15536061890070413
-0.057376023325638376
-0.02251050235728108
-0.009183802907331423
-0.19583418617422327
-0.04290338452671991
0.01331672549188373
3.885780586188048e-16
0.19583418617422343
-0.04290338452671971
-0.022510502357283246
0.009183802907331395
-0.1553606189007043
-0.057376023325639874
-0.03698282737436301
-0.0900324358798412
0.04898033080022131
-0.15768322285710734
0.058694946926553734
-0.05161716109118414
-0.0394858798026923
-0.25753154661980865
0.05605121832278094
0.03336391774603781
-0.033185996851507485
-0.1342503300049048
-0.11774154378799569
0.19156733582158234
-0.13078160911292477
-0.0935754421239764
-0.23400725566382707
0.11760971272252434
0.1466788138829591
0.18787080413683666
-0.06338771083450297
0.02708111581384265
-0.039381147970311114
0.25003721268030654
0.11896653341967911
0.14747845411738159
0.039295499543880896
-0.04105408951088202
0.04691192406097139
0.02478530276061086
0.005739095702150254
0.06138953239567557
0.19540581133692417
-0.05305715292630264
0.0022595186037957862
-0.04334207523529583
0.11242877922696987
-0.10436570290458513
-0.0257364840136734
-0.037252911077229306
0.20039393376746295
0.01956617224344548
0.17600099023137253
-0.003164315990818456
0.21408461756604297
2.636779683484747e-16
-0.17600099023137347
-0.0031643159908199547
0.20039393376746295
-0.019566172243446
0.02573648401367251
-0.03725291107722928
0.11242877922696981
0.10436570290458569
-0.0022595186037977083
-0.04334207523529435
0.1954058113369255
0.053057152926303086
-0.005739095702150476
0.061389532395676294
0.046911924060971555
-0.024785302760611083
-0.039295499543880924
-0.04105408951088034
0.11896653341967939
-0.14747845411738186
0.03938114797031139
0.2500372126803077
-0.0633877108345001
-0.027081115813841837
-0.14667881388295842
0.1878708041368352
-0.18386777652949743
-0.029376596324126827
-0.028016890482795043
0.05836669774108212
-0.11834127243643917
-0.00805036325166103
-0.014019665045389124
-0.18923722593443565
-0.0707314410923934
-0.050597950890440654
-0.040488708993571314
0.010225554134571949
0.09339286548922106
0.004250468200739044
-0.09522380655366308
-0.010587327510707512
-0.044431139998121344
0.10006324464575261
0.030567536887038567
0.22296651354445066
-0.25460637080887194
0.07422488262975258
-0.18087376156355583
0.18825350985806985
-0.05258475873777635
-0.06284803764005586
-0.10464908510624632
0.16039484106436352
-0.28003404679433075
1.2212453270876722e-15
0.10464908510624489
0.16039484106436377
-0.05258475873777635
0.06284803764005516
0.18087376156355583
0.1882535098580722
-0.25460637080887016
-0.07422488262975188
-0.03056753688703845
0.2229665135444523
-0.04443113999812015
-0.10006324464575223
0.09522380655366419
-0.010587327510707956
0.09339286548922088
-0.004250468200739432
0.04048870899357043
0.010225554134572018
-0.07073144109239302
0.05059795089044064
0.014019665045389249
-0.18923722593443373
-0.11834127243643751
0.00805036325166153
0.028016890482794488
0.05836669774108322
-0.18386777652949743
0.029376596324127507
0.009797083371176143
-0.026635578326869247
-0.003399637215963869
-0.0782756621761323
0.010140232011645434
0.03346041899180652
0.034030122923300654
-0.04028219696114574
0.004363020424619057
0.0933240216877585
0.102576838101475
-0.03809698788530769
-0.009191833863771592
-0.025131624044854917
-0.12332614235275056
-0.06494960167238562
0.030075242599824886
0.04570867644920018
-0.04104366415494587
-0.12097979661435972
0.00571283124756608
0.011166161448888934
-0.005583421906123119
-0.007022836840280378
0.10698003235687625
0.0446655532697825
0.052740662596076515
0.06837245048439672
0.012710687340631244
-0.03557651823885685
-0.10800023006081305
4.996003610813204e-16
-0.01271068734063334
-0.03557651823885649
0.05274066259607668
-0.06837245048439605
-0.10698003235687578
0.044665553269783234
-0.005583421906122613
0.0070228368402806
-0.005712831247565997
0.011166161448890016
-0.04104366415494609
0.12097979661435881
-0.030075242599824248
0.045708676449199445
-0.12332614235275036
0.064949601672386
0.009191833863771204
-0.025131624044855694
0.10257683810147561
0.03809698788530848
-0.004363020424619002
0.09332402168775822
0.034030122923299405
0.04028219696114721
-0.010140232011645767
0.033460418991806906
-0.0033996372159663113
0.07827566217613213
-0.009797083371176324
-0.026635578326868525
-0.053742856904774816
-0.16658453845277035
0.14591474977968288
0.056389257617647154
-0.07964331654365324
-0.1470550130696719
0.015050236849914966
-0.06713815079731777
0.016204120475259404
0.04127841894931841
0.026780668744387642
-0.22387075215539698
-0.05567900415210031
0.040463937201807174
-0.006733748268999418
-0.08721898329194956
0.006089561596114693
0.04895805139877302
0.0702760386370446
-0.02194371508923325
-0.1488497429247541
0.0012847822497650263
0.009674992555347012
0.0005569713220547889
0.03219917954401455
-0.07226683879772122
-0.011721316179104657
-0.09533081837209056
-0.17090476145209105
-0.06319087315575148
0.043128872478165214
0.12143294189959104
0.07648322316637723
-1.3183898417423734e-16
-0.04312887247816555
0.12143294189959063
-0.170904761452092
0.06319087315575109
0.0117213161791056
-0.0953308183720906
0.03219917954401408
0.07226683879772133
-0.009674992555346502
0.0005569713220541089
-0.14884974292475367
-0.0012847822497654704
-0.07027603863704393
-0.02194371508923393
0.006089561596114734
-0.04895805139877307
0.006733748268997086
-0.08721898329194949
-0.05567900415210027
-0.04046393720180638
-0.026780668744388586
-0.22387075215539726
0.0162041204752591
-0.04127841894931916
-0.015050236849915466
-0.06713815079731922
-0.07964331654365413
0.1470550130696712
-0.14591474977968316
0.05638925761764627
-0.05374285690477432
0.16658453845277052
0.1281238250021937
-0.3352309026848419
0.10431657581599249
0.10028929995444355
0.07696417080544829
-0.23466686141312035
0.09007230500751917
0.19316895048939076
0.0005748375713666015
-0.20369805497468357
0.1494198561389239
0.04852706050606442
0.00318329653234517
-0.05998248131656267
0.17271168256320657
0.012038890879271971
0.040295029710104506
-0.04029709393499328
0.09255135976277187
0.06625524057905424
-0.009794018210222633
-0.05863090995046677
0.09813041770900895
0.10476830459082528
-0.039796233206197934
-0.1463624810643515
0.1673643680974844
0.11167366529370787
0.09073814428247973
-0.09321082510597731
0.05726370089898025
0.0080998018240111
-0.03537675225574262
-0.2335695968302124
0.2673323442667659
3.3306690738754696e-16
0.035376752255741994
-0.23356959683021208
0.05726370089898025
-0.008099801824011307
-0.09073814428247975
-0.09321082510597758
0.16736436809748456
-0.11167366529370781
0.039796233206197795
-0.14636248106435193
0.0981304177090098
-0.1047683045908257
0.009794018210222744
-0.058630909950465715
0.09255135976277151
-0.06625524057905455
-0.040295029710103514
-0.0402970939349927
0.17271168256320718
-0.012038890879273373
-0.0031832965323439003
-0.059982481316562614
0.14941985613892472
-0.04852706050606642
-0.0005748375713656578
-0.20369805497468318
0.09007230500751998
-0.1931689504893896
-0.07696417080544728
-0.234666861413121
0.10431657581599332
-0.10028929995444376
-0.12812382500219222
-0.3352309026848417
0.13258144526136403
0.031171660054770567
-0.13763562118348055
0.12637115777167596
-0.08190970540946382
-0.08047364848414201
-0.023844966050177302
0.18674386751712024
0.03403666665894106
-0.10958186863639327
-0.11497748918321621
0.1739668074869971
-0.04183056647581773
0.02214375354022724
-0.0007986742997525692
0.23913766585272916
-0.16731906474582617
-0.09619163301165103
-0.07724964012002777
0.3335992158554614
-0.012337381772130292
-0.17368858774372492
0.02961130433121742
0.2817824685902579
0.10398134757608823
-0.028161974614437014
-0.10859275711702882
0.22486427857519642
-0.08998190223031771
-0.026049659042490236
-0.0193925342305548
0.2109910213205396
-0.09166432088664528
-0.010575853400792923
-0.27035765702771963
0.18476579827239623
0.0004592034441177617
-1.1102230246251565e-16
0.2703576570277198
0.18476579827239684
-0.09166432088664503
0.010575853400793034
0.01939253423055462
0.21099102132053968
-0.08998190223031752
0.02604965904249052
0.10859275711702981
0.22486427857519725
0.1039813475760874
0.028161974614436897
-0.029611304331216767
0.28178246859025874
-0.012337381772130424
0.17368858774372503
0.07724964012002754
0.33359921585546143
-0.16731906474582597
0.09619163301165008
0.0007986742997531104
0.23913766585272883
-0.041830566475817677
-0.022143753540226907
0.11497748918321665
0.17396680748699725
0.03403666665894112
0.10958186863639283
0.023844966050177274
0.1867438675171209
-0.08190970540946357
0.08047364848414135
0.13763562118348066
0.12637115777167696
0.13258144526136412
-0.031171660054770872
