66.66728360841837
4.548009499723255e-15
3.070895236812772
-6.846983296300116
-2.152955331732408
3.463745487515859e-16
-3.0708952368128064
-6.84698329630013
2.3586109511658293
-0.7583115720197176
0.6080933611789008
-0.03793789663278536
1.5410785449881532
-5.545213811624421e-16
-0.6080933611788986
-0.03793789663278826
2.3586109511658413
0.758311572019713
1.0451644779391858
0.9495468898522096
-0.0008352181165194317
-0.35492357660371066
0.17044872519836565
0.2661131007438474
-0.5841475463910741
9.254770066751995e-16
-0.17044872519836218
0.2661131007438493
-0.0008352181165227623
0.35492357660371093
-1.0451644779391691
0.9495468898522064
-2.376016995211275
-0.13129620906833028
-0.019711814199722788
-0.17289593088560143
0.3052320140984295
-0.47430433613379086
0.5852034967451833
-0.7413315328534335
-4.400459445875607
1.7666405349680122e-15
-0.5852034967451851
-0.7413315328534376
0.3052320140984259
0.47430433613379336
0.019711814199724564
-0.17289593088560085
-2.3760169952112786
0.13129620906832798
-0.29760663017477973
1.5890063122048388
0.24302188906431366
-0.057936382772301336
0.10259917659971529
0.4772933665333479
-0.4036082657500967
-0.5948310603556242
-0.11274908021272284
0.6312047141035246
1.0046988756647024
9.253443418666257e-16
0.11274908021271554
0.6312047141035267
-0.40360826575009406
0.5948310603556236
-0.10259917659971711
0.4772933665333469
0.2430218890643125
0.057936382772302286
0.2976066301747829
1.589006312204842
-0.4800812749393861
0.5638562733695418
0.048503328030706575
-0.15899991318052886
-0.6402800311948917
-0.1468256538978404
-0.38424906582171986
-0.33974183097375016
-0.5786173965537351
-0.38841214052616846
0.42668121144183924
-0.967543275676751
-0.09248783862115323
0.0
-0.4266812114418391
-0.9675432756767495
-0.5786173965537359
0.3884121405261686
0.38424906582171814
-0.33974183097374966
-0.6402800311948913
0.14682565389783897
-0.048503328030707366
-0.1589999131805287
-0.48008127493938435
-0.5638562733695418
-0.25988925363913945
-0.18319363654716425
0.008288739251031546
-0.044539540040533995
-0.06360229468763462
0.38973033761916187
0.09804236503024351
-0.04081802596548513
-0.4929809198691275
-0.16592357926199142
-0.2988973421337796
-0.4179293426648932
0.32073502589696046
-0.6506671933652642
-0.012998074900892664
-2.484991379336776e-16
-0.3207350258969599
-0.6506671933652641
-0.2988973421337793
0.4179293426648939
0.49298091986912684
-0.16592357926199286
0.0980423650302445
0.040818025965486095
0.06360229468763397
0.3897303376191613
0.00828873925103192
0.04453954004053419
0.2598892536391392
-0.1831936365471637
0.15915669566541762
0.3091355139317129
-0.012556962873341654
0.031418882133010764
-0.2874193770359885
0.08567987806593114
-0.11494650565477343
-0.2567036861269789
0.192666616652302
0.006712860753290445
-0.1881197778756158
-0.11267077044733415
-0.6451725857710569
-0.2598854961741385
-0.30704165550270396
-0.11991727685274653
0.7215110175422197
2.0816681711721685e-16
0.30704165550270535
-0.11991727685274726
-0.6451725857710575
0.25988549617413864
0.18811977787561554
-0.11267077044733378
0.19266661665230544
-0.006712860753290029
0.114946505654774
-0.2567036861269792
-0.2874193770359884
-0.08567987806593112
0.012556962873341848
0.03141888213301143
0.15915669566541718
-0.3091355139317127
0.0932459205397258
-0.6914757734968732
-0.03188208446168006
-0.008722634610807724
-0.194554552754759
-0.05552788030701741
-0.056185609802253775
0.02495704933780675
-0.006488569032339964
-0.4707073866064344
-0.07097067494592614
-0.11812741715601738
-0.2835110629719053
-0.1684029263667062
-0.08622408723748393
0.08245461145342901
-0.06520650184813527
-0.4796503369467726
-0.5699806658391755
5.551115123125783e-17
0.06520650184813577
-0.47965033694677217
-0.08622408723748445
-0.0824546114534282
0.2835110629719047
-0.16840292636670562
-0.07097067494592668
0.11812741715601738
0.006488569032340741
-0.470707386606434
-0.05618560980225326
-0.024957049337806667
0.1945545527547595
-0.05552788030701705
-0.03188208446168028
0.008722634610807831
-0.09324592053972493
-0.6914757734968744
-0.0940439684316497
-0.29728096440627555
-0.07085536953317878
0.060349144289261886
0.12852126493361338
0.09554160715654358
0.051960801599484685
0.05636541696936992
-0.21812954790071465
0.009285290847060104
-0.18669727818407678
-0.03211687843684175
0.12641017136430352
-0.10626943969117852
-0.034869356600658305
0.25579531809637734
-0.03364695977653631
0.1296057206948581
-0.20934237478872603
0.3779572460489347
-0.25543115838966124
3.3306690738754696e-16
0.20934237478872686
0.37795724604893566
-0.033646959776536034
-0.12960572069485787
0.03486935660065872
0.2557953180963769
0.12641017136430283
0.10626943969117966
0.18669727818407664
-0.03211687843684122
-0.21812954790071412
-0.009285290847060312
-0.05196080159948496
0.05636541696936992
0.1285212649336116
-0.09554160715654472
0.07085536953317903
0.060349144289262135
-0.09404396843164972
0.2972809644062745
0.030309235091494108
-0.01820683553138369
-0.01408685054174888
0.0416451238228246
-0.07796587733909269
-0.30937089219156944
-0.03214309455533204
-0.016133122876187095
0.03245516471594537
-0.0653961521030416
-0.04849802675022935
0.026198123930347823
-0.1244101751157756
-0.2755693218251778
0.0013306657041903813
-0.018702706685839343
0.05782604936432412
0.07350635840532657
-0.042019480657013386
0.11206299201054942
-0.16978297570320416
0.15452327005742156
0.1395945136910482
2.220446049250313e-16
0.16978297570320347
0.15452327005742097
-0.04201948065701333
-0.11206299201055031
-0.05782604936432634
0.07350635840532715
0.001330665704189965
0.018702706685839565
0.12441017511577582
-0.27556932182517907
-0.04849802675022955
-0.02619812393034697
-0.03245516471594509
-0.0653961521030399
-0.03214309455533182
0.01613312287618767
0.07796587733909269
-0.30937089219157055
-0.014086850541749046
-0.04164512382282441
-0.03030923509149433
-0.01820683553138369
-0.02749869731949872
-0.28634692461525557
-0.047219911552909846
0.011997983318730879
0.0734948348045836
-0.1055519201240626
0.020045622166145
0.08214010801973101
-0.04012887520820835
0.0074100583276214965
-0.006628090314579019
0.14165847552478372
-0.0209684891100978
-0.06747667415526877
-0.05490782798077728
-0.03462797649341734
0.07282665760695858
-0.013528582893462156
0.017856114311285087
0.3067021697016685
0.08125113265128625
0.07140215941333813
0.08805910732853037
-0.11927578288245097
0.028302601915243947
3.191891195797325e-16
-0.0880591073285302
-0.11927578288245089
0.08125113265128564
-0.07140215941333893
-0.0178561143112847
0.3067021697016682
0.0728266576069582
0.013528582893462288
0.05490782798077658
-0.034627976493417145
-0.02096848911009769
0.06747667415526964
0.00662809031457855
0.14165847552478372
-0.04012887520820768
-0.00741005832762108
-0.020045622166144805
0.08214010801973042
0.07349483480458291
0.10555192012406237
0.047219911552909416
0.011997983318730778
-0.027498697319498916
0.2863469246152548
-0.033270254966284
0.31943889239433554
-0.007354967739345547
0.03532542027594025
-0.03516640132098002
-0.05322904650777065
-0.012730104074752446
0.022684931517094387
-0.007428845035745202
-0.03279649163962467
0.07084154746631739
-0.03696202899924822
0.029396096839425113
0.08515702186395072
-0.13683455061783587
0.02987067637067555
-0.05593832613000645
-0.0770688817880511
0.17556664119673904
-0.06487201281077631
0.09615122280996277
0.24917171685220318
-0.14309042459879345
-0.035374533845668577
-0.011528417204421826
-0.018281981683465703
0.21400494251435404
-9.71445146547012e-17
0.011528417204422159
-0.01828198168346594
-0.14309042459879356
0.03537453384566877
-0.09615122280996174
0.249171716852203
0.17556664119673823
0.0648720128107764
0.055938326130006266
-0.0770688817880507
-0.13683455061783598
-0.029870676370675128
-0.029396096839425012
0.08515702186394927
0.07084154746631738
0.036962028999248775
0.007428845035745091
-0.03279649163962471
-0.012730104074752516
-0.022684931517094005
0.03516640132098005
-0.05322904650777094
-0.007354967739345741
-0.035325420275940975
0.03327025496628505
0.3194388923943344
0.11630044570580698
0.08055343696487755
-0.0066131091716232215
-0.020793116617310363
0.04610208650322331
-0.10184814128015446
0.014030299845291666
0.012795078625696177
0.032575306748825444
-0.022153951142144496
-0.0026213749151398347
0.0286643612575031
0.07836209415685047
-0.09126044647666923
-0.017474418417729627
0.018772610757731345
-0.02497550101164553
0.019811480979057217
0.09620243496664038
-0.14898410096185666
0.079868147474443
-0.08399414990159804
-0.12819759128844033
-0.1252527201148037
0.0014417374115242645
-0.041195733469811105
0.1932463192185815
-0.32943244005112254
0.03348344650055071
4.440892098500626e-16
-0.19324631921858104
-0.32943244005112216
0.0014417374115240356
0.041195733469812756
0.12819759128844121
-0.12525272011480437
0.07986814747444226
0.0839941499015987
-0.09620243496664069
-0.14898410096185666
-0.024975501011645862
-0.019811480979056995
0.01747441841772994
0.018772610757731414
0.07836209415685061
0.09126044647666962
0.002621374915139852
0.028664361257502866
0.032575306748825875
0.02215395114214408
-0.014030299845291527
0.012795078625696586
0.04610208650322273
0.10184814128015386
0.00661310917162336
-0.020793116617311203
0.11630044570580633
-0.08055343696487706
0.12658270617760858
0.1138877010239023
-0.0048312114363942005
0.006118050565272842
-0.032213872702033346
0.12713034365223488
-0.020771870184923366
0.011208057726350723
0.03079721930245706
0.013065056525699503
0.01711536354667792
-0.0025593807371736277
-0.03168937247622566
0.0654646359673419
0.02126740663311691
-0.010095816699077567
0.023796484395165407
0.03478395370823452
-0.1511195539434208
-0.13063400060413294
0.04515756902543216
0.00821473854642367
-0.008328236448893106
-0.019489005622705835
-0.08860971089558123
-0.041862847930505376
-0.15120865284591847
-0.07019539777518306
0.10818324050225277
-0.16155214459896186
-0.2546315539207168
2.220446049250313e-16
-0.10818324050225325
-0.1615521445989613
-0.1512086528459191
0.07019539777518355
0.08860971089558059
-0.041862847930504654
-0.008328236448893411
0.019489005622705863
-0.04515756902543226
0.008214738546423517
-0.1511195539434205
0.13063400060413355
-0.023796484395166115
0.034783953708235074
0.021267406633117325
0.010095816699077748
0.031689372476226094
0.06546463596734166
0.01711536354667763
0.0025593807371746546
-0.030797219302456158
0.013065056525700891
-0.020771870184923782
-0.01120805772635071
0.03221387270203273
0.1271303436522343
-0.004831211436394561
-0.006118050565272683
-0.12658270617760825
0.11388770102390249
0.01671101501893893
0.1495200066372195
0.010117594249007128
-0.026949300333511655
0.060580806745883606
0.08996990783938422
0.010374419306205244
-0.015609217357476987
0.020623135121305286
-0.09390478616736428
-0.03406540338494872
-0.033659288463100616
0.0799753948751263
0.02254624719984298
0.05202449252224407
-0.09405543265328248
0.015504959047852651
-0.05524267479736403
-0.06820451319054488
-0.050294394381802665
-0.0759791336614441
-0.0472062004199921
-0.02993595007079247
-0.2188153184855326
-0.021084058164895947
-0.030716518861768766
0.07809406867847635
-0.14703819664619472
-0.1646663472534518
-0.03965125084199256
-0.2245385033045707
-0.037932012497599296
-0.12817450461289623
6.730727086790012e-16
0.2245385033045709
-0.03793201249759877
-0.1646663472534518
0.03965125084199181
-0.07809406867847651
-0.1470381966461957
-0.021084058164896086
0.03071651886176896
0.02993595007079175
-0.21881531848553318
-0.07597913366144446
0.04720620041999198
0.06820451319054409
-0.050294394381801874
0.015504959047852977
0.05524267479736385
-0.05202449252224406
-0.09405543265328233
0.07997539487512641
-0.022546247199841774
0.034065403384948796
-0.03365928846310044
0.020623135121304204
0.093904786167365
-0.010374419306205668
-0.015609217357477449
0.0605808067458837
-0.08996990783938486
-0.01011759424900728
-0.0269493003335118
0.01671101501893943
-0.14952000663721848
0.07172027695178346
-0.0838002130736556
0.011191917053833017
-0.020974246424069316
0.10285775198814731
0.019962406043373314
-0.024557800512115036
-0.04257717688936547
0.028032846675122264
0.08324820611361228
-0.04038206362684404
0.018009385546135667
-0.018497364969990562
-0.027197073589382247
-0.08959845174737063
-0.05918618346403425
0.0021485502880458918
-0.03234641938815862
-0.0535366070664926
-0.10240464797857923
-0.0758266724736052
0.0045396692485235035
-0.10338102064809859
0.03975648753226771
-0.05356133707694091
-0.07903438111762104
-0.14833709875933027
-0.12420653376481887
-0.01811567211909732
-0.052986416966450164
0.05272486721035563
0.1192313953961563
-0.0986199188107045
-0.025509749754131422
-0.1982707313130306
-3.0531133177191805e-16
0.09861991881070392
-0.02550974975413106
0.052724867210355617
-0.11923139539615656
0.01811567211909787
-0.0529864169664504
-0.1483370987593307
0.12420653376481858
0.053561337076940455
-0.07903438111762041
-0.10338102064809859
-0.03975648753226752
0.07582667247360497
0.004539669248523337
-0.053536607066492936
0.10240464797857864
-0.002148550288046086
-0.032346419388157605
-0.08959845174737033
0.05918618346403389
0.01849736496998971
-0.027197073589383808
-0.040382063626843615
-0.01800938554613564
-0.028032846675122146
0.08324820611361171
-0.02455780051211455
0.04257717688936492
-0.10285775198814831
0.019962406043373
0.011191917053832864
0.020974246424070447
-0.07172027695178412
-0.08380021307365566
-0.06671695568028711
-0.09412561995127453
0.03021850640354907
-0.02102799181382736
-0.014281999411815183
0.1353624550190981
-0.0054391650490063365
0.0015598817729341324
-0.010714537094915447
-0.0020629290070531825
-0.03840675688279599
-0.07261804640264113
0.0007176085719937664
0.0030535801807662355
0.03445512632507391
-0.0697339437406262
-0.07527374430652882
-0.015102006009342667
-0.14871495907178894
-0.09938976547293313
-0.04000671122344117
-0.09663686646315509
0.06664681482199347
-0.07749489570815798
-0.11867973350248388
0.057475058476587605
-0.21280614556536379
0.1139460462387546
-0.14630668008330863
-0.10052458934682135
0.08230198605608724
0.06753211781096166
-0.06491954114776208
0.098111009527767
-0.11291967510081657
0.13859691493307535
-0.17877367319242082
-9.992007221626409e-16
0.11291967510081666
0.13859691493307522
-0.06491954114776155
-0.09811100952776672
-0.0823019860560868
0.06753211781096151
-0.1463066800833095
0.10052458934682107
0.2128061455653639
0.11394604623875416
-0.1186797335024837
-0.057475058476587654
-0.06664681482199322
-0.07749489570815854
-0.04000671122344171
0.09663686646315572
0.14871495907178922
-0.09938976547293253
-0.07527374430652997
0.015102006009342223
-0.03445512632507393
-0.06973394374062611
0.0007176085719936276
-0.0030535801807662355
0.038406756882795864
-0.07261804640264113
-0.010714537094915988
0.0020629290070522527
0.00543916504900728
0.0015598817729348584
-0.014281999411815016
-0.13536245501909905
-0.030218506403548992
-0.021027991813827238
-0.06671695568028735
0.09412561995127425
