55.34779720964975
4.3141519875520367e-16
-4.352412757259625
2.360306009827252
0.1535582000910054
-2.743424785988276e-16
4.352412757259652
2.3603060098272457
-1.8559664881285407
-1.3599967648981242
0.9846396896942158
-0.7839979870056131
6.076637260545576
-6.875366378524778e-16
-0.9846396896942256
-0.7839979870056097
-1.855966488128547
1.3599967648981173
-0.7080040104387262
-0.7111632396929937
-0.4462925396992693
-0.8918714834634124
-0.6097657156125785
0.27221730081510725
-1.4091356804545774
-5.489236199102213e-16
0.6097657156125735
0.27221730081511264
-0.4462925396992702
0.8918714834634109
0.7080040104387232
-0.7111632396929859
-1.7104167809176216
0.9623544894404623
-0.8002314109640452
-0.12732017548413277
-1.001799741816725
-0.8304500097092397
-0.09165088106241215
0.8896809783813573
-3.5017424492389804
-6.7947127624707455e-16
0.09165088106241559
0.8896809783813575
-1.0017997418167277
0.8304500097092387
0.8002314109640477
-0.12732017548412877
-1.7104167809176105
-0.962354489440467
1.6993260393875487
0.03345841073520806
-0.18342346105024937
0.4615284861100653
-0.6773418064414236
-0.4419857581239236
-0.023094727893678658
0.1265281385739189
0.6303449445493547
0.10005071585825376
0.11379281890272239
7.50177838310273e-16
-0.630344944549357
0.10005071585825219
-0.02309472789367889
-0.12652813857391845
0.6773418064414238
-0.4419857581239254
-0.18342346105025112
-0.4615284861100635
-1.6993260393875513
0.03345841073521483
0.5387467626188797
0.4583431096046121
0.16693972498544224
0.29439287226452937
-1.008019423878872
0.39631408928985
0.21320270526716983
-0.1690659150754102
-0.17466190473969317
0.14120508074986174
-0.2714452178552056
0.4601843866767158
-1.367762983246759
8.604228440844963e-16
0.27144521785520603
0.4601843866767148
-0.17466190473969362
-0.14120508074986096
-0.21320270526716953
-0.1690659150754099
-1.008019423878872
-0.396314089289851
-0.16693972498544163
0.2943928722645287
0.5387467626188799
-0.45834310960461233
-0.21838153845170827
0.16976308038950474
0.07259693014885882
-0.17606120396801386
0.8471305296587406
0.05556062550793084
0.09540612857746117
0.014636348486838924
-0.13544376926261778
-0.0366941755562018
-0.2833922607188316
-0.09674792060284476
0.8103419844216343
-0.1482163418371401
0.14073853268495418
-7.216449660063518e-16
-0.8103419844216336
-0.14821634183713883
-0.2833922607188312
0.09674792060284418
0.13544376926261706
-0.0366941755562018
0.095406128577462
-0.014636348486839368
-0.847130529658741
0.05556062550793256
0.07259693014885948
0.17606120396801153
0.21838153845170932
0.16976308038950447
0.006436075339393887
-0.41947571091227986
-0.13191768675864118
-0.1198187181951521
0.3827172067134129
0.2437782329052514
-0.11274951714813998
0.09476567957756452
-0.2349177538430233
-0.2609606653621507
0.31053642866043046
-0.14215864522797572
0.08185077753049075
-0.006721513720160999
-0.1719422302846108
0.02202275636684925
0.060273908755748895
-5.412337245047638e-16
0.1719422302846103
0.022022756366847696
0.08185077753048964
0.006721513720160138
-0.3105364286604311
-0.14215864522797617
-0.23491775384302316
0.2609606653621516
0.11274951714814024
0.09476567957756449
0.3827172067134128
-0.24377823290525324
0.13191768675864174
-0.11981871819515257
0.006436075339394165
0.4194757109122794
-0.4298552426526035
-0.05533018490376121
-0.16189745852201023
0.15364409953744518
-0.20233662365129607
0.11777413772121076
-0.06901189779421765
-0.05016100582433411
0.14890539983770373
-0.015294678967683176
0.053406400082986805
0.01634151672443475
-0.05828325492913421
0.13552651830144472
-0.19279553196130525
-0.03215482769498591
-0.08827838666307952
0.19697569917988395
-0.09975494677155378
2.42861286636753e-16
0.0882783866630799
0.1969756991798836
-0.19279553196130647
0.0321548276949864
0.05828325492913411
0.13552651830144366
0.05340640008298715
-0.016341516724434152
-0.148905399837703
-0.015294678967683453
-0.06901189779421835
0.05016100582433471
0.2023366236512968
0.11777413772121087
-0.16189745852201026
-0.1536440995374453
0.42985524265260455
-0.055330184903761626
0.0769236972606645
-0.39382534134741337
0.02412635880914231
0.11612638695306188
-0.047954398474851834
-0.19728476677054085
-0.04781790315868062
-0.03074830445382315
0.14077249233161904
0.12330160361716579
-0.08403977176824173
-0.11276438093120719
0.023652026251447966
-0.23528804306880768
0.10002610002457007
-0.12066618178680404
0.12628520335079618
0.14706521662072097
0.12586651391775466
-0.2936203115745065
0.29942206041785124
-2.220446049250313e-16
-0.12586651391775439
-0.29362031157450585
0.12628520335079607
-0.14706521662072086
-0.10002610002456944
-0.1206661817868041
0.023652026251448285
0.23528804306880882
0.08403977176824137
-0.11276438093120707
0.14077249233162048
-0.12330160361716451
0.047817903158681174
-0.03074830445382304
-0.047954398474851834
0.1972847667705408
-0.024126358809142767
0.11612638695306193
0.07692369726066264
0.39382534134741354
0.19189846923163228
-0.11984575999030012
0.09831514224193334
0.020980872139212778
-0.21282286258983035
0.08905286881885924
-0.09603537079387402
0.1430645813126309
-0.04263676444267986
0.11243250317286235
-0.03571959255950871
0.0333155703770453
-0.17675430865650704
0.10511491977279563
-0.09668894739382178
-0.026649813306510617
0.23375524139254694
0.08762304709680842
-0.04348693089289618
0.08454419447412423
-0.28572811707808243
-0.09787081672607029
-0.2605101909724665
1.942890293094024e-16
0.2857281170780822
-0.09787081672607068
-0.0434869308928964
-0.08454419447412503
-0.2337552413925465
0.08762304709680899
-0.09668894739382247
0.026649813306510492
0.17675430865650738
0.10511491977279683
-0.03571959255950842
-0.03331557037704451
0.0426367644426798
0.11243250317286131
-0.09603537079387499
-0.14306458131263
0.21282286258983013
0.08905286881885931
0.09831514224193334
-0.02098087213921275
-0.19189846923163278
-0.11984575999030056
0.08006876636316974
0.26236825871295827
-0.005405423233902071
0.01453683747423834
0.07125619089685636
-0.21711015945092166
0.04291272733127374
0.03609279501023169
0.016685582719466976
-0.07309362044074538
-0.10430504102627937
0.016492547459074663
-0.07043560417051184
0.0017677315221270862
0.007289505771989627
-0.16018919407770246
0.10290873486072757
-0.03977778621246078
-0.18233249745223107
0.05290856304965748
-0.08216260603871911
-0.0053927516285164345
0.1572340522778718
-0.13552562270571233
-0.1562886832612983
-4.996003610813204e-16
-0.1572340522778718
-0.1355256227057129
-0.08216260603871872
0.0053927516285161015
0.1823324974522305
0.052908563049657686
0.10290873486072738
0.03977778621246164
-0.007289505771989391
-0.1601891940777018
-0.07043560417051231
-0.0017677315221272319
0.10430504102627854
0.0164925474590758
0.016685582719466713
0.07309362044074583
-0.04291272733127369
0.03609279501023069
0.07125619089685548
0.21711015945092152
0.005405423233902676
0.014536837474238395
0.08006876636316965
-0.2623682587129583
0.16924333217205764
-0.05018649501328981
0.011837288931535468
0.03626013160275239
0.14908629206509338
-0.12756045281557027
0.14724764851143193
0.005554384099870052
-0.08478963666572176
0.05880420607653719
-0.042455828526973854
0.08340105415724963
0.025696732353736512
-0.0066581334042082885
-0.00482253931166321
0.15720298795072063
-0.11872177849465437
0.05083438157039144
-0.037987214084296145
0.03940819519827782
0.00903434172322562
-0.14327742369454724
0.08033902361053542
0.04258064451767862
-0.1741938097826135
-0.026841309434159327
-0.06215340078291565
1.8041124150158794e-16
0.17419380978261334
-0.02684130943415919
0.08033902361053524
-0.0425806445176784
-0.009034341723224704
-0.14327742369454735
-0.037987214084296395
-0.03940819519827779
0.1187217784946542
0.050834381570390996
-0.004822539311662627
-0.15720298795072038
-0.02569673235373693
-0.006658133404207345
-0.04245582852697262
-0.0834010541572493
0.08478963666572298
0.058804206076535796
0.14724764851143204
-0.005554384099869691
-0.14908629206509383
-0.12756045281556935
0.011837288931536419
-0.03626013160275266
-0.16924333217205756
-0.05018649501328942
-0.0785576870762642
0.041726252918385276
0.08911817282454845
0.023382119092526535
0.05002701301748408
0.19916879124745873
0.008150970481017789
-0.015125949205338551
-0.0027558080860626277
-0.12403819842073778
0.08738034978984228
-0.0030167573898084443
0.00405466340350058
0.0877398245307633
-0.12957852274105483
0.034679234127082265
-0.1341575250134868
0.0047290056829479565
0.18776646257821727
-0.02613036984823036
0.01827734899871858
0.15214930226952497
-0.15660482856941113
0.02251722681622524
-0.06513917754841475
0.0716442850207269
-0.05395021527847993
0.08995774436025712
0.041527519837737656
3.122502256758253e-16
0.05395021527848021
0.0899577443602566
-0.0651391775484158
-0.07164428502072698
0.15660482856941163
0.02251722681622592
0.018277348998718773
-0.15214930226952494
-0.18776646257821641
-0.02613036984822978
-0.13415752501348674
-0.004729005682947096
0.12957852274105477
0.034679234127082445
0.0040546634035011075
-0.0877398245307635
-0.08738034978984248
-0.003016757389808805
-0.002755808086063627
0.12403819842073927
-0.008150970481017372
-0.015125949205338385
0.05002701301748391
-0.19916879124745962
-0.08911817282454898
0.023382119092527243
-0.0785576870762642
-0.041726252918385554
-0.16514724402503234
-0.07569905241865249
0.027924265027588463
-0.04338672022451595
0.10390467750385732
-0.037794077689773
-0.02041306086552025
-0.05929820655799621
0.10662933086389159
-0.12335198895829952
0.07461499664126954
-0.015608389843963455
-0.0010988014427143478
0.03222331721444696
0.007753765561108801
0.006202832698542347
0.02905456032308451
-0.08667459306854447
-0.0151015084752254
0.1069626643122372
0.10374157101923237
0.020753681631096144
-0.015432016058035791
-0.0009081869438195764
-0.03619146388520815
-0.1713011754610438
-0.029836253985584815
0.021393538120975816
0.09280291016186627
-0.0835217381009788
0.18128085823282708
4.718447854656915e-16
-0.09280291016186612
-0.08352173810097897
-0.029836253985584094
-0.02139353812097678
0.03619146388520733
-0.1713011754610429
-0.015432016058036124
0.0009081869438194445
-0.10374157101923219
0.02075368163109642
-0.01510150847522529
-0.1069626643122373
-0.02905456032308451
-0.08667459306854444
0.007753765561108232
-0.0062028326985426735
0.0010988014427140147
0.03222331721444743
0.07461499664126839
0.0156083898439634
-0.10662933086389012
-0.12335198895830024
-0.020413060865519722
0.05929820655799575
-0.10390467750385896
-0.0377940776897725
0.02792426502758842
0.043386720224515674
0.16514724402503184
-0.07569905241865293
-0.0907142316528706
-0.10382327523479515
-0.03618747599831308
-0.0326233665963212
-0.01900180050034747
-0.0006159327918796587
0.055048926215068766
0.019751914559808736
0.06179995987995612
0.15641370246328967
-0.02663115827012308
0.004448939102574823
-0.037429714975302675
-0.02085746782036152
0.10557529989783365
0.05961156238844345
-0.0031908798143678863
0.07872131163025362
-0.10019898222818036
-0.02041472274597049
-0.07335845039189653
0.009176996622202838
0.13094747311299082
0.12014223772082433
-0.016415363576099823
0.04754904593574677
0.016264542416002246
0.021957344064273798
-0.07482571857143033
-0.05440101826227506
-0.04586242107413154
0.08437000361824229
-0.005055144583911708
2.3592239273284576e-16
0.04586242107413219
0.08437000361824146
-0.0748257185714303
0.054401018262275336
-0.01626454241600349
0.021957344064274298
-0.016415363576100406
-0.04754904593574674
-0.13094747311299032
0.12014223772082447
-0.07335845039189605
-0.00917699662220145
0.10019898222818008
-0.020414722745971003
-0.0031908798143680944
-0.07872131163025278
-0.10557529989783442
0.059611562388443715
-0.03742971497530262
0.020857467820361797
0.026631158270123273
0.0044489391025741565
0.06179995987995454
-0.1564137024632898
-0.05504892621506885
0.01975191455980932
-0.0190018005003463
0.0006159327918790203
0.03618747599831308
-0.03262336659632055
-0.0907142316528704
0.10382327523479531
-0.036844709866781095
0.15784811404224267
-0.018907764309593567
0.04880754537374618
-0.11083505491318046
-0.07357904097198154
0.009966040838057078
-0.0014712340811139785
0.05326391598959074
-0.02259049578137233
-0.013454718630143442
-0.03983957904041634
0.0015288863495061533
-0.017989638271386332
0.044666638189067215
0.028054192788392773
0.0632976334113851
0.01498839174706329
-0.010924530949476693
-0.035136766926633756
0.0036240657703198176
-0.014708609820572954
0.0348873215198814
0.03830787483205405
0.11149640453069497
-0.055749353214981937
-0.01285665196809635
-0.03488991139395685
-0.030097698432147546
0.05686154755137085
-0.023261493917150267
-0.05655139802612442
0.06299121987075719
-0.01841776387941739
-0.07980039911008541
-6.106226635438361e-16
-0.06299121987075684
-0.018417763879418403
-0.023261493917150572
0.0565513980261246
0.030097698432146963
0.05686154755137102
-0.012856651968095767
0.034889911393957175
-0.11149640453069444
-0.055749353214981714
0.034887321519880915
-0.038307874832055125
-0.0036240657703197343
-0.014708609820572899
-0.010924530949477401
0.03513676692663481
-0.06329763341138492
0.014988391747063234
0.044666638189066715
-0.028054192788393023
-0.0015288863495066876
-0.017989638271386388
-0.01345471863014297
0.0398395790404162
-0.05326391598958974
-0.02259049578137176
0.009966040838056883
0.0014712340811139368
0.11083505491318024
-0.07357904097198145
-0.018907764309593178
-0.04880754537374574
0.03684470986678076
0.15784811404224208
0.013398700081801967
-0.026882825560656354
0.02496026089216577
0.03970816495347816
-0.08749190850272334
-0.12149723290567235
-0.014025480549959168
-0.079592802697703
0.02390669602146203
-0.024974678704806907
0.0648300706593544
0.024797361611743396
-0.0015689369474089498
0.09932100278495604
0.006417350147058937
-0.056416135693534764
0.021848182966172955
0.029561690596504882
-0.001705638715282981
0.02488297345623461
-0.056521704461132444
-0.026556795128957478
0.051832073573188614
-0.05446852050770634
0.050179624770189224
-0.01428149971029146
-0.046046556992753375
0.0006016376177689284
-0.06970129750204068
-0.001704241415189739
0.1166909036664177
-0.06343599219299562
0.00806408767020772
-0.04480319511982281
-0.03847197955241116
-0.10155075593020435
-0.01822063818903012
-1.2628786905111156e-15
0.03847197955241072
-0.10155075593020418
0.008064087670206721
0.04480319511982264
-0.11669090366641804
-0.06343599219299585
-0.06970129750203924
0.0017042414151898638
0.046046556992753146
0.0006016376177683802
0.05017962477018846
0.014281499710290912
-0.05183207357318842
-0.054468520507705315
-0.05652170446113176
0.026556795128958366
0.0017056387152836888
0.024882973456234136
0.021848182966172608
-0.029561690596504403
-0.006417350147058423
-0.056416135693534264
-0.0015689369474077841
-0.09932100278495548
-0.06483007065935414
0.024797361611743212
0.0239066960214612
0.024974678704806158
0.014025480549958586
-0.07959280269770269
-0.08749190850272281
0.12149723290567252
-0.024960260892166686
0.03970816495347718
0.013398700081802162
0.02688282556065618
