54.54964552455978
2.6457991249756343e-15
-1.736892522419149
-9.06314902984251
-4.738885922037001
1.158194417751655e-16
1.7368925224191414
-9.063149029842462
5.679615221423592
0.04196051795707092
-1.522471266941927
2.4616736774552375
5.702857384768746
-2.719154728657709e-15
1.5224712669419218
2.461673677455237
5.679615221423578
-0.041960517957072854
-0.3381252155831062
-1.1292161188499374
-0.6294870169793316
-0.10301228524349178
-1.4621530940031082
-0.010055389439845666
-2.357929742646585
2.471936896635607e-15
1.4621530940031184
-0.010055389439852774
-0.6294870169793363
0.10301228524349056
0.3381252155830942
-1.1292161188499394
-0.4284937344339472
0.314630006013317
0.6012808975402546
0.49748657383435996
1.722108685935856
-0.5021024164575373
-1.076021128668423
1.2986710949228548
-1.6161375144012966
8.112074240871393e-16
1.0760211286684176
1.2986710949228555
1.7221086859358625
0.5021024164575388
-0.6012808975402512
0.4974865738343597
-0.4284937344339419
-0.3146300060133298
0.13907069679376416
1.4465214402379927
-0.015426407954321375
-0.08615502878979088
0.019655293776875415
0.19412031746923963
-0.9266479116725612
-0.4472241648159337
-0.8228246481953249
1.023783569050351
0.13601971670377788
-2.5081070947637908e-18
0.8228246481953251
1.0237835690503458
-0.9266479116725591
0.44722416481593263
-0.019655293776878024
0.19412031746924008
-0.0154264079543181
0.08615502878979106
-0.1390706967937585
1.446521440237992
-0.3951596116213869
-0.032077872094115875
0.052158637984004635
-0.31483639688707576
-0.1241334219323359
0.33535919554959825
0.16128169145436155
0.04971177155701745
0.1600316173730989
0.3158633006155649
-0.4844818161839921
-0.6345900110325942
-0.6887257209861438
0.0
0.4844818161839979
-0.6345900110325939
0.1600316173730979
-0.31586330061556417
-0.16128169145436
0.04971177155701889
-0.12413342193233823
-0.33535919554959853
-0.052158637984002276
-0.3148363968870765
-0.39515961162138713
0.0320778720941154
0.17730521589574533
1.1209991310870142
-0.06081586378973125
0.1622937774865279
0.09188320479960155
0.5426801742878244
-0.1671376746896313
0.3101847103929827
0.3833551592744791
0.2114308969187845
-0.11711781472316633
0.301867597973041
0.42086174992894265
-0.047879694747462676
0.12290376749728882
2.6922908347160046e-15
-0.42086174992894015
-0.04787969474746151
-0.11711781472316932
-0.30186759797303825
-0.38335515927447794
0.21143089691878172
-0.16713767468963164
-0.3101847103929835
-0.09188320479960277
0.5426801742878241
-0.06081586378972981
-0.16229377748652804
-0.17730521589574733
1.1209991310870127
0.05567349714262443
-0.27411038112537534
0.0830384218573926
-0.177105657557134
-0.18926773866834723
-0.04438603147922815
-0.012537241745718603
-0.4284004106398441
0.050208595394886785
0.2152130426836677
0.11245009812919105
-0.6236394186297873
-0.24038353652212463
-0.11696033095238756
0.2601032761266053
-0.8819962220525255
-0.38733434239521847
-3.885780586188048e-16
-0.26010327612660733
-0.8819962220525263
-0.2403835365221224
0.11696033095238753
-0.11245009812919035
-0.6236394186297896
0.05020859539488699
-0.2152130426836683
0.012537241745718686
-0.42840041063984136
-0.18926773866834662
0.044386031479227345
-0.08303842185739409
-0.1771056575571345
0.05567349714262726
0.2741103811253751
0.011020384709885256
0.0395455272336549
-0.021150260694149742
0.026753347355317425
-0.05092400674597056
0.4309402466339216
0.02384200808167314
0.09279599386142574
-0.11809986405577033
0.17202052468597506
-0.11030232960247402
0.18258004075481718
-0.06417853336310197
0.07899138020186723
0.16278831892458262
0.23144049883891268
0.07133008677613639
0.2367014856937898
-0.026784437455685706
-1.0547118733938987e-15
-0.07133008677613492
0.23670148569378957
0.16278831892458165
-0.23144049883891185
0.0641785333631047
0.0789913802018677
-0.11030232960247292
-0.1825800407548166
0.11809986405577302
0.17202052468597578
0.023842008081671695
-0.09279599386142573
0.050924006745971445
0.43094024663392155
-0.021150260694149756
-0.026753347355317286
-0.011020384709883868
0.039545527233658784
-0.19942075249342905
-0.19010808359001014
-0.026229688439498355
-0.02431158122068378
-0.07532799104859655
-0.08128806880502709
0.02608920494221878
-0.2832782501270416
-0.1686055898518566
-0.04425138297247061
0.06881260049657442
-0.28617879484097475
-0.0023040531547660614
0.011976707706200879
0.0059196439659371936
-0.3833375845800028
-0.2370684959816961
0.13812975028396457
0.31786368159878553
-0.23263245783268954
0.48511579228820256
-1.4988010832439613e-15
-0.31786368159878614
-0.23263245783269004
-0.23706849598169671
-0.1381297502839644
-0.005919643965938803
-0.3833375845800038
-0.0023040531547675047
-0.011976707706200684
-0.06881260049657589
-0.2861787948409741
-0.1686055898518564
0.04425138297247361
-0.02608920494222
-0.2832782501270425
-0.07532799104859444
0.08128806880502673
0.026229688439499438
-0.02431158122068558
-0.19942075249342833
0.19010808359001108
-0.05072222551865076
-0.31553793955439347
-0.0025021366707439485
0.07965249652501122
0.01569849546874763
0.08771508594594896
-0.012817678559678247
0.0077643750854111265
0.02802204691706367
0.19015848300709443
-0.08173530884700343
-0.27641530907471146
-0.12116220197976268
0.29060155480310484
-0.019643149778247188
-0.12771561143009247
0.10770277318645799
0.2411082614493803
-0.030461451384351135
-0.2875606344817357
-0.24028411911995623
0.2293489615872008
-0.05715336977579885
5.134781488891349e-16
0.240284119119957
0.22934896158720103
-0.030461451384349976
0.2875606344817345
-0.10770277318645893
0.24110826144938047
-0.01964314977824569
0.12771561143009152
0.12116220197976314
0.29060155480310595
-0.08173530884700442
0.2764153090747097
-0.028022046917064475
0.19015848300709412
-0.01281767855967833
-0.007764375085411779
-0.015698495468746083
0.0877150859459489
-0.002502136670743671
-0.07965249652500972
0.05072222551865231
-0.3155379395543937
-0.29922805109071615
0.00851843874242042
0.04609060101660235
0.015685681867223966
-0.11900111166822575
-0.14777404870185173
-0.0156619172382782
0.03766112530142224
-0.09716486080275066
-0.09666220640805302
0.051552200617300065
-0.29067179376205987
-0.16305237710504258
-0.08652102107499277
-0.13816122722667465
0.12877881311381761
0.1574652498878426
-0.1845710446590625
-0.07467709000101164
0.07111970944580903
-0.22807229018922243
-0.04002654537199061
-0.380053320125443
0.3757963153729949
0.4224603140036698
-6.661338147750939e-16
0.3800533201254438
0.3757963153729957
-0.22807229018922204
0.040026545371991046
0.07467709000101264
0.07111970944581025
0.157465249887844
0.18457104465906216
0.1381612272266761
0.12877881311381714
-0.16305237710504433
0.08652102107499274
-0.051552200617299454
-0.29067179376206037
-0.09716486080275055
0.09666220640805423
0.015661917238276535
0.03766112530142131
-0.11900111166822594
0.14777404870185346
-0.04609060101660217
0.015685681867223994
-0.2992280510907166
-0.00851843874242146
0.061257261924554524
-0.1761656786450525
0.07478082751426446
-0.04225065516214625
-0.0828221610547577
-0.20236750579871327
-0.04039270247892063
0.026296866870509417
-0.03032023773417264
0.18560608650545168
0.04700947316721765
-0.007673283376782039
0.18503268613522258
0.04215009770904013
-0.10832115993083945
-0.12588232865409427
-0.0009044285038526945
0.12094851054731913
0.1780367888106159
-0.10762553132503286
0.07384870396997578
0.19424248458136534
-0.07007831030349027
0.03124746866657889
-0.016315375333015303
-0.14517261446809931
0.35024317644069014
3.3306690738754696e-16
0.016315375333015525
-0.1451726144680974
-0.07007831030349049
-0.031247468666579112
-0.07384870396997634
0.19424248458136448
0.1780367888106162
0.10762553132503211
0.0009044285038519728
0.12094851054731945
-0.1083211599308389
0.12588232865409568
-0.18503268613522228
0.04215009770903874
0.047009473167219054
0.007673283376783108
0.030320237734172445
0.18560608650545046
-0.04039270247892089
-0.026296866870509833
0.08282216105475682
-0.20236750579871302
0.07478082751426374
0.04225065516214713
-0.061257261924554995
-0.17616567864505167
-0.1781490597676042
0.006341931726675243
-0.08827696512528543
0.0015733362400215112
-0.14986640094909218
0.061119513317947516
0.043821541607370784
0.07791069989731804
-0.1292040354363353
-0.09963159711241613
-0.012451547310610322
0.07727155398632292
0.0306861987841765
-0.00381051343838118
0.15151640569771907
-0.06627281208846486
-0.09099590141910655
-0.20342887780327162
-0.07618339685612363
0.215969388544746
-0.050879961358790554
-0.09173753395889037
0.20629968464183346
0.26044997216653376
-0.13842574832812343
-0.18914718138860565
-0.017114034247775134
0.0030377719026096206
-0.45994669340060257
8.881784197001252e-16
0.017114034247774634
0.003037771902609801
-0.1384257483281231
0.18914718138860562
-0.20629968464183296
0.2604499721665335
-0.05087996135878996
0.09173753395889106
0.07618339685612352
0.21596938854474615
-0.0909959014191048
0.20342887780327132
-0.15151640569772068
-0.06627281208846489
0.03068619878417761
0.0038105134383806735
0.012451547310609615
0.07727155398632304
-0.12920403543633374
0.09963159711241654
-0.04382154160737095
0.07791069989731825
-0.14986640094909048
-0.061119513317949486
0.08827696512528538
0.0015733362400188952
-0.17814905976760465
-0.006341931726674355
0.1413414561220715
0.013409087323392188
0.020715386405715783
-0.027923415686356853
0.021414962062061435
-0.13058483797027537
0.08612439770865807
0.01644793955791804
0.06852600400183056
-0.08561684305244337
-0.03513694296409181
-0.10146211044807832
-0.034051791711361135
0.14425819106766624
0.14604393852678785
0.026526803118894743
0.05117745927344025
-0.07474360360915577
0.052119557988677706
-0.002134150332780249
0.0695243374732052
-0.007177502949958697
0.27308499145603216
-0.07188622083023677
-0.024734539284051116
-0.21765374398660758
-0.1011042581482273
-0.010763303159723514
0.05181071788995151
-0.08929808626068647
0.19565736506955717
0.0
-0.05181071788995184
-0.08929808626068719
-0.10110425814822765
0.010763303159723236
0.02473453928405006
-0.2176537439866082
0.27308499145603243
0.0718862208302361
-0.06952433747320497
-0.007177502949959169
0.052119557988677234
0.002134150332779222
-0.05117745927344014
-0.07474360360915523
0.1460439385267862
-0.026526803118895742
0.03405179171136091
0.1442581910676662
-0.035136942964091894
0.10146211044807735
-0.06852600400183084
-0.08561684305244256
0.08612439770865887
-0.016447939557918276
-0.02141496206206081
-0.13058483797027423
0.02071538640571685
0.02792341568635709
-0.14134145612207122
0.013409087323392466
0.11819287372118092
-0.006322355509656985
-0.009523186729746835
0.08078801615034084
-0.06990862241151988
-0.05724811192468668
-0.08818709897321875
0.019944689835694904
-0.12927186629587228
0.05120513827569337
0.08945215851622196
-0.023081162302889452
-0.18238497447131002
-0.11527495097732016
-0.032209553490417264
0.03299702453977649
-0.03989542640027266
0.12367811848519208
0.11762002947000272
0.03472060997496901
-0.09509165235349784
0.11190969584580374
0.1727113928291311
-0.18123138714714154
-0.10077601535505804
0.16796221482986762
-0.04136582031268231
-0.09459140775079114
-0.08443832592423689
0.17885740119264207
0.09374449790922768
-0.1890664083740995
0.07492972864256309
-4.579669976578771e-16
-0.09374449790922684
-0.189066408374099
-0.0844383259242377
-0.17885740119264282
0.041365820312683016
-0.09459140775079185
-0.10077601535505826
-0.16796221482986823
-0.1727113928291299
-0.18123138714714093
-0.09509165235349698
-0.11190969584580401
-0.11762002947000233
0.03472060997496926
-0.039895426400272924
-0.12367811848519164
0.032209553490417264
0.0329970245397758
-0.18238497447131047
0.11527495097732196
-0.0894521585162205
-0.023081162302889036
-0.12927186629587295
-0.05120513827569276
0.08818709897321904
0.019944689835695417
-0.06990862241151913
0.057248111924686346
0.00952318672974832
0.0807880161503413
0.11819287372118156
0.0063223555096572626
0.04996084788517896
-0.06423783759985958
-0.0301055814316733
-0.011648230447728239
0.08317974499341232
-0.0729677896645993
0.09485252073438188
0.03568211518331456
-0.014865386564996502
-0.22119009582025978
0.22568086129150874
0.15480324302041984
0.08005971277446147
-0.19432007517869318
0.12509639314075627
-0.011385058084419919
-0.03420926000415733
-0.031244614131165874
0.23904335585950298
0.14069647211088565
-0.03852370119726774
-0.21269645221810263
0.07748082120909516
0.14242090127123583
-0.009757901968662941
-0.2092172394989924
0.26813806349583885
0.19995362655706078
-0.07813889429481692
-0.1283092770434201
0.05888755122314378
0.056408648441135745
0.037656253740564444
-0.005299438827265079
0.17783307495197834
7.216449660063518e-16
-0.03765625374056314
-0.005299438827264802
0.05888755122314325
-0.05640864844113673
0.07813889429481796
-0.1283092770434198
0.26813806349584013
-0.19995362655706048
0.009757901968663052
-0.20921723949899199
0.07748082120909627
-0.14242090127123622
0.03852370119726768
-0.21269645221810174
0.23904335585950254
-0.14069647211088593
0.034209260004157055
-0.031244614131164805
0.12509639314075735
0.01138505808441928
-0.08005971277446151
-0.19432007517869293
0.22568086129150802
-0.1548032430204191
0.014865386564996641
-0.2211900958202599
0.094852520734381
-0.03568211518331402
-0.0831797449934136
-0.07296778966459766
-0.030105581431674105
0.01164823044772903
-0.04996084788517868
-0.06423783759986046
0.2222189915150834
-0.049942921891240666
-0.005436544605815524
0.05409200139559802
0.11872287112063834
0.011430186579011126
-0.0017958659541671695
0.04507661909135083
0.0441016314291944
0.00977670797895765
-0.08259192716412186
0.05883811932666821
0.02401900830631709
0.12222923762299312
0.014731573601201725
0.02870176072586443
-0.0557324736160599
-0.030276039738784316
-0.06820146987677345
0.05540847682135419
-0.019248453103989815
0.11173333918970041
-0.16659006434615115
-0.012867057509684088
-0.0895435073231477
0.12755854425786176
-0.12036311254050186
0.05956062030977996
0.24425103922517724
0.01051147016625989
-0.0906009118534076
0.03645569253398814
-0.19141974028960299
-0.07013066741359389
-0.0726799878941248
0.24077115403856558
0.1937973575615427
-3.0531133177191805e-16
0.07267998789412555
0.24077115403856394
-0.19141974028960282
0.0701306674135948
0.09060091185340666
0.03645569253398889
0.2442510392251781
-0.010511470166258974
0.12036311254050197
0.0595606203097786
-0.08954350732314825
-0.12755854425786106
0.16659006434615037
-0.012867057509682756
-0.019248453103990815
-0.1117333391896986
0.068201469876774
0.05540847682135474
-0.05573247361605996
0.030276039738784927
-0.01473157360120081
0.02870176072586461
0.024019008306316925
-0.12222923762299312
0.08259192716412102
0.058838119326667715
0.04410163142919493
-0.009776707978956918
0.0017958659541669822
0.04507661909134918
0.11872287112063823
-0.011430186579012402
0.0054365446058156075
0.05409200139559707
0.2222189915150841
0.04994292189124064
