45.078997758270724
-3.8865777557440684e-16
-3.8521945036281817
3.0211984381360324
3.89489942786442
-5.095777944110282e-15
3.852194503628198
3.0211984381360333
-0.5013293604168353
2.119130959667072
-1.9862829956825983
-0.8892073899764025
3.5089856933975168
2.512405365142342e-15
1.9862829956826025
-0.8892073899764007
-0.5013293604168277
-2.119130959667077
0.7101569091100587
-1.4708611242976988
-0.19867007813594584
0.7288317496119457
-2.3287519272367567
-0.42127065669537883
-0.857636693762929
1.9991906453910454e-16
2.3287519272367527
-0.4212706566953807
-0.19867007813593954
-0.7288317496119443
-0.7101569091100688
-1.470861124297701
-1.1489705855929415
-1.384353681909455
0.509721258217633
0.27384982473558467
1.026802474259518
0.200817780826435
0.6401733064033136
0.8031146090793683
-2.830567930675969
7.63360240703772e-16
-0.6401733064033133
0.8031146090793694
1.0268024742595157
-0.20081778082643145
-0.5097212582176391
0.2738498247355852
-1.1489705855929464
1.3843536819094506
-0.1457260691029474
-0.019172969430749868
0.2909647341988698
-0.5988699195899883
0.42472758946005684
-0.38828227800458026
-0.1980655845514266
-0.44440266368105097
-0.5458047383179429
-0.3504983719532188
0.8256453679716903
-1.7392738576873206e-17
0.5458047383179453
-0.3504983719532196
-0.1980655845514268
0.44440266368105136
-0.4247275894600564
-0.38828227800457993
0.2909647341988698
0.59886991958999
0.14572606910295138
-0.019172969430749975
0.39193398911988275
-0.20919713419403785
-0.8035699077516258
0.1275877068023416
-0.4896377379167986
-0.5930899206963498
-0.4027114800736329
0.021464261888474057
0.5890753530181883
-0.7264841546082594
-0.04000205418657524
-0.049797170795976564
-0.5918996956830671
-2.220446049250313e-16
0.040002054186576555
-0.04979717079597759
0.5890753530181887
0.7264841546082609
0.40271148007363344
0.021464261888472877
-0.4896377379167984
0.5930899206963512
0.8035699077516245
0.12758770680234383
0.39193398911988236
0.2091971341940378
-0.1860559821821496
0.29614711806643446
0.590909992796171
0.10663687665625138
-0.2682578878486862
0.24152811290464854
0.39838190235920734
0.019971609262993323
0.05156226540909002
0.2161696852096625
-0.0824352792025313
-0.03129781891158087
0.007241963665539364
-0.029268092451131558
0.139722225804583
2.7755575615628914e-17
-0.007241963665540141
-0.02926809245113074
-0.08243527920253323
0.03129781891157982
-0.05156226540908926
0.21616968520966198
0.39838190235920695
-0.01997160926299446
0.26825788784868637
0.2415281129046457
0.5909099927961717
-0.10663687665625246
0.18605598218214814
0.29614711806643357
0.05833299243761561
0.2684617610962568
-0.1592136189200538
0.19319385861926044
0.2176209689054183
-0.12960546619350527
-0.19660748605234793
-0.04391629397406904
-0.19111217690561239
0.0958135072977109
-0.3817333252479646
-0.02873602906019547
-0.07527832902320833
0.05070165616502717
0.1322125613606463
-0.14187362075448268
-0.17211716854609793
-4.996003610813204e-16
-0.1322125613606444
-0.14187362075448312
-0.07527832902320702
-0.05070165616502829
0.38173332524796455
-0.028736029060195553
-0.19111217690561128
-0.09581350729771038
0.1966074860523464
-0.04391629397406771
0.21762096890541818
0.129605466193504
0.15921361892005526
0.19319385861926053
0.05833299243761583
-0.2684617610962577
-0.31186566809533034
0.1688471573148403
-0.044039258647313506
-0.33043447555823746
-0.17786398612918125
0.11059937374836673
0.21066617524190973
0.07547074677924814
-0.03114166240566299
0.04111265680678074
0.4064868971948984
-0.09429238964369477
-0.3991935650349394
0.11400186090185395
-0.010917211756307998
-0.0442742880559013
0.505986230239778
0.13100564872893766
0.2692603471316457
9.575673587391975e-16
-0.505986230239778
0.13100564872893827
-0.01091721175631001
0.044274288055902125
0.3991935650349393
0.11400186090185344
0.40648689719489917
0.09429238964369685
0.031141662405662004
0.04111265680678072
0.21066617524191072
-0.07547074677924653
0.1778639861291813
0.11059937374836787
-0.04403925864731334
0.3304344755582365
0.3118656680953301
0.16884715731483962
-0.10937657515071911
0.01835239936835964
0.1783311673439529
0.009727490450326198
0.011159650482470584
0.12522671930773754
-0.10114619192366267
0.044818752790152655
0.054743914328694604
0.15112877033194383
-0.12894285215434004
0.043551002960057136
0.10280147791398651
0.014410180545300952
-0.23393708428229337
-0.004625688184670983
-0.17373864146075038
0.15342293066751195
-0.11402053736884615
-0.2572280117238115
0.1861034791670603
-4.440892098500626e-16
0.11402053736884749
-0.2572280117238113
-0.17373864146075121
-0.15342293066751286
0.23393708428229362
-0.0046256881846716
0.10280147791398705
-0.014410180545300397
0.1289428521543399
0.043551002960056
0.05474391432869524
-0.15112877033194316
0.10114619192366306
0.04481875279015257
0.01115965048247168
-0.12522671930773724
-0.17833116734395232
0.009727490450326198
-0.10937657515071883
-0.018352399368360472
0.42684785891717336
-0.06657766486418343
-0.3410136729737715
0.22580393854036218
-0.055243745213365
0.07741331272029736
-0.09399917715267825
-0.18525605422777267
-0.1743577429482983
-0.005200229744227514
0.033279294410832216
0.07594958023768039
0.08535387605649916
0.09103399259568692
0.022602698260152827
0.003972146737526744
-0.28215266918398024
0.035090576656642364
-0.031378713595103885
0.1587255848045382
-0.0017700535765086678
-0.13550861598732128
-0.37441044391663436
1.1379786002407855e-15
0.0017700535765071135
-0.13550861598732128
-0.031378713595104066
-0.15872558480453736
0.2821526691839793
0.03509057665664225
0.022602698260152043
-0.003972146737527105
-0.08535387605649963
0.0910339925956884
0.033279294410831745
-0.07594958023768075
0.1743577429482976
-0.005200229744228291
-0.09399917715267797
0.18525605422777192
0.05524374521336525
0.07741331272029697
-0.34101367297377205
-0.22580393854036185
-0.4268478589171726
-0.06657766486418282
0.016275281507627082
-0.0880134986693176
0.23353306301995141
-0.07075353099825862
-0.05854543200531698
0.00026418961046170697
0.14722013676311868
0.11220276550892486
0.034170042297238745
-0.15655085691220977
0.02085538868149761
0.060051436572171366
0.18317542464708658
0.12439391100771804
0.15077382301228734
0.05236592006370577
0.035565763814345036
-0.07805516304160197
0.017172915853423912
0.10659450612836752
0.3338502554524111
0.0595807700595052
0.12802135147905186
0.24330187448084073
-0.23897126645265487
-8.326672684688674e-17
-0.12802135147904892
0.2433018744808406
0.33385025545241187
-0.059580770059505586
-0.017172915853424592
0.10659450612836757
0.03556576381434606
0.07805516304160295
-0.15077382301228837
0.05236592006370605
0.18317542464708614
-0.1243939110077186
-0.020855388681498076
0.06005143657217121
0.03417004229723963
0.1565508569122108
-0.14722013676311896
0.1122027655089257
-0.05854543200531792
-0.00026418961046020817
-0.23353306301995286
-0.07075353099825857
0.016275281507627415
0.08801349866931818
0.0018294775907350957
-0.17494780310021568
0.12074541779966504
-0.05570230334410023
0.1579208714092008
0.006920264295927958
-0.13147924201644565
0.04126527858021731
0.021620842399067197
0.09734980111815787
-0.08392294104435749
-0.17405533784757807
-0.1663830039724547
-0.018613389574615113
-0.0031518229709655565
0.06602425546180032
0.14653398387879418
0.012257173974413518
-0.10331199684782982
-0.08056699294595052
-0.012658247213458707
0.021864188256059527
0.1106622197053648
-0.05952024446968554
0.11312024205904458
0.13626901517621298
-0.13278346589041
-3.608224830031759e-16
-0.11312024205904561
0.13626901517621454
0.11066221970536527
0.05952024446968526
0.012658247213458762
0.021864188256060582
-0.10331199684783024
0.08056699294594993
-0.1465339838787944
0.012257173974413602
-0.0031518229709660006
-0.06602425546180007
0.1663830039724547
-0.018613389574615058
-0.08392294104435849
0.1740553378475779
-0.021620842399068023
0.09734980111815816
-0.1314792420164443
-0.041265278580217335
-0.1579208714092013
0.006920264295927986
0.12074541779966529
0.055702303344099646
-0.0018294775907350957
-0.17494780310021676
-0.04614248078399197
0.1731129929121628
-0.1795659392037049
-0.06790708286345706
0.046065829952658344
0.03150301648008963
0.03993536458035607
-0.09806303172306965
0.020278512714396346
0.11162112739115301
0.06977156368822104
-0.002321017184381269
-0.06287848373604817
-0.16652443856936
-0.042711774071945444
-0.10490735010875707
0.13551936160844752
0.11232200380976826
0.14272485786974654
0.002570853783713231
-0.12168407229797766
0.010542927013579922
-0.041568713220759834
-0.030727946064170675
0.15085242007545174
-0.10912232388634535
0.11198796473198902
0.02415621914511895
-0.04912677085317374
6.106226635438361e-16
-0.1119879647319888
0.024156219145118202
0.15085242007545202
0.10912232388634585
0.04156871322076
-0.030727946064170994
-0.12168407229797674
-0.010542927013579603
-0.14272485786974712
0.002570853783713231
0.13551936160844702
-0.11232200380976914
0.042711774071946165
-0.10490735010875636
-0.06287848373604785
0.16652443856935978
-0.06977156368822088
-0.002321017184381269
0.02027851271439718
-0.11162112739115183
-0.039935364580355986
-0.09806303172306888
0.04606582995265926
-0.031503016480088825
0.1795659392037054
-0.06790708286345747
-0.046142480783990414
-0.1731129929121626
-0.016282176325346454
0.07426037737098373
-0.09352472446410763
0.08816091858114519
0.12901549162973086
-0.16046797500337015
0.05618298157639359
0.07671773037636245
0.113338948156122
-0.01217945776211675
-0.09209859248368513
0.1226185946233121
0.16558923265203862
0.06579084009415859
-0.09344941847763319
-0.05161432082495393
0.015154753565792933
-0.06840739238199982
-0.05404363544735155
0.0479838794896274
0.040835277324904995
-0.020438390762626185
-0.1380865621555552
0.04474424072450556
0.03869024531845955
0.027469904676985568
-0.004751309385959246
-0.029265761567164816
-0.10497204288624024
0.08891653356090652
-0.12408732835525665
8.326672684688674e-17
0.10497204288623965
0.08891653356090612
-0.00475130938595919
0.0292657615671649
-0.038690245318458966
0.027469904676985818
-0.13808656215555498
-0.044744240724505
-0.04083527732490483
-0.020438390762625762
-0.05404363544735147
-0.04798387948962757
-0.015154753565792545
-0.06840739238199903
-0.09344941847763294
0.05161432082495376
-0.1655892326520397
0.06579084009415903
-0.09209859248368463
-0.1226185946233119
-0.11333894815612286
-0.012179457762117235
0.05618298157639255
-0.07671773037636227
-0.12901549162973097
-0.16046797500337073
-0.09352472446410907
-0.0881609185811457
0.01628217632534612
0.07426037737098437
-0.036525244774657406
-0.126762541818768
0.1347127621447034
-0.019517368695805615
-0.11331787482821792
0.04976452941660031
-0.041193093335845865
-0.037564191292710575
-0.04699684979284892
-0.040830617568410346
0.06661103345081482
-0.034717985673931924
0.00898644841092816
0.0796569810307334
0.07466818657448407
0.07445582901673889
-0.1012073064617007
-0.04531332614211003
-0.014879024156613435
-0.05203002103825967
0.07299175861104357
-0.03401620387647947
0.1289120107988368
-0.008644826852929333
-0.07758991735306062
0.024625740381723216
0.0011577897771693213
0.006070864022384326
0.030946611645165822
-0.0067353695557904394
0.06890466154976732
-0.02886429891010961
-0.2755812228805007
3.0531133177191805e-16
-0.06890466154976677
-0.028864298910109443
0.030946611645165822
0.00673536955579036
-0.0011577897771694115
0.0060708640223840205
-0.07758991735306066
-0.024625740381723733
-0.12891201079883735
-0.008644826852929374
0.07299175861104357
0.034016203876479745
0.014879024156613657
-0.052030021038259204
-0.10120730646170037
0.04531332614211034
-0.07466818657448371
0.07445582901673886
0.008986448410928494
-0.07965698103073365
-0.06661103345081462
-0.034717985673931834
-0.046996849792849384
0.04083061756840975
0.04119309333584578
-0.037564191292711005
-0.11331787482821766
-0.04976452941660049
-0.13471276214470376
-0.0195173686958051
-0.036525244774658266
0.12676254181876725
-0.06725267027781658
-0.14723497145972017
0.07676276432873666
0.11915759947053986
-0.10663087938117291
0.06285948395791723
-0.03424737276751282
-0.03727848402193895
0.04138049012465175
-0.10415364793729505
0.07425807693370767
0.017683232881810063
-0.005493944091787273
-0.07210202984694832
0.016125540092048557
0.01449961673529293
0.00428859869822551
0.008727834589243144
0.027603687500160318
0.0011815520250197942
0.015263059348290808
-0.09597200353403036
-0.004073848244412176
0.009632686617157105
-0.014603532883420478
-0.08507511552642202
0.05868025258411348
0.04323626282144659
-0.013188504328996015
-0.1389320642710971
0.1046639591590453
0.023881241148974386
0.11614373833877362
-0.1820710140649785
0.10434842249923301
-6.38378239159465e-16
-0.11614373833877428
-0.1820710140649784
0.10466395915904489
-0.02388124114897465
0.013188504328996625
-0.13893206427109764
0.058680252584113524
-0.04323626282144574
0.014603532883420256
-0.08507511552642141
-0.004073848244412065
-0.009632686617156452
-0.015263059348291363
-0.09597200353403092
0.027603687500160068
-0.001181552025020495
-0.0042885986982249685
0.00872783458924302
0.016125540092048696
-0.014499616735293513
0.0054939440917881055
-0.07210202984694905
0.07425807693370765
-0.01768323288180984
-0.0413804901246525
-0.10415364793729488
-0.03424737276751212
0.03727848402193923
0.10663087938117174
0.0628594839579171
0.07676276432873763
-0.11915759947053944
0.06725267027781634
-0.1472349714597192
-0.001114054470257586
0.02284574198828261
-0.07157258909428743
-0.24092330250330532
0.07245615651600623
0.1415082405859322
0.008026767297998727
-0.006568357065974938
-0.07699870864448577
0.043850700606044235
-0.04490521124088262
-0.06660033720692837
-0.025059172646102454
0.09350046194067616
0.031206543960003774
-0.07631800156543857
-0.005215233546028125
0.04495961933239681
-0.007257022579666983
-0.018466923384085135
-0.06147440061967081
0.06888184202870024
0.021007609312179196
-0.1471130785374809
-0.12232250542256823
0.0376666669423486
-0.03436545347146458
-0.10220440096747525
-0.07516287152537243
0.047995480172898855
-0.005591589694138206
-0.06325732319812981
-0.08025731994165716
0.05212972029676194
-0.007512081460803899
-0.10763970925912114
0.02340655698873162
2.0816681711721685e-16
0.007512081460803732
-0.10763970925912164
-0.08025731994165669
-0.052129720296762425
0.005591589694138838
-0.06325732319812946
-0.07516287152537267
-0.047995480172898286
0.034365453471465024
-0.10220440096747553
-0.12232250542256798
-0.037666666942349755
-0.021007609312179272
-0.14711307853748096
-0.061474400619671146
-0.0688818420286999
0.007257022579667663
-0.018466923384084594
-0.0052152335460286525
-0.0449596193323963
-0.031206543960004413
-0.07631800156543855
-0.025059172646103522
-0.09350046194067656
0.044905211240882426
-0.06660033720692837
-0.07699870864448641
-0.04385070060604501
-0.008026767297999476
-0.006568357065974854
0.07245615651600687
-0.14150824058593156
0.07157258909428757
-0.24092330250330596
-0.0011140544702577804
-0.022845741988283513
