60.241981889616795
6.623137052434558e-16
4.644611373512616
-3.000533802905971
-3.136734751083407
1.4294340585874776e-16
-4.644611373512605
-3.0005338029059745
-6.885033880937782
-0.7685474122860886
0.5079167808933365
0.15993900389459187
3.3391524566910107
-1.894607988828763e-16
-0.5079167808933329
0.15993900389459367
-6.885033880937783
0.7685474122860989
-0.1835430868018758
1.9473478710656504
0.7132294604582954
0.6546886537332295
-0.033967043530138685
1.2318933432283763
-1.687813511207179
-3.5914932872743843e-16
0.03396704353013484
1.231893343228383
0.7132294604582929
-0.654688653733232
0.1835430868018827
1.9473478710656404
-0.2226306329090223
0.30633962354212674
-0.028427518498258753
-0.5418025910224675
-0.5869442892119325
-0.3372116250587928
-0.04305250525892795
-0.6295860654666677
-3.9664129739150575
-1.0633621996795958e-16
0.043052505258932894
-0.6295860654666675
-0.5869442892119372
0.3372116250587905
0.028427518498259294
-0.5418025910224674
-0.2226306329090169
-0.3063396235421367
-0.4482024116059005
-0.06082610045839156
0.7480367690733066
0.004592769151145167
0.6430736312322892
0.5503127092474506
0.9736295726690398
0.007258140610144648
-0.5232126561362154
0.484341358071188
1.3401907598634986
3.5233418081545734e-16
0.5232126561362146
0.4843413580711864
0.9736295726690449
-0.0072581406101444295
-0.6430736312322892
0.5503127092474489
0.7480367690733063
-0.004592769151144302
0.4482024116059009
-0.06082610045839565
0.8767070639347097
0.48831532304270825
0.38152103441523516
0.6236489791443596
-0.671229087386739
0.1718541856263273
-0.19866620917351735
-0.06881891511661392
1.1651339684148654
0.06684782317350368
0.14335821810637994
0.3537681720375021
-0.7994676934456441
-1.3739009929736312e-15
-0.14335821810637997
0.353768172037501
1.1651339684148656
-0.06684782317350607
0.1986662091735168
-0.0688189151166142
-0.6712290873867357
-0.17185418562632665
-0.3815210344152354
0.6236489791443591
0.8767070639347068
-0.48831532304270864
0.3112660841960327
-0.6572986152392644
-0.02192991044541459
0.3319697289288185
-0.12559503785557713
-0.07535884165089723
-0.26758583627377397
0.05990445909424307
0.27307245098479016
-0.5084089761864989
-0.3905344673425699
-0.17288703896745355
0.04701672855083322
-0.6076109301163208
-0.13198473111409353
-3.2851325826310784e-16
-0.047016728550833164
-0.6076109301163215
-0.39053446734257224
0.1728870389674525
-0.27307245098479227
-0.5084089761865017
-0.26758583627377375
-0.059904459094242496
0.1255950378555789
-0.07535884165089718
-0.021929910445413286
-0.3319697289288178
-0.31126608419603535
-0.6572986152392659
-0.27253440911345883
-0.5089838217617432
0.04027837321757065
0.10063843643242207
0.5389455496914142
0.36799265663521746
-0.3730667064376636
-0.21827065682045987
-0.5907225738401735
-0.216094193745316
-0.21679239785429683
0.10092552892106318
0.3978536049199828
0.26177827954596894
0.23411115678977495
-0.029284185965553933
0.37015156693205253
-1.3877787807814457e-16
-0.23411115678977445
-0.029284185965552934
0.39785360491998284
-0.2617782795459688
0.21679239785429696
0.10092552892106316
-0.590722573840174
0.2160941937453157
0.3730667064376648
-0.21827065682046054
0.5389455496914174
-0.36799265663521813
-0.040278373217570884
0.10063843643242182
-0.27253440911345883
0.5089838217617433
0.06762034021127161
0.8540564382618709
0.3317304692305969
0.017197124125690966
0.27132696052761907
-0.18920728464961445
0.028168104611337938
-0.3217010027982016
-0.1474148031156277
-0.11152653164290563
0.06286176702478086
0.10733133938008899
-0.18399210177848885
-0.21835877129081238
-0.1100898466114712
-0.12562263001727905
-0.046353083480066615
-0.15678573833087334
-0.45817229911983837
-1.1102230246251565e-16
0.04635308348006592
-0.15678573833087406
-0.1100898466114713
0.12562263001727947
0.18399210177848901
-0.2183587712908116
0.06286176702478075
-0.10733133938009032
0.1474148031156266
-0.11152653164290713
0.028168104611337022
0.3217010027982029
-0.27132696052761907
-0.18920728464961523
0.33173046923059735
-0.017197124125689883
-0.06762034021127328
0.8540564382618703
-0.032097422059164216
0.6735205519053316
0.30089747688695045
0.1594898828706049
0.09827880590076987
-0.13771543800728633
-0.019401324722984892
0.29909261233289874
-0.107110843084958
-0.04399031445810474
0.04808172909498731
0.04949330893814963
0.21625640435411952
-0.021291398157390895
0.008402605537717156
0.1974487287065897
-0.21735159573134566
-0.08531731968633724
-0.07215776329368633
0.12600484687790953
0.15621303391068997
-1.1102230246251565e-16
0.07215776329368717
0.12600484687790914
-0.21735159573134633
0.0853173196863363
-0.008402605537717937
0.19744872870658955
0.21625640435412008
0.021291398157390992
-0.04808172909498691
0.04949330893814943
-0.10711084308495883
0.04399031445810336
0.01940132472298485
0.299092612332899
0.09827880590077154
0.13771543800728603
-0.30089747688695095
0.15948988287060437
-0.03209742205916444
-0.6735205519053322
-0.12102842270003422
0.12932580655714976
0.011431171284377054
0.16020269601520898
0.18311062964240432
0.4100928917281168
-0.09184453181662328
0.20326572710433982
-0.0688223696458386
-0.04723025647883139
0.02644832793923485
0.003791774696378397
0.1921409766258063
0.235431854941495
-0.036426144392596005
-0.0215935680548415
-0.19895836012372486
0.26526598406976365
0.08143078432220843
0.20423872031871054
0.09243019824039306
0.3859634283425361
0.19889829565410774
-4.3021142204224816e-16
-0.09243019824039372
0.3859634283425361
0.0814307843222079
-0.2042387203187107
0.1989583601237236
0.26526598406976326
-0.0364261443925956
0.021593568054840778
-0.19214097662580787
0.2354318549414946
0.026448327939236627
-0.0037917746963794796
0.06882236964584043
-0.047230256478832944
-0.09184453181662525
-0.20326572710433996
-0.18311062964240488
0.4100928917281177
0.011431171284376485
-0.16020269601520937
0.1210284227000335
0.12932580655714696
0.16033603329195514
0.3227937744452978
-0.05168970008012118
0.030083025823045006
0.006169254843060912
0.2726874965672506
-0.036886527205798214
0.017205070015299646
-0.009700489919030997
0.03654507295020737
-0.06409770434446663
0.0254181124721028
-0.21078525769965192
-0.011392706744755787
-0.006434820101693883
-0.0430151181877248
0.07724966959283294
0.12185063458183878
0.08463826893760396
-0.07675094932122223
-0.10101572817828897
-0.052932866696442316
-0.1382023583137661
-0.1444216545924708
-0.11447129912363421
9.71445146547012e-17
0.13820235831376773
-0.14442165459247203
-0.1010157281782881
0.05293286669644251
-0.08463826893760493
-0.07675094932122066
0.07724966959283236
-0.1218506345818389
0.00643482010169473
-0.043015118187725826
-0.21078525769965292
0.011392706744755454
0.06409770434446738
0.025418112472103287
-0.00970048991903144
-0.03654507295020763
0.03688652720579902
0.01720507001529965
0.0061692548430611616
-0.27268749656725094
0.051689700080121505
0.030083025823044923
0.16033603329195434
-0.3227937744452981
0.16567162115518036
-0.03776879712117864
-0.04223921185360979
0.06234380694235864
-0.08830346389607704
0.04288591838679931
-0.01090344857065137
0.06123008829123942
0.09731223221490118
-0.059359701782181
0.08324093097190954
-0.08309462634574255
-0.12371289560951108
0.011502260760945182
-0.0001766451800344071
0.02828432474083839
0.11444765629676235
-0.044801946993199615
-0.03191629779943614
-0.05330520391585916
0.03237674363569876
-0.013824010881045179
0.14817674111312182
-0.06304052429175727
0.04709667790360089
-0.07479262661483639
0.1300201141533256
2.7755575615628914e-16
-0.04709667790360156
-0.07479262661483765
0.14817674111312182
0.06304052429175751
-0.03237674363569934
-0.013824010881044457
-0.03191629779943539
0.05330520391585841
-0.11444765629676194
-0.044801946993199365
-0.00017664518003368546
-0.028284324740837585
0.12371289560951035
0.011502260760945016
0.08324093097191027
0.08309462634574247
-0.0973122322148996
-0.059359701782180585
-0.010903448570651564
-0.0612300882912379
0.08830346389607846
0.042885918386799476
-0.04223921185360979
-0.062343806942358304
-0.16567162115518183
-0.03776879712117914
0.053935152695790606
-0.4202894914749907
-0.17792743449396065
0.09016583449958039
0.0012676032491238942
0.19832856419414052
0.024583258603340374
0.12934788293088856
-0.025398816888836107
-0.007959834043184927
-0.019803013265562053
-0.07057838840083597
0.02048420776957076
0.0717430236511597
0.01755732331590766
-0.08442761187774739
0.04312251757262794
0.0012512362601383026
-0.08199648000815438
0.08340073924611278
-0.028807919417328187
-0.0110463601744209
0.177463626165284
-0.048052175699639335
0.011066293996924187
0.01789837775350106
-0.06539528708298331
0.006306046412076771
0.028964430395190782
-1.1102230246251565e-16
0.06539528708298287
0.006306046412079214
0.011066293996923354
-0.017898377753501782
-0.17746362616528438
-0.04805217569963898
-0.02880791941732691
0.011046360174420733
0.08199648000815443
0.0834007392461114
0.0431225175726286
-0.0012512362601381916
-0.017557323315908452
-0.08442761187774728
0.02048420776957066
-0.0717430236511587
0.019803013265562414
-0.07057838840083655
-0.02539881688883666
0.007959834043185059
-0.02458325860334061
0.12934788293088917
0.001267603249124366
-0.19832856419413916
0.177927434493961
0.09016583449958038
0.053935152695789634
0.42028949147499073
0.12841118210069508
0.05437824432200142
-0.13164570149530302
-0.030456566348099623
0.00632224457679989
-0.036584649169682126
0.08562114740377899
0.0900746637087731
-0.08306370555344271
-0.029991484065786722
0.009837887861546463
-0.19612891201058702
0.16524056837227313
-0.1370810462565305
-0.044410663561558816
-0.07331804570190417
-0.04200872951523282
-0.05405987561751441
0.050886485776810333
-0.009301303136490406
-0.028115031695312723
-0.11963728633185802
-0.1552841077767187
-0.0377675524046045
0.039484803529390565
-0.16815532815107068
-0.12235606463109208
-0.028744660020221677
0.00803546635064259
-0.23824080987518576
-0.2286595734938931
1.457167719820518e-16
-0.008035466350643394
-0.23824080987518537
-0.12235606463109241
0.028744660020221913
-0.03948480352939032
-0.16815532815107176
-0.1552841077767189
0.03776755240460494
0.028115031695312487
-0.11963728633185741
0.05088648577680993
0.009301303136489442
0.042008729515233295
-0.05405987561751481
-0.04441066356155879
0.07331804570190452
-0.16524056837227408
-0.13708104625653128
0.00983788786154699
0.19612891201058627
0.0830637055534433
-0.029991484065786944
0.08562114740377819
-0.09007466370877354
-0.006322244576799835
-0.036584649169683736
-0.1316457014953028
0.030456566348099734
-0.1284111821006964
0.054378244322002195
0.18330530090541114
0.2224561444220657
0.02130951524864433
0.03399516252553891
-0.05204019997040747
-0.17293942574347687
0.05110536304442459
0.18696737084838946
-0.026170002832692343
0.10892629619829941
0.06135911216882481
-0.031615535339571905
-0.052536266806411075
0.019057542318720255
-0.15285462646195289
0.026343886399734142
0.04952414451242032
-0.041932332421905166
0.17894011154650585
-0.01821993801905118
0.11035293994607276
0.014220397171006538
-0.049338443149537115
-0.07343098353869876
-0.011179445441056979
-0.05712716443903487
-0.04538241156445022
-0.010787937830816705
0.16477671527525162
-0.037566798127716815
0.02053964221657996
0.09342667874980749
-0.06555090315648471
1.3877787807814457e-17
-0.02053964221657989
0.09342667874980669
0.16477671527525237
0.03756679812771667
0.04538241156444983
-0.010787937830816524
-0.011179445441057145
0.057127164439035705
0.04933844314953685
-0.07343098353869904
0.11035293994607392
-0.014220397171006482
-0.17894011154650472
-0.018219938019050697
0.04952414451242007
0.04193233242190442
0.15285462646195253
0.02634388639973488
-0.05253626680641045
-0.019057542318720144
-0.06135911216882428
-0.03161553533957141
-0.02617000283269244
-0.1089262961982997
-0.05110536304442491
0.18696737084838982
-0.052040199970407125
0.17293942574347584
-0.0213095152486453
0.03399516252553948
0.1833053009054103
-0.22245614442206427
-0.048986874358965565
-0.0662922876867943
-0.026211327336283702
0.22826637781626627
-0.024771977904035142
0.09779326365486829
-0.013249276233553639
0.08446496881871274
-0.034370582408222494
-0.10914860617129517
0.02653466920320033
-0.11982126948351601
-0.011833193061647374
-0.023442262430615063
0.06092211144275919
0.00308362291702019
-0.08816705432205171
-0.015121180139686052
-0.04996749068415071
-0.0646017755992683
0.15509884118082523
-0.01692884770547151
0.10075625130955715
-0.044234142136204135
-0.18540751532477884
0.0015183834856454803
0.10307032008234913
0.000395709915725892
0.1382928353641522
0.10385013434510781
0.14529486860765634
0.009890196589814888
-0.12177613782883948
0.04412122227814963
-0.006237635085787008
-1.5265566588595902e-16
0.12177613782884039
0.04412122227814916
0.145294868607657
-0.009890196589814784
-0.13829283536415193
0.10385013434510862
0.10307032008234912
-0.00039570991572610015
0.18540751532477898
0.0015183834856451472
0.1007562513095572
0.04423414213620497
-0.15509884118082487
-0.01692884770547129
-0.049967490684149705
0.06460177559926891
0.08816705432205205
-0.015121180139685816
0.06092211144275951
-0.00308362291702019
0.011833193061647707
-0.02344226243061452
0.026534669203199496
0.11982126948351657
0.034370582408222605
-0.10914860617129485
-0.013249276233553098
-0.08446496881871222
0.024771977904035153
0.0977932636548683
-0.02621132733628284
-0.22826637781626685
0.04898687435896429
-0.0662922876867946
-0.012338737129504479
-0.1411209248942778
-0.20547387433066266
0.09109312654784602
0.04014299358805055
0.20243138375879022
0.11353579119633325
0.010916150727575097
0.028951915377110903
-0.04659982043736274
-0.045685439614525314
0.07895739876543806
-0.010090186678688925
0.015329722046096908
0.03919116032228973
0.0031007960152211744
0.033406060567942736
-0.04914116151303313
0.07130035967075007
0.04474617771126427
-0.04642333393105612
0.03231712287813497
-0.011074393571872815
0.040963876957496204
0.08116246904227371
-0.05074116444039707
0.10277895408219839
0.06577431430627623
-0.023508908455938858
-0.0008416112466343995
0.001229236069945558
0.09703793458123888
0.023542597432513523
0.05114660480108102
-0.008459214824036776
0.1195614725522752
0.09284233834060823
-3.0531133177191805e-16
0.008459214824037553
0.11956147255227689
0.023542597432513274
-0.05114660480108035
-0.0012292360699463767
0.09703793458123822
-0.023508908455938282
0.0008416112466342052
-0.1027789540821982
0.06577431430627534
0.0811624690422735
0.05074116444039739
0.011074393571872676
0.04096387695749623
-0.0464233339310558
-0.03231712287813425
-0.07130035967074991
0.04474617771126427
0.03340606056794282
0.04914116151303316
-0.03919116032228995
0.0031007960152206193
-0.010090186678690216
-0.015329722046096395
0.045685439614525036
0.07895739876543756
0.028951915377110785
0.04659982043736218
-0.11353579119633453
0.0109161507275745
0.04014299358805111
-0.20243138375879038
0.20547387433066353
0.09109312654784696
-0.012338737129503466
0.14112092489427835
