42.376654448498186
-3.589409177295164e-15
1.0897751056578393
-3.363152676529996
-5.938833488466462
-1.2205777712531302e-15
-1.089775105657834
-3.3631526765299826
-4.4629287217320455
-2.123316287790992
0.03943843906927241
1.5469439846729385
-5.633012345246488
-5.076524457239728e-15
-0.03943843906927291
1.5469439846729411
-4.462928721732035
2.123316287790986
1.9093087335305028
-1.319933336477383
-0.00170314709697994
-0.10645309759597446
-0.9797913878411983
-0.5991146187681305
-1.5854995010230393
-1.299807132564007e-15
0.9797913878412025
-0.5991146187681254
-0.0017031470969760543
0.10645309759597837
-1.909308733530498
-1.3199333364773753
1.5889004578605195
0.4158127401879333
-0.6227198604119992
-0.8828786670668242
1.05872325193224
1.4182223122390547
0.651744997061852
-0.17961473180231977
0.9002328805450285
-3.3218600397449687e-15
-0.6517449970618556
-0.1796147318023165
1.0587232519322451
-1.4182223122390525
0.6227198604120019
-0.8828786670668212
1.5889004578605157
-0.41581274018793846
-1.0545635238619617
1.7851499917434928
-0.5161258201074385
0.10766748226478463
-0.2925741488146154
1.4236869865822113
-0.2714892797807538
-0.36114856246959387
-0.1702604557119346
0.8412759948667443
0.011953867932667034
-2.4020398210115357e-15
0.17026045571193565
0.8412759948667514
-0.2714892797807526
0.36114856246959204
0.2925741488146183
1.423686986582213
-0.5161258201074375
-0.10766748226478284
1.0545635238619617
1.785149991743495
-0.41496647552361676
0.6316816928119248
0.1811437706319539
0.18443840001108835
-0.39101001012182746
-0.9984230645556419
-0.5527292711000713
-0.472836648225613
-0.6804665061419372
0.25119805135112816
0.09634256113663175
-0.019643438337782676
0.2300802980804928
-8.881784197001252e-16
-0.09634256113662903
-0.019643438337783536
-0.6804665061419348
-0.25119805135113105
0.5527292711000706
-0.4728366482256135
-0.391010010121827
0.9984230645556409
-0.18114377063195403
0.1844384000110883
-0.4149664755236169
-0.6316816928119205
0.22549524877580085
-0.10897452216765113
0.05767231610206605
-0.21559287055493326
0.14724140255727408
-0.5282656671918917
-0.29567096971537987
0.27528960901810984
0.1265036105947834
0.28866126331615183
0.43524697313748717
-0.1532697615154233
0.24289595637823522
-0.17731938613872944
0.20531293669113482
-1.1102230246251565e-16
-0.2428959563782343
-0.17731938613873013
0.43524697313748817
0.1532697615154224
-0.12650361059478404
0.28866126331615194
-0.2956709697153781
-0.27528960901811095
-0.1472414025572727
-0.5282656671918909
0.057672316102065135
0.21559287055493187
-0.22549524877580285
-0.10897452216765155
-0.01946017396006916
-0.09540914146577936
-0.35089323620657603
-0.049923890638683716
-0.12913056935777908
0.5626406510242021
0.31145702222876376
0.3578690954467848
0.34132140105270725
-0.22976315364620642
0.0711720525066126
0.06614200974402451
0.1283269250399122
-0.15576008027694377
-0.4186947814365739
0.39659003894966194
-0.47950771326177644
2.7755575615628914e-16
0.4186947814365736
0.3965900389496605
0.1283269250399135
0.1557600802769445
-0.07117205250661357
0.06614200974402518
0.3413214010527097
0.2297631536462049
-0.31145702222876265
0.35786909544678325
-0.12913056935778078
-0.5626406510242021
0.35089323620657786
-0.049923890638682966
-0.019460173960070715
0.09540914146578106
0.12745768132236324
0.10016841555359979
0.008600697404793523
0.14820070086608322
-0.24756359729957417
0.3429488997321114
0.3330041353172618
-0.17083411156731731
-0.1851646893824892
-0.22963110932139943
0.21689502025952523
0.2029445916043514
0.24587528839613637
-0.22190883966887198
0.22163472683295915
-0.08030041756034598
0.019642213212677673
-0.44850346965250587
0.7133375518506581
5.828670879282072e-16
-0.019642213212676368
-0.44850346965250887
0.22163472683296026
0.08030041756034595
-0.24587528839613768
-0.22190883966886887
0.21689502025952534
-0.2029445916043514
0.18516468938249003
-0.22963110932140107
0.33300413531726203
0.17083411156731826
0.247563597299574
0.3429488997321111
0.008600697404794008
-0.14820070086608378
-0.12745768132236124
0.10016841555359998
-0.22910338853837678
0.3428589708981593
0.23614244798332973
0.037271960589383445
-0.006254470082700997
-0.1266883150023749
-0.34658462757295505
-0.13185561031477847
-0.20413752723726786
0.10467885530251762
0.2582862560294392
0.15966535152659772
-0.0572601381450667
-0.0005760307998620984
-0.07606919189756953
0.05631880470305706
0.06602360047049327
0.17192763860762794
0.04987888235111371
-0.11364226653795234
-0.03227406428929443
1.1934897514720433e-15
-0.04987888235111188
-0.1136422665379529
0.06602360047049444
-0.1719276386076276
0.07606919189756897
0.05631880470305755
-0.05726013814506621
0.0005760307998618486
-0.25828625602943933
0.1596653515265977
-0.20413752723726697
-0.10467885530251714
0.34658462757295505
-0.13185561031477813
-0.00625447008270158
0.12668831500237548
-0.23614244798332906
0.03727196058938356
-0.22910338853837936
-0.3428589708981593
-0.4273470067097762
0.17737984134923734
0.1175579727343149
-0.0373022939907422
0.10207850885641129
-0.0767036867109412
-0.0618398051939586
0.05734310418572096
0.2624874359919972
0.045036539523925403
0.27927478595220667
-0.08140644664567655
-0.12213578524914381
-0.06974482451390435
0.09854507293680992
-0.0019381289173063393
-0.017735087110301778
-0.04382192469419499
-0.17231436339827808
-0.11806861049115332
0.0053805974555974495
0.015391130284677645
-0.11146996727604436
9.71445146547012e-17
-0.005380597455596603
0.015391130284677756
-0.1723143633982795
0.11806861049115362
0.017735087110301306
-0.043821924694194325
0.09854507293681086
0.0019381289173051597
0.12213578524914497
-0.06974482451390518
0.2792747859522075
0.08140644664567646
-0.2624874359919975
0.04503653952392522
-0.061839805193960096
-0.05734310418572025
-0.10207850885641157
-0.07670368671094155
0.11755797273431705
0.03730229399074242
0.42734700670977754
0.17737984134923687
-0.01895294137267843
-0.2783041961315881
-0.011112292788627881
-0.025115113728324506
0.01945684502857553
0.16159341884242578
0.23917946304393262
0.05122088280325332
0.09793129292476421
-0.08512031402291839
-0.09901696426670888
0.013855638178910626
0.05336987709381512
0.02503362378706593
0.02186135786155871
-0.04383212865504449
-0.14179732464922928
-0.15824190628812568
-0.1882361291728618
0.06692415794463304
-0.24900779274346857
-0.01695097677851118
0.07884470299755542
0.20105433698207698
-0.21192193385485297
0.0
-0.0788447029975557
0.2010543369820757
-0.24900779274347037
0.01695097677851183
0.18823612917286214
0.06692415794463479
-0.14179732464922942
0.15824190628812396
-0.021861357861557684
-0.04383212865504443
0.05336987709381602
-0.02503362378706489
0.09901696426670972
0.013855638178911306
0.09793129292476344
0.0851203140229187
-0.23917946304393384
0.05122088280325304
0.019456845028575018
-0.16159341884242573
0.011112292788627937
-0.025115113728324368
-0.018952941372678528
0.2783041961315871
0.30127046090020027
-0.3052320097118871
-0.03160241439618641
-0.017712880307209855
0.00943226388047215
0.08108231763423523
0.12776117736463183
0.02673113957825357
-0.17977844189258274
-0.13910780244039422
-0.11620398245409103
-0.0031771095036232516
0.1270388958919656
-0.0309824764051273
-0.02382560124785979
0.01797227234781948
0.0780296809499808
-0.18622583630067804
-0.08935435237840338
-0.025526304013100548
0.11176069355517476
-0.13566381141006004
0.2702204930370724
0.11132022826656085
0.0014128141548287731
-0.11365927760034246
0.027410005201631837
3.885780586188048e-16
-0.0014128141548281903
-0.1136592776003435
0.27022049303707163
-0.1113202282665599
-0.11176069355517429
-0.1356638114100593
-0.08935435237840414
0.02552630401310041
-0.0780296809499803
-0.18622583630067763
-0.023825601247859346
-0.0179722723478202
-0.1270388958919648
-0.030982476405126733
-0.1162039824540905
0.003177109503622877
0.17977844189258224
-0.13910780244039345
0.12776117736463155
-0.026731139578253224
-0.00943226388047319
0.08108231763423585
-0.03160241439618544
0.017712880307210188
-0.30127046090020015
-0.3052320097118874
0.1004548791300327
0.14703090473680236
0.006593173510405004
0.020352217008112794
-0.05824123333792397
-0.025258322854606163
-0.0011892556732945592
0.04372636097864713
0.019544618903958172
0.08998415230910503
0.02988204579819205
0.06632988672452825
0.10122690899064599
0.015557355163688995
0.08042132326842566
0.0935207213268935
0.05624560583507285
0.030361371971086987
-0.056136707732664846
0.02555436384806581
0.2785256697483297
0.12482549848329094
0.11361371564817468
-0.09157519249769686
0.14830930321986058
-0.08223034678819645
-0.03800945830380206
-0.1184109251876152
0.26841252152093953
8.326672684688674e-16
0.03800945830380192
-0.11841092518761576
0.14830930321986163
0.08223034678819599
-0.11361371564817438
-0.09157519249769672
0.278525669748329
-0.12482549848329089
0.05613670773266541
0.02555436384806603
0.05624560583507343
-0.030361371971087125
-0.08042132326842699
0.09352072132689357
0.10122690899064582
-0.015557355163689574
-0.029882045798193015
0.06632988672452964
0.019544618903957034
-0.08998415230910627
0.001189255673295142
0.04372636097864689
-0.05824123333792386
0.02525832285460683
-0.006593173510405129
0.020352217008113016
0.10045487913003381
-0.1470309047368043
-0.16690042422826845
-0.06868956648899971
0.00953418101481198
0.03306306202749039
-0.0905589123250767
-0.11827988140520115
-0.0007055526887981833
0.02089074962089993
0.11349614112027617
0.09268381703356621
0.07627020623075076
0.05528469720308962
0.05096909531634908
-0.056284676041731624
0.02912736148207934
-0.043465031373207924
-0.15516662387530178
-0.014320475496951632
0.07092957177286312
0.08387341300700112
-0.02205717170104135
-0.02454409189887602
-0.00043342030340781657
-0.025185428514240243
-0.05281446942667653
0.03561055716593198
-0.03775816641145735
0.0053033234582267885
-0.0457066673755143
0.03156314346323785
-0.05559236297020265
5.689893001203927e-16
0.04570666737551546
0.031563143463238026
-0.037758166411456996
-0.005303323458226539
0.052814469426676294
0.035610557165932186
-0.0004334203034080941
0.02518542851424002
0.022057171701042266
-0.024544091898876436
0.07092957177286381
-0.08387341300699991
0.1551666238753013
-0.014320475496951146
0.029127361482079228
0.04346503137320691
-0.050969095316348884
-0.05628467604173205
0.07627020623075106
-0.05528469720309016
-0.11349614112027516
0.0926838170335661
-0.0007055526887987384
-0.020890749620900873
0.09055891232507733
-0.11827988140520057
0.009534181014812512
-0.03306306202748975
0.166900424228269
-0.06868956648899835
-0.040875560700894126
-0.33648822157993297
-0.008728277360478334
0.042671282301295604
0.07357249203647126
-0.10466360780654241
0.02943746234501981
0.031146677726270958
0.00014378395217187756
0.03624075121162715
0.04772865412070819
0.027444391339804378
0.03182947103234128
-0.01921750584200428
-0.0825317763353906
-0.036190124873199864
0.07043361388607888
0.08026245456483971
0.12089124073817664
-0.2420376209982134
-0.16727018195783272
-0.20784455999868995
-0.005721777304445175
-0.08704749110550936
-0.15905222157318216
0.06117942381353697
-0.03271014884259821
-0.09442937637807557
-0.2710772339336447
-0.02273994334162155
-0.03046706740603855
-0.08705598790629565
-0.2481083671493699
4.996003610813204e-16
0.030467067406039494
-0.08705598790629546
-0.27107723393364513
0.022739943341621188
0.032710148842597445
-0.09442937637807597
-0.1590522215731821
-0.061179423813536346
0.0057217773044448
-0.08704749110550902
-0.1672701819578326
0.20784455999868998
-0.12089124073817742
-0.2420376209982132
0.07043361388607829
-0.08026245456483921
0.08253177633538925
-0.03619012487319939
0.03182947103234153
0.01921750584200327
-0.047728654120707384
0.027444391339804364
0.0001437839521720788
-0.0362407512116274
-0.029437462345020253
0.03114667772627161
0.07357249203647068
0.10466360780654282
0.008728277360478445
0.0426712823012948
-0.04087556070089343
0.33648822157993175
0.05440134470656294
-0.0735286048198091
-0.015192178512309876
0.03855734730485515
0.13173691838902168
0.0034045539569024508
0.06842648178356225
0.084688087051735
0.00908195303317505
-0.0032481392388059027
-0.013452275832379401
-0.004033552049643424
-0.1515345722530109
0.014926467626126122
0.09050680561467128
0.024601967463179136
0.22173673039420694
-0.0913358107648857
-0.00838938246543898
-0.1968535084105555
-0.042212612012563155
-0.12143510201951363
0.10101873277741673
-0.0003888314247533081
0.055257879228753026
-0.21413027049602362
-0.035522030718302136
-0.01188883997238805
-0.06465624166004647
-0.1337707566464611
-0.10831202487961866
-0.015313116611674199
-0.03495669984760447
-0.003704986831862933
-0.18607708067003342
4.440892098500626e-16
0.0349566998476057
-0.003704986831862267
-0.10831202487961789
0.015313116611674393
0.06465624166004558
-0.13377075664646118
-0.03552203071830205
0.01188883997238846
-0.055257879228752804
-0.21413027049602346
0.10101873277741695
0.00038883142475254484
0.04221261201256281
-0.12143510201951324
-0.00838938246543905
0.19685350841055593
-0.22173673039420805
-0.09133581076488596
0.09050680561467109
-0.02460196746317974
0.15153457225301092
0.014926467626126122
-0.013452275832379401
0.0040335520496429245
-0.00908195303317455
-0.0032481392388062913
0.0684264817835619
-0.08468808705173542
-0.13173691838902182
0.0034045539569018193
-0.015192178512309806
-0.038557347304853884
-0.05440134470656319
-0.07352860481980938
0.07246372969309783
0.10981979959570953
0.02643589722125622
0.027896111825457315
0.026452595995270306
0.11278283372312989
0.03423199509177052
0.017582228594401283
0.0055459120746339935
-0.08314642625343033
-0.04383865761585358
0.045365647594144534
0.11490274182097518
0.014744486898398135
0.13701560423257897
-0.23053032998343437
-0.08218788158031036
-0.19476023290800468
-0.1306253753441686
-0.007962597715525169
0.08703859505694528
0.11845207436168734
-0.020264034012641235
-0.23408757322049606
-0.09992397124104238
0.028512697023434896
-0.058509152085869154
-0.05263340265104585
-0.05661761066888418
0.055308809962266337
-0.0014936149605649929
-0.06791982895873486
-0.055437528805483687
0.07603667077427884
-0.12356133463807943
0.14679711751952348
-0.060093535617791294
1.3877787807814457e-17
0.12356133463808061
0.1467971175195241
-0.05543752880548283
-0.07603667077427939
0.0014936149605646667
-0.06791982895873522
-0.05661761066888418
-0.05530880996226628
0.058509152085869154
-0.05263340265104541
-0.09992397124104295
-0.028512697023435188
0.020264034012641347
-0.23408757322049573
0.08703859505694539
-0.11845207436168742
0.13062537534416777
-0.007962597715525252
-0.08218788158031051
0.19476023290800382
-0.13701560423257964
-0.23053032998343487
0.11490274182097526
-0.014744486898398745
0.04383865761585412
0.04536564759414409
0.0055459120746338825
0.0831464262534311
-0.03423199509177023
0.017582228594401728
0.026452595995269515
-0.11278283372312975
-0.026435897221256235
0.027896111825456982
0.07246372969309767
-0.10981979959570842
