54.83466745425116
2.1108369193302054e-15
0.22225427949932097
4.0015191476832195
-1.3885770030246731
2.858671329162796e-15
-0.22225427949930454
4.001519147683198
-4.591495332096557
0.4585131953865638
1.6222444557193785
-1.665557195772613
-1.9896579042985905
2.4092372258099387e-15
-1.6222444557193678
-1.665557195772614
-4.5914953320965886
-0.45851319538657687
-0.07811006309190693
0.36293110060868233
1.7802234188904398
2.3566661821203385
-0.6739844842033504
1.3732974350083818
0.6358575712104423
2.2804628185389597e-15
0.6739844842033613
1.3732974350083824
1.7802234188904413
-2.356666182120345
0.07811006309190316
0.3629311006086842
-2.5919252969795545
0.18991712745192554
-1.873895664247307
1.5667257904470409
-0.6122743356421562
-0.7670894022271721
-0.5151261012223189
-0.48919931628803104
-3.4491751867539215
1.6128548927408342e-15
0.5151261012223238
-0.4891993162880302
-0.6122743356421521
0.7670894022271773
1.8738956642473017
1.5667257904470469
-2.5919252969795514
-0.18991712745192776
-0.6093264166626282
-0.03876798791884814
-1.2160023664779225
-0.7901587381412623
0.3896440991064281
-0.5503779537994945
0.1355279011113334
-0.10644391083431669
-0.19149994955217933
0.5206749954508018
1.253659500153774
1.9006336231843495e-15
0.1914999495521867
0.5206749954508058
0.13552790111133373
0.10644391083431695
-0.38964409910642456
-0.5503779537994944
-1.2160023664779223
0.7901587381412652
0.6093264166626214
-0.03876798791885255
0.5754608591346491
-0.2996501200602314
0.15748662334314834
-0.5300034303608179
-0.285448437422005
0.2640436114306988
-0.008563115529862442
-0.051521477665632365
0.3707702413911471
-0.16445652467829228
-0.21989915855311065
0.2508003533585016
1.2111698630030132
7.632783294297951e-17
0.21989915855311037
0.25080035335850137
0.37077024139114517
0.16445652467829058
0.008563115529862275
-0.05152147766563127
-0.285448437422005
-0.2640436114306997
-0.1574866233431493
-0.5300034303608167
0.5754608591346473
0.2996501200602325
0.17283835115570445
-0.11833155397692424
0.20754434228506516
-0.13186749753066232
0.016045215703753585
0.08837193603358878
0.10106915209674298
0.05650935801362986
-0.011160101241190976
0.1733726500282608
0.5077431532977478
-0.09304283080118295
-0.06643228969378871
0.27220554561840865
1.1731561710208727
2.7755575615628914e-16
0.066432289693789
0.27220554561840926
0.5077431532977478
0.09304283080118438
0.01116010124119085
0.17337265002826127
0.10106915209674204
-0.05650935801362847
-0.016045215703752946
0.08837193603358823
0.20754434228506335
0.13186749753066293
-0.1728383511557033
-0.11833155397692263
0.1794953535873334
-0.22429919688438393
0.03667821985558681
0.1019685563848714
0.10818683169354593
-0.002088251138402525
-0.25617500970361956
-0.16254607925155617
0.3176793999397062
-0.22133657583764368
-0.17723633605508934
0.1482501394599306
-0.19533916296568526
-0.22572795694172756
-0.3035867921268222
0.6398436099754342
1.4315687529456713
-8.881784197001252e-16
0.3035867921268225
0.6398436099754345
-0.19533916296568696
0.22572795694172712
0.17723633605508932
0.14825013945993015
0.31767939993970695
0.22133657583764288
0.2561750097036213
-0.16254607925155515
0.10818683169354609
0.002088251138403885
-0.03667821985558592
0.10196855638487277
0.17949535358733343
0.22429919688438238
0.23147913819784316
-0.22424711756182833
-0.17203746833293188
0.13768301267525454
-0.1599342059502641
-0.10425990443420188
0.10619851143088319
-0.06699845839130314
0.08697768954620841
-0.12808832489059327
-0.20023302082292987
0.020346245466163343
-0.08394952697296387
-0.02197963578854717
-0.1925219303044918
-0.35068159221602774
0.25263107218969355
0.48026315583726853
-0.21046588312680667
-1.1102230246251565e-16
-0.25263107218969316
0.48026315583726686
-0.1925219303044921
0.35068159221602857
0.0839495269729641
-0.02197963578854506
-0.20023302082292857
-0.020346245466163065
-0.08697768954620867
-0.12808832489059452
0.1061985114308828
0.06699845839130279
0.15993420595026364
-0.10425990443420152
-0.17203746833293018
-0.13768301267525312
-0.23147913819784288
-0.22424711756182764
-0.4743288445507806
0.28826580725670126
-0.1916550565696073
-0.1492324028433715
0.1407810000359861
-0.10637968395891059
0.07209617430324283
0.13938699494658696
-0.29404822048764745
0.14413399691245693
-0.053378150926142814
-0.138335668539837
0.07642493517735804
-0.3063666896217422
0.32075826243553485
0.06623908119172836
-0.3258329289656214
0.30602573598125726
0.07015202696546805
0.09574284440304742
-0.7638312495359784
-8.881784197001252e-16
-0.0701520269654674
0.09574284440304737
-0.3258329289656222
-0.3060257359812574
-0.32075826243553385
0.06623908119172889
0.07642493517735865
0.3063666896217418
0.05337815092614305
-0.13833566853983695
-0.29404822048764734
-0.14413399691245726
-0.07209617430324264
0.13938699494658807
0.14078100003598468
0.10637968395891056
0.1916550565696074
-0.14923240284337033
-0.4743288445507805
-0.2882658072567025
-0.22350698843529926
-0.05927314024792196
0.13347083145901323
-0.2833138865862409
0.20284341664717115
-0.039184885961423874
-0.089887020983697
0.01597688940988168
-0.10782829127084351
-0.02491301625561651
0.20235235725417483
-0.2290164039732552
0.34642158294305747
0.08241437406937244
0.11789568688160913
0.19519476885990422
-0.26668939950120185
0.2854226168021914
0.42524072677305824
-0.04440318012168726
-0.15169800065428246
0.3291623053462188
0.43477107290613837
9.71445146547012e-17
0.1516980006542831
0.32916230534621976
0.42524072677305885
0.04440318012168831
0.2666893995012025
0.2854226168021903
0.11789568688160837
-0.1951947688599055
-0.3464215829430573
0.08241437406937117
0.20235235725417425
0.2290164039732553
0.10782829127084262
-0.024913016255616205
-0.08988702098369789
-0.015976889409881748
-0.20284341664717032
-0.03918488596142331
0.13347083145901298
0.2833138865862411
0.22350698843529904
-0.05927314024792163
3.42130482378078e-05
-0.0848144748809625
0.26940415031653814
0.16456997603907642
-0.2056027572330913
0.20791951548182658
-0.18376276704142744
-0.08111830366430972
-0.056911432442079246
-0.16004274120532236
0.11267780501845315
0.03650739714234144
-0.12332188942878095
0.11712515271243265
-0.3110545446367631
-0.12746142159264748
-0.4515218135491065
-0.24415857134221236
-0.15357252483999925
0.04290406911154118
0.13887483623192667
-0.24181729068666669
0.046151100412774114
0.13522898571894076
-0.2296645635102295
-2.7755575615628914e-16
-0.046151100412774516
0.1352289857189403
0.1388748362319271
0.24181729068666588
0.15357252483999967
0.04290406911153935
-0.4515218135491068
0.2441585713422114
0.31105454463676213
-0.12746142159264767
-0.12332188942878192
-0.11712515271243287
-0.1126778050184527
0.03650739714234122
-0.05691143244208072
0.16004274120532314
0.18376276704142744
-0.0811183036643091
-0.2056027572330907
-0.20791951548182733
-0.2694041503165395
0.1645699760390765
3.421304823703064e-05
0.08481447488096217
-0.00763152845149126
-0.06963410342546178
-0.22768208943543755
0.2268941036865495
-0.2032400292857011
-0.036341872443688056
0.02839755377730112
-0.1927242857133469
0.07566709523313514
-0.0254320639566461
-0.03314089162741121
0.2191365820276295
-0.04655930093462016
-0.02134084719000548
0.019847841950612052
-0.07665725854791011
0.08068253207879261
-0.07539077144976242
-0.03322666466155019
-0.012248160461995977
0.11794548149733625
0.040953651561280224
0.01273452382807888
0.03508136352637936
0.1663114395517804
0.21864000070323297
-0.20351967206614824
5.273559366969494e-16
-0.16631143955177904
0.2186400007032322
0.012734523828078381
-0.035081363526377904
-0.11794548149733655
0.04095365156128156
-0.03322666466155111
0.012248160461996824
-0.08068253207879175
-0.07539077144976314
0.01984784195061108
0.07665725854790945
0.04655930093461927
-0.021340847190005396
-0.03314089162741163
-0.21913658202763014
-0.07566709523313453
-0.025432063956646593
0.028397553777300855
0.1927242857133459
0.20324002928570084
-0.03634187244368739
-0.22768208943543755
-0.22689410368654894
0.007631528451492148
-0.06963410342546184
0.15308173844572714
-0.1453120502614329
-0.24601002410166595
-0.09695971322553426
-0.008399848351345052
-0.13065338135124227
0.14441428460483613
0.02352412544957977
0.06319196910450035
0.04915845917383356
-0.14932307891613872
-0.04393518946739339
-0.08106753137767522
-0.046354804859472576
0.1178442319322337
-0.04814390483116508
0.1994633328422108
-0.102810978346727
0.10428938246820807
-0.011943583154230109
-0.01631920394193613
-0.029915490493083674
-0.02366909706472614
0.11836085304747399
0.11013348854228797
0.09396076715555546
0.13422676596227717
-0.03591240537782424
-0.004122390500117777
-4.996003610813204e-16
-0.1342267659622765
-0.03591240537782351
0.11013348854228638
-0.09396076715555567
0.02366909706472646
0.11836085304747246
-0.016319203941935728
0.029915490493084618
-0.10428938246820818
-0.011943583154230164
0.19946333284221024
0.10281097834672667
-0.11784423193223328
-0.04814390483116575
-0.08106753137767447
0.046354804859473575
0.149323078916139
-0.043935189467393776
0.06319196910449945
-0.049158459173832464
-0.14441428460483607
0.02352412544957988
-0.00839984835134433
0.13065338135124205
0.2460100241016654
-0.09695971322553401
0.15308173844572645
0.14531205026143257
0.04280767522205975
-0.0845927206428935
0.00744052661216052
-0.15640589828506904
0.02903863366544282
0.004658129185879156
-0.06857792188029282
0.09996497596547149
-0.046683599107305185
-0.02375158054251962
0.060700403028570715
-0.1438619951517481
0.0465561054350182
-0.0064369995812867675
0.054514625414934625
0.031655080377246556
0.11723534997264243
0.03252857842207538
0.08356139723421593
0.04433438357473432
0.043746430181234974
-0.0036066169560077244
0.1748160300228852
-0.09567740509473494
-0.08184600987643093
0.1693098752451529
0.2747957476304184
0.02368323716519713
0.07587460172905364
-0.050070591509070006
0.356733242023287
3.885780586188048e-16
-0.07587460172905232
-0.050070591509069506
0.2747957476304186
-0.023683237165197928
0.08184600987643142
0.16930987524515295
0.17481603002288432
0.09567740509473494
-0.043746430181234905
-0.0036066169560075023
0.08356139723421566
-0.044334383574733696
-0.11723534997264214
0.03252857842207535
0.054514625414934716
-0.031655080377246236
-0.04655610543501826
-0.006436999581286462
0.060700403028570715
0.14386199515174763
0.0466835991073061
-0.023751580542519857
-0.06857792188029273
-0.09996497596547213
-0.02903863366544321
0.004658129185878157
0.0074405266121600755
0.15640589828506915
-0.042807675222059194
-0.08459272064289317
-0.09017670500597211
0.01886123974076445
0.08434642442179965
-0.11028643947612227
0.16820061987482965
0.025258448033430414
-0.05350489698656799
-0.05638707610966537
-0.02865842764211679
-0.0168303988333742
0.07580607589136269
0.035321609232740386
0.0982006819872856
0.003985224016994637
-0.07657240895122554
-0.003507566942340494
-0.044516922367001735
0.020585367634466833
-0.10968378595004771
-0.14151896975263253
-0.017093903259825488
-0.009692607207172715
-0.06938568843463874
-0.012412578270392965
-0.09128804782570454
-0.0842680343211416
-0.11918139967937436
-0.09090047306457898
-0.29953903241391383
0.05110684550932676
0.08608655739140045
0.020156473598243935
-0.22092081648997075
-1.1379786002407855e-15
-0.08608655739140086
0.020156473598244157
-0.2995390324139141
-0.05110684550932612
0.11918139967937506
-0.09090047306457903
-0.09128804782570499
0.0842680343211406
0.06938568843463849
-0.012412578270392785
-0.017093903259825433
0.00969260720717327
0.10968378595004802
-0.14151896975263306
-0.044516922367002054
-0.020585367634468166
0.07657240895122516
-0.003507566942340827
0.0982006819872859
-0.003985224016994471
-0.07580607589136223
0.035321609232740386
-0.02865842764211693
0.016830398833374505
0.053504896986567574
-0.056387076109665014
0.16820061987482904
-0.025258448033429304
-0.08434642442179971
-0.11028643947612249
-0.09017670500597164
-0.0188612397407652
0.020611995628561447
-0.24291551519371263
0.04314959615187536
-0.037822283770052256
0.00019427908801339377
0.05185124630478895
-0.10923533151046644
-0.0815815031442924
-0.020376931848819363
-0.04325798549317948
0.02019311162326983
0.03727523933919616
-0.005029042756162783
0.02578278350186372
-0.036425799189778674
-0.005304906574003204
0.02577121912702181
-0.03924308174492122
0.19061328080169726
0.06344769903119657
0.06520143356167642
0.12308304617180647
-0.03708120348619255
0.13307174720727893
0.04339101371782142
-0.1068876837728043
0.15506320490012548
-0.04695041789160325
0.036575483519333374
0.11533748261965006
-0.005868128494755265
0.1266203494736804
0.06470140928492157
0.08635701869127996
-0.2253985836559407
2.498001805406602e-16
-0.06470140928492221
0.08635701869127942
-0.005868128494755494
-0.1266203494736809
-0.03657548351933343
0.11533748261965011
0.15506320490012473
0.04695041789160396
-0.043391013717821045
-0.10688768377280478
-0.03708120348619287
-0.13307174720727932
-0.0652014335616761
0.12308304617180654
0.19061328080169676
-0.06344769903119642
-0.0257712191270216
-0.03924308174492119
-0.03642579918977873
0.005304906574002642
0.005029042756162783
0.025782783501863596
0.020193111623270206
-0.0372752393391958
0.020376931848820057
-0.04325798549317962
-0.1092353315104676
0.08158150314429276
-0.00019427908801414318
0.05185124630478819
0.043149596151875524
0.037822283770052034
-0.02061199562856024
-0.2429155151937122
-0.0563432543851583
-0.008666089040053615
0.016294644061903174
0.13187132892046569
-0.2087975451064788
0.0016600403550392911
-0.0099870616533499
-0.11796623321458771
0.04974019137393382
-0.03459560387521737
-0.06318347593412224
0.06263557547201373
-0.06501339034941646
-0.035230696970423026
-0.019930366658392623
-0.13947823253035868
0.002585014591741458
-0.055211077887180784
0.0007153697683782018
0.09353870668592502
-0.09874623831979062
-0.009826117947814711
-0.08741025492961184
-0.1506113671430691
-0.11296362197929452
-0.1314114636630619
0.061726178920707975
0.06573298600597122
-0.1553713204530665
-0.0512567937028251
0.005728323311666117
0.025231300737927204
-0.12206887290075012
0.033120502603319335
-0.03842966159718289
-0.2552866255187781
-0.2646440278383526
-2.498001805406602e-16
0.03842966159718436
-0.25528662551877823
-0.12206887290075029
-0.033120502603320515
-0.005728323311666478
0.025231300737927176
-0.15537132045306645
0.05125679370282479
-0.061726178920707905
0.0657329860059713
-0.11296362197929455
0.13141146366306145
0.08741025492961216
-0.1506113671430694
-0.09874623831978954
0.009826117947815328
-0.0007153697683776605
0.09353870668592508
0.0025850145917408196
0.055211077887180715
0.01993036665839254
-0.13947823253035926
-0.06501339034941647
0.0352306969704228
0.06318347593412221
0.0626355754720128
0.04974019137393412
0.03459560387521757
0.009987061653349477
-0.11796623321458793
-0.20879754510647813
-0.0016600403550381948
-0.016294644061903174
0.13187132892046471
-0.05634325438515786
0.008666089040052727
