50.33109334719898
-3.3371219376502154e-15
-1.4485176814042866
2.3537469285982215
-0.4202995823195774
-9.937709365904601e-16
1.4485176814042822
2.353746928598228
4.471715461186873
-0.6196966065988915
-0.03569995449612401
0.5558777007979866
-6.402647070578133
1.319825099578978e-15
0.035699954496122455
0.5558777007979882
4.471715461186861
0.6196966065988982
-1.42940723046043
0.13509658351508771
0.5855060393332505
0.005666620846114137
0.5374501470036193
-0.8439904120254353
0.5836056113885377
2.3965849637189963e-16
-0.5374501470036275
-0.8439904120254408
0.5855060393332514
-0.005666620846113237
1.4294072304604288
0.13509658351508888
-1.3070722710429918
-0.1465101978875717
-0.10868418523581092
-0.38461177454189444
-0.9162884779083427
0.2876277655781777
0.030890758625848454
-0.5511684823003774
-2.696997158698386
-1.6375094825977743e-15
-0.030890758625842007
-0.551168482300378
-0.9162884779083537
-0.28762776557818115
0.10868418523581128
-0.38461177454189527
-1.3070722710429865
0.14651019788757005
-0.46316325881102716
-0.44676641347757673
-0.04338603596354862
0.085171047861751
0.14730164903752668
-0.24204928492872618
-0.35455606496474257
0.06428299246041343
-0.05409622618010085
-0.16407066094443426
-0.4032010145343294
-9.486302179364154e-16
0.054096226180100015
-0.16407066094444023
-0.35455606496474323
-0.06428299246041469
-0.14730164903752885
-0.24204928492872532
-0.04338603596354985
-0.08517104786175159
0.4631632588110251
-0.44676641347757545
-0.8008913690215775
0.43685334551891836
-0.05738611101918761
-0.1307581560098428
0.27414143147572934
0.04363517500572556
0.029116326450920577
0.08392536312722298
-0.4535890609652586
-0.06611170247284541
0.07871193716074604
0.19026588517862514
2.2578067033291065
-3.7470027081099033e-16
-0.0787119371607464
0.19026588517862486
-0.45358906096525625
0.06611170247284592
-0.029116326450920882
0.0839253631272231
0.2741414314757297
-0.043635175005725335
0.05738611101918678
-0.1307581560098428
-0.800891369021578
-0.4368533455189191
0.5175665262679634
-0.5245783115428364
-0.1088829676213944
0.08658293811074852
-0.20571596098888584
-0.07975724869506667
0.031046897797305906
0.03925648531736653
0.06727233476837349
-0.04397974611695774
-0.040111335949922555
-0.03141733585002762
-0.12426026969522927
0.22833817064372172
0.07354877567248014
3.885780586188048e-16
0.12426026969522799
0.22833817064372147
-0.040111335949922215
0.03141733585002748
-0.06727233476837334
-0.043979746116957236
0.031046897797305864
-0.03925648531736668
0.20571596098888667
-0.07975724869506662
-0.1088829676213934
-0.08658293811074794
-0.5175665262679637
-0.5245783115428374
0.053473847805050156
0.18547934031309027
0.006656906192305086
0.10131967592629426
0.1997699052183623
-0.0285619181480542
-0.04694237749618868
-0.032394786094681965
0.2983049295442933
0.005841944748187333
0.028422911807189588
0.034948937659144114
0.4106833910941662
-0.10140466997747066
-0.018465501823942354
0.07965742697910327
-0.48065735510658636
-6.106226635438361e-16
0.01846550182394266
0.07965742697910255
0.41068339109416757
0.10140466997747072
-0.0284229118071897
0.03494893765914389
0.29830492954429244
-0.005841944748186695
0.04694237749618934
-0.03239478609468238
0.19976990521836147
0.028561918148054588
-0.00665690619230426
0.10131967592629418
0.05347384780504949
-0.185479340313089
0.2928201051661006
-0.2009275742742891
0.13992923683650538
-0.0045743058408574955
-0.19825376748701368
-0.03414191102437536
0.08346296623028479
0.07536421978259594
-0.0456471972246284
0.14802712598530934
0.0023710313343908995
0.0297416927785725
-0.13247114174722585
0.31289061287425135
0.05139165285954628
-0.001481911309461209
0.1757554340905907
0.14796686832823425
0.15428141638976248
-5.273559366969494e-16
-0.1757554340905928
0.1479668683282342
0.05139165285954586
0.001481911309460071
0.1324711417472257
0.3128906128742521
0.0023710313343903167
-0.02974169277857326
0.045647197224629496
0.1480271259853096
0.08346296623028396
-0.07536421978259683
0.1982537674870137
-0.034141911024374264
0.13992923683650474
0.004574305840857475
-0.29282010516610146
-0.20092757427428878
0.042732495546542903
-0.06109058622738846
-0.08428760008639927
-0.0760749395240036
0.09162049429551028
0.01932144132977799
-0.07640112753115791
-0.11139057451537843
0.31084422859576594
-0.07234699327858939
0.008839107755293785
-0.02200305416687588
-0.17969394761901922
-0.06705851423189181
0.05133882991066388
-0.030222509071368253
0.04221901855815369
0.10382343469909343
-0.06658193671736029
-0.0651109386510832
-0.3122896305241365
-6.106226635438361e-16
0.0665819367173596
-0.06511093865108392
0.0422190185581538
-0.10382343469909305
-0.05133882991066521
-0.03022250907136803
-0.1796939476190196
0.06705851423189185
-0.008839107755293604
-0.022003054166876083
0.31084422859576566
0.0723469932785899
0.07640112753115859
-0.11139057451537723
0.0916204942955112
-0.019321441329777644
0.08428760008639927
-0.07607493952400357
0.042732495546543514
0.061090586227388055
-0.25834001478031654
0.34004038139565645
0.06652489324649048
0.06637272811253841
-0.06121805418538018
0.049035856353714345
0.04272462710159336
0.1420865306956572
-0.2809779685654576
0.1836106108731241
0.05274684529584471
0.047762797282519476
0.02388976793227055
0.06336920764954357
-0.04671865883133959
-0.014654346812997168
0.10093008793864425
-0.1466698763535919
0.025018907656554068
0.02378849342311018
-0.10702418859242883
-0.2835491658512574
-0.01849306133572834
-2.5326962749261384e-16
0.1070241885924283
-0.2835491658512584
0.02501890765655357
-0.02378849342311036
-0.10093008793864423
-0.14666987635359124
-0.046718658831340465
0.014654346812997557
-0.023889767932270375
0.06336920764954392
0.05274684529584482
-0.04776279728251892
0.2809779685654583
0.1836106108731228
0.04272462710159386
-0.14208653069565802
0.061218054185380594
0.04903585635371489
0.06652489324649065
-0.06637272811253837
0.25834001478031543
0.3400403813956562
0.08553736406468712
0.021831980962151817
-0.06413934201564057
-0.10030289098237555
0.076802051480794
-0.016818020337761926
-0.013928558194963622
-0.10437088370712833
0.19708330024787596
-0.03865585444878761
-0.02277066499885959
-0.10487623714348224
-0.0756108298417299
0.04011878917724343
0.028845929343290916
-0.007052129247074934
-0.03409568957722209
0.010482125613520929
0.014754320409199023
-0.031203920220430253
-0.2389519530183068
-0.02947722925978663
-0.011943006264936287
-0.04753914680726315
0.2710287243134033
1.6653345369377348e-16
0.011943006264936995
-0.047539146807263566
-0.23895195301830668
0.029477229259786894
-0.014754320409198746
-0.031203920220430142
-0.034095689577221366
-0.010482125613520743
-0.028845929343290527
-0.007052129247074858
-0.07561082984173048
-0.040118789177244
0.022770664998859408
-0.10487623714348199
0.19708330024787551
0.03865585444878794
0.013928558194963928
-0.10437088370712802
0.07680205148079383
0.016818020337761905
0.06413934201564
-0.10030289098237596
0.08553736406468715
-0.02183198096215095
-0.13761045356897483
0.28130350749806365
-0.019323363978516084
0.1136429292659165
-0.10443032155377147
0.11957893333546837
0.051323412933896084
0.10675935995098086
-0.25592208884312473
0.047637823223559486
0.010109985490312057
0.07773438642133007
0.08483647912574521
-0.07910073024282219
-0.03448228223113289
-0.00098674796365128
0.021507402247521956
-0.12125923696243505
-0.029218616919325487
0.009357836680372086
0.00838284353306809
-0.08999030736971948
-0.012031160607167635
-0.02092159067474239
-0.028329674397588378
0.1143966305975343
-0.12859990448094438
-2.636779683484747e-16
0.028329674397588156
0.11439663059753438
-0.01203116060716733
0.020921590674742113
-0.00838284353306834
-0.08999030736971929
-0.029218616919325202
-0.009357836680372655
-0.02150740224752179
-0.12125923696243457
-0.034482282231132574
0.0009867479636515158
-0.0848364791257449
-0.07910073024282238
0.010109985490312445
-0.0777343864213304
0.2559220888431255
0.04763782322355986
0.05132341293389697
-0.10675935995098128
0.1044303215537719
0.1195789333354687
-0.019323363978515383
-0.11364292926591546
0.1376104535689754
0.2813035074980642
0.17665520594659354
-0.1106896558298634
0.059753911165841785
-0.007563705113533471
0.10068576444292109
0.0014140050936257906
-0.011076189854256596
-0.1333242132813273
0.16610716612313248
0.0312832662763957
-0.03285235150001675
-0.10355126111904739
0.046392054955851775
0.03602962267376213
0.013402468220477706
0.010161557642188429
-0.11588098607029806
-0.029271414819526234
0.038931559483552265
-0.022333336936357178
0.10407093915798687
-0.017828585268666833
-0.0411955212521868
0.009205359835860627
0.20081461250232913
-0.023535233683506962
0.017280420570391947
0.061473261358947595
-0.027794481054888687
-4.3021142204224816e-16
-0.017280420570392252
0.06147326135894715
0.2008146125023284
0.02353523368350663
0.041195521252186375
0.00920535983585978
0.1040709391579873
0.017828585268666194
-0.03893155948355245
-0.02233333693635664
-0.11588098607029801
0.02927141481952586
-0.013402468220477672
0.010161557642189123
0.04639205495585212
-0.03602962267376221
0.03285235150001756
-0.10355126111904664
0.1661071661231321
-0.031283266276395216
0.011076189854256641
-0.1333242132813276
0.10068576444292103
-0.0014140050936259918
-0.059753911165841195
-0.007563705113533409
0.17665520594659337
0.11068965582986293
0.015333669344942423
-0.14404653441625206
0.042872259318397166
-0.05504995396162772
-0.08972585353635192
0.08019443630145195
-0.0004299155260532872
0.047133819291050566
-0.08219452689536694
-0.08693493376826418
0.0022656775103204047
0.10492561889729295
-0.008148968710770782
-0.10119321053016209
0.008622870740604499
-0.0062069289572917324
0.06236116870137076
-0.07214201963159278
-0.0641519917144881
-0.017510258926584317
0.006124207560039979
0.07917594659888867
-0.024085342517515984
0.015953939819757068
-0.1365745572675954
0.12215214606402093
0.03368669624720781
-0.002600375060172272
0.17608532028312945
0.00473392381784591
0.016575874353393028
2.0469737016526324e-16
-0.17608532028312984
0.0047339238178455145
0.03368669624720699
0.0026003750601727438
0.1365745572675957
0.12215214606402025
-0.024085342517516175
-0.01595393981975672
-0.00612420756003991
0.07917594659888871
-0.06415199171448789
0.01751025892658494
-0.062361168701371664
-0.0721420196315926
0.008622870740604388
0.00620692895729158
0.00814896871077117
-0.10119321053016242
0.0022656775103197385
-0.10492561889729293
0.08219452689536748
-0.08693493376826442
-0.00042991552605375905
-0.047133819291051524
0.08972585353635157
0.08019443630145243
0.04287225931839708
0.05504995396162676
-0.01533366934494279
-0.1440465344162522
0.0104395335621283
-0.12453008751094821
-0.0413403837301482
-0.06167023888382306
0.1304607899463665
0.006323941638712388
-0.04677998687992571
-0.0695341627372199
0.1384905254494292
0.02788213808016779
-0.021753170742158934
-0.08863738481398811
0.07675906058795634
-0.006978383467308696
-0.008780830968270356
-0.01258968433594184
-0.09323752851169843
-0.022843015186518795
0.01045913627431258
0.04012890692569521
0.08256550622659745
-0.048268832938095085
0.010484972366545775
0.025524503323990595
-0.05368512996278102
0.0019790739723376527
-0.042515387311656855
0.03930692566665428
-0.12390622155790598
0.06535527483415571
0.03555453794648965
0.026933883170435685
-0.12154509165265859
-8.049116928532385e-16
-0.03555453794648909
0.02693388317043581
-0.12390622155790584
-0.06535527483415512
0.042515387311656924
0.03930692566665407
-0.0536851299627813
-0.001979073972337056
-0.01048497236654572
0.025524503323990734
0.0825655062265969
0.04826883293809496
-0.010459136274312344
0.040128906925695346
-0.09323752851169775
0.02284301518651813
0.008780830968270086
-0.01258968433594232
0.07675906058795612
0.00697838346730878
0.021753170742159322
-0.08863738481398731
0.13849052544942864
-0.027882138080167682
0.04677998687992614
-0.06953416273721955
0.13046078994636595
-0.006323941638711916
0.041340383730147784
-0.061670238883822934
0.010439533562127902
0.12453008751094838
-0.03947021166253403
-0.19639885214881603
-0.02380184166662376
0.01378555120892927
0.0009864639074936357
-0.14512799923929434
0.0035487887650088243
0.1107818235767373
-0.07214231542187478
-0.1259065019534185
0.031623547318365225
0.14083534555671548
-0.11220083102074677
-0.07957868882605201
0.006327365003422437
0.045648397918221034
0.056518450206830946
-0.0024370899832287796
0.022217646217486682
-0.025554029389854793
-0.08480941129110783
0.14506296044722491
-0.0007873681736419863
-0.01608975858264273
-0.0010010261578248664
0.10873765399891783
0.020951397837349423
0.011732683210536846
0.10061462927919007
0.02252411149425851
0.05986344766826283
0.056615015777522926
-0.0823445594394851
0.028094677685239433
0.15691988718185518
1.3877787807814457e-16
0.0823445594394857
0.028094677685240405
0.059863447668262626
-0.0566150157775227
-0.10061462927919006
0.02252411149425851
0.02095139783734941
-0.011732683210537706
0.0010010261578239157
0.10873765399891797
-0.0007873681736419794
0.016089758582643568
0.08480941129110803
0.14506296044722516
0.022217646217486314
0.02555402938985407
-0.05651845020683073
-0.0024370899832282245
0.006327365003422375
-0.04564839791822051
0.11220083102074659
-0.0795786888260514
0.03162354731836542
-0.14083534555671495
0.07214231542187509
-0.12590650195341874
0.0035487887650084635
-0.11078182357673741
-0.0009864639074935733
-0.14512799923929381
-0.02380184166662358
-0.013785551208928881
0.039470211662534505
-0.19639885214881633
-0.019473330195018096
0.18661799880545912
-0.09618696836240329
-0.01682846107865503
0.0036319558566287047
-0.03080696144569553
-0.014776499474574767
-0.07116540869839175
0.08268352660829614
0.049956827984063826
-0.004216143190826971
-0.14311559172884844
0.057671074494631755
-0.011421893311249792
-0.004822884132583562
-0.052384340651198735
-0.054903876589505934
0.01545143696463161
-0.011693232420131934
0.012746339062484756
-0.028478968599028542
-0.02036069262227999
-0.01889906981157026
-0.024276611484033563
-0.02022914680671331
0.013852379829069408
-0.026765526236866607
0.03055158751970559
-0.015011628237340272
0.026120738247053243
0.04174034603732865
-0.009428531799993384
-0.09362959691426775
-0.05765728505746215
0.07097737149635462
-0.14410712517115712
0.22791027298333422
4.163336342344337e-17
-0.07097737149635458
-0.1441071251711573
-0.09362959691426787
0.057657285057461725
-0.04174034603732908
-0.009428531799993603
-0.015011628237340632
-0.02612073824705359
0.02676552623686678
0.03055158751970566
-0.020229146806713394
-0.013852379829069589
0.018899069811570454
-0.024276611484033844
-0.02847896859902882
0.02036069262227977
0.011693232420132076
0.012746339062484765
-0.05490387658950591
-0.015451436964632026
0.004822884132583735
-0.05238434065119831
0.05767107449463218
0.011421893311249653
0.004216143190826645
-0.1431155917288484
0.08268352660829653
-0.0499568279840637
0.01477649947457467
-0.0711654086983918
0.003631955856628649
0.030806961445695225
0.0961869683624033
-0.01682846107865444
-0.019473330195018068
-0.1866179988054582
