60.516275335761485
-1.460506707235628e-16
1.1914586642870173
-5.6595392257332175
-3.795462334063995
-4.2555263649570156e-15
-1.1914586642870324
-5.659539225733218
5.126365937220807
0.08339385728250298
-0.36499510941233715
0.19330809185844697
2.543689782831568
2.839498736325381e-15
0.3649951094123376
0.19330809185844286
5.126365937220817
-0.08339385728250451
0.20162686634265042
0.039667423038714365
-0.2068476751026262
-0.36856078871298287
-0.07011776644168488
0.35796157608481455
-1.406414979024328
7.403971454637387e-16
0.0701177664416891
0.3579615760848147
-0.20684767510262336
0.3685607887129878
-0.2016268663426315
0.03966742303871439
-1.6558559571606297
-0.3104964100754555
0.35870926576233564
0.02121028946870314
0.5977798127566938
0.2809565037679788
0.04251123498348003
0.4128008270922969
-4.2686504586692875
-4.779217867245208e-15
-0.042511234983481166
0.41280082709229593
0.5977798127566925
-0.2809565037679803
-0.35870926576233964
0.021210289468703694
-1.655855957160622
0.3104964100754537
-0.011336523845793797
1.3727852766110984
0.4136779143588485
0.32955824630420005
-0.1471672201057746
0.5441581486998339
-0.515116246957258
-0.013555381959319077
-0.3993502747724868
1.1321877104067877
0.8771274965368978
6.039559434326796e-16
0.399350274772499
1.1321877104067892
-0.5151162469572573
0.013555381959315195
0.14716722010577618
0.5441581486998339
0.41367791435884665
-0.32955824630419983
0.011336523845787427
1.372785276611095
-0.8559010175385049
0.108391585605676
-0.09162111041758164
0.27157610030502344
-0.7853443866833407
-0.27687664498740805
0.0018408995000931683
-0.08253290523668642
-0.6349165716688656
-0.08669246478378564
0.17541303082418785
-0.2120915284956307
-0.32438433551871015
1.5265566588595902e-16
-0.1754130308241877
-0.2120915284956304
-0.6349165716688645
0.0866924647837849
-0.0018408995000937511
-0.08253290523668644
-0.785344386683343
0.2768766449874064
0.09162111041758209
0.2715761003050227
-0.8559010175385021
-0.10839158560567724
-0.10201967434025108
0.8299992465469137
-0.22506821384427914
0.11854097722173804
0.1686129936514631
0.2427135604710995
0.21044711720288126
0.062143053455734835
-0.06317424819380549
0.4354253564493342
0.06506615081937274
0.1058371304714408
0.21989993387464038
0.18048622162200845
0.42469784021289936
2.7755575615628914e-16
-0.21989993387464166
0.18048622162200662
0.06506615081937336
-0.10583713047144043
0.0631742481938046
0.43542535644933555
0.2104471172028819
-0.062143053455735314
-0.16861299365146423
0.24271356047109838
-0.22506821384427794
-0.11854097722173831
0.10201967434025008
0.8299992465469161
-0.094241421163626
0.3851052759516402
-0.20250697098392023
-0.19667112557129696
-0.2142860296357278
-0.07720778167087555
-0.033005365418200316
-0.07913306281727243
0.13398198093551927
0.07839823689879816
-0.07983238988951005
-0.18718995912367192
-0.44046997067899474
-0.04744281551363967
-0.06050147381312913
-0.3629081237658797
0.8699840783299053
3.0531133177191805e-16
0.06050147381312791
-0.3629081237658795
-0.44046997067899496
0.04744281551363856
0.07983238988950936
-0.18718995912367126
0.13398198093551883
-0.07839823689879723
0.03300536541819998
-0.07913306281727253
-0.21428602963572707
0.07720778167087416
0.2025069709839203
-0.19667112557129635
-0.09424142116362433
-0.38510527595163846
-0.18164244436753532
-0.3024185817936716
0.021012188240969037
-0.20399038175471595
0.161068684228559
0.39707518493919874
-0.048401177688850286
0.0015441294897591135
0.00015083461364866213
-0.10609685512038924
-0.0013562163671502793
-0.037804677916038754
0.04275075085890108
-0.10840560252070212
0.2545307849364761
-0.019403715619141254
0.026633622113594102
-0.444694136930717
-0.30839739986963216
-7.042977312465837e-16
-0.026633622113593297
-0.444694136930717
0.2545307849364751
0.019403715619140553
-0.0427507508589009
-0.10840560252070283
-0.0013562163671501648
0.037804677916038656
-0.0001508346136471217
-0.10609685512038959
-0.04840117768885046
-0.0015441294897594326
-0.16106868422856063
0.3970751849391988
0.021012188240968246
0.20399038175471573
0.1816424443675362
-0.30241858179366954
-0.009135017429024977
0.012175727235062925
0.16576536818175933
-0.02069146428206875
-0.11316527557595715
0.32144196833330935
-0.09299858839186645
-0.26591937895996787
0.008426491167054573
-0.05045499637242809
-0.005333132902436588
-0.08019727465243062
0.06424294996778518
0.050865337053125195
0.0022002150522546157
-0.13403677149264734
0.19473206771271798
-0.04809675382259128
-0.051907576758644436
0.13256535246867018
-0.06686587621412252
-4.440892098500626e-16
0.051907576758643936
0.1325653524686694
0.19473206771271767
0.04809675382259279
-0.0022002150522546574
-0.13403677149264898
0.0642429499677854
-0.050865337053124654
0.005333132902437157
-0.08019727465243146
0.008426491167055211
0.05045499637242956
0.09299858839186584
-0.26591937895996787
-0.11316527557595707
-0.3214419683333103
-0.1657653681817603
-0.020691464282068757
-0.009135017429026393
-0.012175727235062439
0.03937295835073358
-0.5766069434589118
0.07534288383486817
0.13967449865025056
-0.2528326612631201
-0.16373562292713206
0.05051064376411479
-0.22502127914069117
0.07421699820066391
-0.09279503860144005
0.08148831511049118
0.052664989076110724
-0.015394593170442228
-0.23400660609039262
-0.09922979740204765
-0.0728364254495079
0.10173514885511395
-0.3156476436075617
0.05440716686340643
0.05172087453893149
-0.055576495210995135
-0.09360516011534509
-0.20336454613462857
8.326672684688674e-17
0.055576495210994614
-0.09360516011534428
0.05440716686340602
-0.05172087453893073
-0.10173514885511362
-0.31564764360756226
-0.09922979740204776
0.07283642544950833
0.015394593170442568
-0.23400660609039248
0.08148831511049154
-0.05266498907611093
-0.0742169982006644
-0.0927950386014405
0.05051064376411321
0.22502127914069114
0.2528326612631209
-0.16373562292713148
0.07534288383486823
-0.13967449865025033
-0.0393729583507332
-0.5766069434589122
-0.016402063347987328
-0.1462466717696394
-0.07412450391505147
0.17719829957948635
-0.0512381734135762
-0.10270286804366417
0.1705638130807577
-0.03586270413494411
-0.06976269947036234
0.04573257752149805
-0.03451420155451698
-0.010482355099954294
0.13346315352934618
0.003360918355092113
-0.001996105807888851
0.068117550534187
-0.03614319380077277
0.020801235106036545
-0.053177662487223915
0.21290552254181128
0.1545842870313962
0.07577273380212524
-0.005058923377653901
0.15310725502991007
-0.30478884762483505
-2.220446049250313e-16
0.005058923377653929
0.15310725502991074
0.15458428703139668
-0.07577273380212367
0.053177662487223276
0.2129055225418114
-0.03614319380077258
-0.020801235106037125
0.0019961058078878935
0.06811755053418767
0.133463153529346
-0.0033609183550920574
0.03451420155451623
-0.010482355099954203
-0.06976269947036218
-0.045732577521498535
-0.17056381308075658
-0.0358627041349444
-0.05123817341357667
0.10270286804366434
0.07412450391505208
0.1771982995794863
-0.016402063347987772
0.1462466717696383
0.031197141816587115
-0.041038134259433645
-0.1742610477618918
0.03999575981086263
0.03644878532996626
-0.44640398873889425
0.10823602447013767
0.06675465393667143
-0.06740963583040843
-0.11219582874978447
0.02183255615460039
-0.026679313607722466
0.06486359453878496
-0.11495110347423733
-0.034953659892214856
-0.005870000663294531
-0.052582225428759996
-0.016172379821833074
0.010748204899865554
-0.03405554568953725
0.007631098171895667
0.00864021852541183
-0.10363880131306652
-0.09064731470653065
-0.051767440617019614
0.08750887639854132
0.35239069367183007
7.494005416219807e-16
0.05176744061702014
0.08750887639854144
-0.1036388013130666
0.09064731470653048
-0.007631098171895834
0.008640218525410831
0.010748204899865763
0.03405554568953646
0.05258222542876023
-0.016172379821832783
-0.03495365989221461
0.005870000663294156
-0.064863594538785
-0.11495110347423725
0.021832556154600558
0.02667931360772277
0.0674096358304094
-0.11219582874978515
0.10823602447013649
-0.06675465393667157
-0.03644878532996579
-0.4464039887388951
-0.17426104776189263
-0.03999575981086309
-0.031197141816587087
-0.04103813425943342
-0.0464898287617459
-0.08183479903066082
-0.1099927164232719
-0.08480141802966669
0.16919227168409354
-0.08855505607697135
-0.021921475280227226
0.15022048347642797
-0.001932608948354217
-0.050674096523736195
0.03427223658041527
0.0633241707064399
-0.015027643820832964
0.0615730661300356
-0.05354482601422754
0.07556409327702329
-0.012573894799039032
-0.01562480518225906
0.06653392516227082
0.04633971928158892
0.07568261365509957
0.03646585418170021
0.0235443686654096
0.13962634244005914
-0.11187062554584964
0.00877487083485401
0.13063133085771383
0.05282113880580672
0.16784125449938853
1.1102230246251565e-16
-0.13063133085771383
0.052821138805806744
-0.11187062554584998
-0.008774870834854231
-0.023544368665409418
0.139626342440059
0.0756826136551001
-0.03646585418169973
-0.066533925162271
0.04633971928158828
-0.012573894799038643
0.015624805182258589
0.05354482601422772
0.07556409327702289
-0.015027643820833603
-0.06157306613003581
-0.03427223658041484
0.06332417070643889
-0.0019326089483543696
0.050674096523735945
0.021921475280226477
0.15022048347642822
0.1691922716840938
0.08855505607697098
0.10999271642327177
-0.08480141802966618
-0.046489828761746455
0.08183479903066065
-0.08537430677581981
0.21109084859848556
-0.0045900911245734255
-0.08796574761237387
0.026683873523353704
0.040704084832007534
-0.036618182019973106
-0.012835820991597705
0.04342242179091513
-0.16955790602618157
0.0015875355161952369
0.034565042530460666
-0.0799758041903677
0.03057186428036987
0.08448280587365253
-0.04789119292660038
-0.024202663787130096
-0.06140933619810843
0.0483215805154133
-0.008329342368456425
0.016126201635511372
0.16925183182694997
0.10037448782085828
0.06060122148426339
-0.12200154686700122
0.11289513446327216
-0.0226832814742068
0.030238060566029235
0.04808882604719779
0.01630621404676591
-0.03927753594392591
1.8041124150158794e-16
-0.048088826047197275
0.016306214046765688
-0.02268328147420719
-0.030238060566029665
0.12200154686700095
0.11289513446327229
0.1003744878208587
-0.060601221484263446
-0.01612620163551154
0.1692518318269493
0.0483215805154133
0.008329342368456297
0.024202663787130235
-0.0614093361981089
0.08448280587365216
0.047891192926600476
0.07997580419036693
0.030571864280370523
0.0015875355161958649
-0.034565042530461276
-0.04342242179091485
-0.1695579060261816
-0.03661818201997341
0.012835820991597857
-0.026683873523353815
0.04070408483200691
-0.004590091124573828
0.08796574761237487
0.08537430677581903
0.21109084859848537
0.05911153052772272
-0.042146456895938496
0.040906646737728314
-0.013047035690451264
-0.027552406627495384
-0.013767058003645478
0.03856066270450087
-0.06953374203302065
0.10717429939682581
0.0031667565417941856
-0.041013287328613784
0.13076836207056403
-0.060879447121779395
-0.03288832307914352
0.08031767862062883
0.03437306524589406
0.09486102637449467
-0.04884809443177818
0.04322394464963397
0.18398638425737013
-0.04577630069290664
0.04666092971284526
-0.0414236898126263
0.0017542834741147706
0.027446350457128038
-0.08450838027821812
0.053572283328832036
-0.10394763816693312
0.04821296092832139
-0.0505749548378413
-0.09083375719634369
-0.0882015133041144
0.11478549166621402
3.3306690738754696e-16
0.09083375719634396
-0.08820151330411383
0.04821296092832178
0.05057495483784141
-0.053572283328831564
-0.10394763816693357
0.027446350457127705
0.0845083802782184
0.04142368981262616
0.001754283474114715
-0.04577630069290639
-0.04666092971284461
-0.04322394464963431
0.18398638425736963
0.09486102637449384
0.04884809443177869
-0.08031767862062904
0.03437306524589351
-0.06087944712177931
0.03288832307914291
0.04101328732861373
0.1307683620705645
0.1071742993968261
-0.003166756541793894
-0.03856066270450004
-0.0695337420330208
-0.02755240662749551
0.013767058003646526
-0.04090664673772815
-0.013047035690451443
0.05911153052772378
0.042146456895938565
0.04870301097951939
0.08943525870932262
-0.037978002071130695
0.02274092605681821
-0.08415739193248323
0.13506795793251358
0.11703381210590681
0.019341874999678738
-0.00015745116554025107
0.06022751696880507
-0.05655545284809049
0.01397151204349617
-0.013959709993045077
0.028437281393817793
0.041283019056197745
0.04415329441595922
0.044325831099250645
0.03717724115904025
-0.09421670540790149
0.07914048970789259
-0.04866158192211688
0.09516158531446128
-0.03013115601881755
-0.0189352856987354
0.06019735939669546
-0.01732023325922208
-0.14765210601196382
0.0033397645656033925
0.026489679854729456
0.04497809016305965
0.07350338332303336
0.042382546275856164
0.017201827856514584
0.019979098664218632
-0.3305856508695468
-9.71445146547012e-16
-0.017201827856515126
0.019979098664217848
0.07350338332303369
-0.042382546275855804
-0.026489679854730275
0.044978090163059786
-0.14765210601196405
-0.00333976456560333
-0.060197359396695946
-0.017320233259221773
-0.030131156018817176
0.018935285698734983
0.048661581922116254
0.09516158531446209
-0.09421670540790147
-0.07914048970789299
-0.04432583109925073
0.03717724115904024
0.0412830190561983
-0.04415329441595923
0.013959709993044384
0.02843728139381807
-0.056555452848090756
-0.01397151204349635
0.00015745116554019556
0.06022751696880502
0.11703381210590616
-0.019341874999678516
0.08415739193248212
0.13506795793251353
-0.03797800207113099
-0.02274092605681801
-0.04870301097952007
0.08943525870932295
0.07228453817860045
0.07541417267065657
-0.06085706605338331
-0.03445514185157311
0.07742908977409274
-0.039361988552062896
0.05251683518803747
0.05832172128799293
0.01212975546609682
-0.0457431305061637
-0.009207695357997675
-0.02308018157829135
0.06021743383072767
0.02872595385512325
-0.01040316873536722
0.044311356118076684
0.04324893901974418
-0.02931375150392069
-0.07625216698005675
-0.05672706960760268
0.06368984423379032
0.007791664009666091
0.026300993325678063
-0.10585778258370554
0.029161173029082096
-0.013941386673695658
-0.0641323648478204
-0.12415301348746177
0.018036303753797986
0.021047958983014384
0.037555666804307136
-0.12088022862045421
-0.010847993029785064
-0.0013943314326972378
-0.0839795844827739
-0.04342788695550334
-0.042111956666076124
-3.3306690738754696e-16
0.08397958448277344
-0.043427886955502926
-0.01084799302978523
0.0013943314326972656
-0.03755566680430711
-0.12088022862045436
0.018036303753797542
-0.02104795898301403
0.06413236484782121
-0.1241530134874611
0.029161173029082055
0.013941386673696179
-0.02630099332567795
-0.10585778258370485
0.06368984423379048
-0.007791664009666105
0.0762521669800572
-0.05672706960760261
0.043248939019744435
0.029313751503920724
0.010403168735367035
0.04431135611807702
0.06021743383072789
-0.028725953855122555
0.00920769535799823
-0.023080181578290865
0.012129755466097472
0.045743130506164076
-0.052516835188038374
0.058321721287992435
0.07742908977409273
0.03936198855206284
0.06085706605338348
-0.034455141851572876
0.07228453817860028
-0.07541417267065706
