32.67429310091254
3.992649512130857e-15
-3.5567610004084713
-2.960683217336306
-8.388092550566547
-4.094759956169827e-15
3.5567610004084687
-2.9606832173363116
1.660898640526391
0.2308088548184362
1.0029246244169923
0.2076404563742399
3.7588287173220087
-3.4942454069588276e-15
-1.002924624417002
0.20764045637424325
1.6608986405264008
-0.23080885481844024
-0.18326341117885694
-0.42887345030378815
-0.7274948876431411
0.8784323304693781
-0.659811393077187
0.8846775789632306
-2.536330874359961
-1.422035250689777e-15
0.6598113930771934
0.8846775789632346
-0.7274948876431531
-0.8784323304693781
0.1832634111788506
-0.4288734503037858
0.023667264091173812
-0.1526301404212575
-1.1506444205869546
0.9589551335058809
-0.5766893783322233
-0.9155759149788952
1.921708729475192
-0.019834345857645777
-0.5475163416279354
-6.404867094126281e-16
-1.9217087294751871
-0.01983434585764424
-0.5766893783322334
0.9155759149788925
1.1506444205869562
0.958955133505881
0.023667264091179446
0.1526301404212492
0.8746912420422894
-0.3780419090534246
-0.3965719680545107
0.3140506728781574
0.4599520907745081
-0.12010202917145778
0.8161666610226124
0.08642296079706822
-0.4356541386659921
0.27162637104291343
-0.004870155728922354
-5.325418827724914e-16
0.43565413866599234
0.271626371042916
0.8161666610226075
-0.0864229607970674
-0.45995209077450694
-0.12010202917145812
-0.3965719680545046
-0.31405067287815824
-0.8746912420422847
-0.37804190905343005
0.08143579157550718
-1.066478257775995
-0.37284777315655393
0.7783077462254724
-0.30583018575188825
0.06149860585154482
0.16235204378417759
-0.14623794929375278
-0.3503747086421386
0.09656638198391165
-0.6029257905181411
0.010931598879190957
0.06729324616542451
-6.106226635438361e-16
0.6029257905181415
0.010931598879190818
-0.3503747086421362
-0.09656638198391004
-0.16235204378417595
-0.14623794929375272
-0.3058301857518877
-0.061498605851544985
0.37284777315655193
0.7783077462254747
0.0814357915755094
1.0664782577759984
0.46485484482332906
-0.45011003940117217
-0.20477108562227195
0.6883715607140216
-0.11355898623605158
-0.20879706160296116
0.5081151725262414
-0.5725016138753346
0.04600302817338427
0.08338440625901869
-0.24195484765769218
0.010839322033802334
0.1757521340386954
-0.2623386331743
0.6582830214804596
-1.1657341758564144e-15
-0.17575213403869636
-0.26233863317430045
-0.24195484765769099
-0.010839322033800947
-0.046003028173384156
0.0833844062590198
0.5081151725262388
0.572501613875333
0.11355898623604987
-0.20879706160295902
-0.2047710856222701
-0.6883715607140207
-0.4648548448233305
-0.45011003940116945
-0.12526648409325547
-0.5802188644250238
-0.12097621483881431
0.45429755511654535
0.023789859814255965
-0.5294709210606967
0.3278858093386674
-0.2329108503886522
-0.28521239754046546
0.5397974199334791
-0.21181117279308828
-0.18096917022231793
0.30514823715745465
0.04175162917766018
0.02148673123838052
-0.24423074354384733
-0.4479190737884504
4.718447854656915e-16
-0.021486731238380075
-0.24423074354384594
0.3051482371574553
-0.04175162917765986
0.21181117279308737
-0.18096917022231876
-0.28521239754046696
-0.5397974199334798
-0.3278858093386674
-0.23291085038865256
0.02378985981425563
0.5294709210606965
0.12097621483881177
0.4542975551165458
-0.1252664840932543
0.5802188644250221
0.1764153943924938
-0.09210513973771364
-0.11819689852998468
0.4467684632825347
-0.08266763182226573
-0.1817484388501963
0.2808902766585718
0.15128324198490883
-0.26527132223752165
0.05384780272694524
-0.09944385933872557
-0.16485873217251779
0.29765086172976785
0.05373395172001391
0.20994045293319621
-0.01758049901823866
-0.22307767525113303
0.09558865629784312
-0.004816875205871485
6.38378239159465e-16
0.22307767525113253
0.09558865629784319
0.20994045293319702
0.01758049901823827
-0.29765086172976596
0.053733951720012184
-0.09944385933872607
0.164858732172518
0.2652713222375217
0.053847802726945754
0.280890276658572
-0.15128324198490894
0.08266763182226516
-0.18174843885019595
-0.11819689852998333
-0.4467684632825375
-0.17641539439249393
-0.09210513973771317
-0.14045211981831385
0.01650230433371852
-0.11423471697896596
0.14026031682161866
0.16008404022914594
-0.23503118470404097
0.23085930127553522
-0.12809452960845258
-0.24865341945849237
0.016632371585926703
-0.10015412164188342
0.05269656255594031
0.12374731709042301
0.04350819290331287
-0.06997424801364965
-0.12394808595598976
-0.2886092257476441
0.049228605268376385
0.05162623621920348
0.19888469194032304
-0.07758124113239995
-8.326672684688674e-17
-0.05162623621920287
0.19888469194032324
-0.28860922574764236
-0.049228605268377135
0.06997424801364943
-0.1239480859559893
0.12374731709042316
-0.04350819290331237
0.10015412164188262
0.05269656255594063
-0.24865341945849234
-0.016632371585926377
-0.23085930127553575
-0.1280945296084514
0.16008404022914516
0.2350311847040423
0.11423471697896712
0.14026031682161771
-0.14045211981831357
-0.016502304333717466
0.061357977212622615
-0.14068602556087306
-0.0011361709514680907
0.19668601945045203
-0.018439201208228416
0.12776424838345352
-0.04301913647631711
-0.004337134198442977
-0.04311251108613312
-0.08940500472465815
0.0074891116312843335
0.276803550927712
0.10011913483014555
-0.041943578864226005
0.20683994908338427
-0.23485466411906544
-0.030498812716707124
0.05135540029659419
-0.19507198828598232
-0.10907725155363378
0.2145174767470051
-0.14779343911699178
0.3626075543970855
-4.0245584642661925e-16
-0.21451747674700453
-0.14779343911699117
-0.19507198828598304
0.10907725155363357
0.03049881271670657
0.05135540029659408
0.2068399490833836
0.23485466411906533
-0.10011913483014571
-0.04194357886422617
0.007489111631283414
-0.27680355092771214
0.04311251108613176
-0.08940500472465826
-0.04301913647631736
0.0043371341984426715
0.01843920120822725
0.1277642483834538
-0.0011361709514683405
-0.196686019450452
-0.061357977212623246
-0.14068602556087278
-0.04071796176739756
-0.09919420871146245
-0.15833837268991396
0.0891304260203799
0.016797026747427266
0.09118730601464382
0.0855263467713892
-0.30583220042283565
0.02395118631349924
0.0353679253462401
-0.12610167015586154
0.2852604319336172
0.04426983269327697
-0.23131324418947613
0.17944830582931454
-0.0771191493700582
-0.052786869492628966
0.27413430779989456
-0.20261556219291377
0.2900269204009341
0.22070807869488443
0.08370231678214894
0.17453441402741107
0.12823647970229515
0.036321882943629646
-4.3021142204224816e-16
-0.17453441402741054
0.1282364797022958
0.22070807869488415
-0.08370231678214768
0.2026155621929135
0.290026920400933
-0.052786869492628494
-0.27413430779989406
-0.17944830582931398
-0.07711914937005909
0.04426983269327747
0.23131324418947685
0.1261016701558619
0.28526043193361716
0.02395118631349974
-0.03536792534624075
-0.08552634677139162
-0.30583220042283554
0.016797026747428584
-0.09118730601464456
0.15833837268991274
0.08913042602038107
-0.04071796176739863
0.09919420871146167
0.053521049487852475
-0.04211769892960257
-0.055046356831704085
-0.044237719812010495
0.15212156895231727
-0.15111546434501946
0.08315823205418418
-0.11778769352056162
-0.06432798283004393
0.1846263933371904
-0.022319297028895485
0.12357350058010506
0.05320183579376117
-0.1262091062265987
0.022437100181785796
-0.07182136146694112
-0.1437246586939827
0.08446151349799114
-0.1786856588961733
-0.0020320864329235466
0.034097049925808406
-0.15956168988626418
0.08695846506265552
-0.14368555832028457
-0.303251472535795
0.05604737406643666
-0.3843587048317714
-8.326672684688674e-17
0.3032514725357951
0.056047374066436506
0.08695846506265449
0.1436855583202855
-0.034097049925807615
-0.1595616898862645
-0.17868565889617247
0.0020320864329231303
0.14372465869398193
0.08446151349799141
0.022437100181786157
0.07182136146694185
-0.05320183579375948
-0.12620910622659823
-0.022319297028895735
-0.12357350058010627
0.06432798283004348
0.18462639333719083
0.08315823205418515
0.1177876935205611
-0.15212156895231754
-0.15111546434502027
-0.05504635683170234
0.04423771981200998
-0.05352104948785307
-0.04211769892960307
-0.0003522631081625399
0.10094535666954751
-0.02984500734066474
-0.06789280512359044
0.13918491764965185
0.14103262213790063
-0.07647503104280426
0.13576821646865195
-0.1670893438566044
-0.022335704253365854
0.05697521202507755
-0.022458177833186058
0.09901821305282343
-0.029752748547344013
-0.004059225188942167
-0.005277380568244741
0.02240782298982004
-0.05412149622400492
0.023238432889263222
0.10431705054674548
0.07014205974438585
-0.1159943459804598
0.2507531451241403
-0.1061342449073186
-0.03715002246937121
0.05626866842110284
-0.026734165014418772
-0.19194151214075844
0.06616960165827168
-4.996003610813204e-16
0.026734165014419123
-0.19194151214075808
-0.03715002246937111
-0.05626866842110311
-0.2507531451241397
-0.10613424490731817
0.07014205974438571
0.11599434598046031
-0.0232384328892635
0.10431705054674555
0.022407822989820143
0.05412149622400497
0.0040592251889425834
-0.005277380568243728
0.09901821305282332
0.029752748547343888
-0.0569752120250767
-0.022458177833184725
-0.1670893438566047
0.02233570425336659
0.0764750310428041
0.13576821646865192
0.13918491764965277
-0.1410326221378997
0.02984500734066345
-0.06789280512359068
-0.00035226310816108275
-0.10094535666954768
-0.16995492351860775
0.14850890813536113
-0.10786173522204487
-0.05561770855736997
0.05974633624797813
-0.13062168146586994
-0.05558639477574778
-0.08827582426809848
0.0010724888302441477
-0.07499062355199138
0.07582890636703164
0.04879911868216062
-0.0503894293147103
0.07901437656637654
-0.07582674891867991
-0.0845628494770139
0.023091141138582766
-0.06709067600417415
-0.026351792797213343
0.21864942753299887
-0.10066114095857862
0.04179908301822334
0.03399648679781481
0.08164476490717813
-0.012323466252414123
0.04639550313216216
-0.004199813563463467
0.1389204091282153
-0.0005056910441263163
0.09955875294552469
0.12816094185938387
9.71445146547012e-17
0.0005056910441270379
0.09955875294552397
-0.004199813563463356
-0.13892040912821452
0.012323466252414109
0.046395503132162355
0.03399648679781386
-0.08164476490717842
0.10066114095857912
0.04179908301822212
-0.026351792797214085
-0.2186494275329986
-0.023091141138582124
-0.06709067600417452
-0.07582674891868024
0.08456284947701412
0.05038942931470952
0.07901437656637697
0.07582890636703121
-0.048799118682160324
-0.0010724888302440228
-0.07499062355199093
-0.05558639477574712
0.08827582426809888
-0.059746336247979315
-0.1306216814658704
-0.10786173522204426
0.05561770855737018
0.16995492351860672
0.14850890813536155
0.19306298489230106
-0.04104039776611587
-0.0979182152386541
-0.18415505550671024
0.03909754199536236
0.06090180775536566
-0.05193870426924797
0.07146706087977117
-0.006823348861048774
-0.059430727804337474
-0.023342657859582866
0.11872926532299748
-0.002949318494990638
0.010668688326578185
0.061197181176850524
-0.17322908646319246
0.045888840241784024
-0.0367019115556321
-0.12843775122390597
0.17585136103404658
-0.11323044950235774
-0.11444643554985595
0.16886637773603447
-0.22622373900281809
-0.018518239213668575
-0.1130135649953235
-0.2910256961277845
0.0016480901443465257
-0.23925063817927736
-0.13667370943395282
0.2146612774769553
-0.01758792877116011
0.01117577760155664
2.2898349882893854e-16
-0.21466127747695463
-0.017587928771159972
-0.23925063817927764
0.1366737094339529
0.2910256961277853
0.001648090144345249
-0.018518239213668464
0.11301356499532383
-0.16886637773603422
-0.22622373900281872
-0.11323044950235792
0.11444643554985627
0.12843775122390627
0.17585136103404655
0.04588884024178419
0.036701911555632405
-0.06119718117685115
-0.1732290864631924
-0.002949318494990749
-0.010668688326579433
0.023342657859582394
0.11872926532299787
-0.006823348861048996
0.059430727804337974
0.05193870426924649
0.07146706087977185
0.039097541995362584
-0.06090180775536558
0.0979182152386526
-0.18415505550671113
0.19306298489230223
0.04104039776611562
0.1370746167088061
0.13099445899184403
-0.12595903430182248
-0.21685889755611348
0.02712312758580874
0.06816968627222875
0.05314357403283948
-0.0839772586966556
-0.013994591275403936
-0.06795756064366795
-0.019617516320138487
0.0824402772100565
0.04742868836468045
-0.031117241284498387
0.04820918142370931
-0.0702994518786123
-0.0279734396328003
0.07738907692810501
-0.12176025330127647
0.18207927357065506
0.09479234256195682
-0.09947017968604302
0.2285614523506785
-0.07793776155578577
0.019392327008022098
0.01829698872741046
-0.12900439214039527
0.22527148625737425
0.08449254438608134
0.08301163542336212
0.26449739798040306
-0.09640057362695753
0.053543353128132465
-0.04204052344465532
-0.19918081744573943
1.5265566588595902e-16
-0.0535433531281318
-0.04204052344465618
0.2644973979804034
0.09640057362695922
-0.08449254438608134
0.08301163542336223
-0.12900439214039533
-0.22527148625737334
-0.019392327008021737
0.018296988727410576
0.22856145235067876
0.07793776155578652
-0.09479234256195611
-0.0994701796860422
-0.12176025330127663
-0.182079273570655
0.02797343963280091
0.07738907692810507
0.048209181423709224
0.07029945187861289
-0.04742868836468006
-0.031117241284497832
-0.019617516320138653
-0.08244027721005724
0.013994591275403312
-0.06795756064366798
0.05314357403283866
0.08397725869665504
-0.027123127585808746
0.06816968627222844
-0.12595903430182082
0.21685889755611415
-0.13707461670880638
0.13099445899184445
0.25565177910304676
0.14703918652829884
-0.011583365204010265
-0.18686636398320663
0.03536058602157077
0.025121361800250402
0.05865254722278881
-0.0144781264142049
-0.033628603126138135
-0.018593114112380807
-0.07321420303897497
0.07275197947199738
0.06494899136997172
0.017184687908185045
-0.06147987994815016
0.05960419551502562
-0.17085171531148274
-0.068647523968546
0.08893070257201838
-0.051470507844832064
0.06714772738491294
0.1259906226586027
-0.12043960295871955
-0.07080994426053207
-0.056491969901072456
-0.12756557709065539
-0.07087763327493711
0.14533279630585896
0.031337967483299825
0.034838033493688275
0.07842016394446699
-0.06153862348398087
0.012675580272517598
-0.08790036267175023
-0.11284273334127054
0.026157840635450347
0.1191722223088178
-1.249000902703301e-16
0.1128427333412707
0.02615784063545104
0.012675580272517854
0.087900362671751
-0.07842016394446727
-0.0615386234839808
0.03133796748329985
-0.034838033493688664
0.07087763327493687
0.14533279630585821
-0.0564919699010725
0.12756557709065575
0.12043960295871971
-0.07080994426053117
0.06714772738491273
-0.12599062265860222
-0.08893070257201763
-0.05147050784483191
-0.17085171531148263
0.06864752396854595
0.06147987994815038
0.05960419551502535
0.06494899136997222
-0.017184687908184976
0.07321420303897479
0.0727519794719971
-0.0336286031261378
0.01859311411238071
-0.05865254722278865
-0.014478126414204887
0.035360586021570384
-0.025121361800250624
0.011583365204009155
-0.18686636398320708
0.2556517791030482
-0.14703918652829912
