66.71219996144376
1.1210400048090919e-15
-4.163290596624353
5.314900755739086
-0.19336657935403778
-6.818706346803465e-17
4.163290596624325
5.314900755739078
3.155424133972356
-0.5659480127503848
0.200488541877076
0.2053611182714
4.203621509974281
-8.99387789514434e-16
-0.20048854187708431
0.20536111827139797
3.155424133972333
0.5659480127503793
-1.566121485414278
-0.7640371422468801
-0.05831526783703045
-0.32911543170946733
0.48080522959519617
-0.31279139791371835
0.2419782801390876
-3.2483231306281693e-16
-0.4808052295952044
-0.31279139791372057
-0.05831526783703106
0.3291154317094682
1.566121485414283
-0.7640371422468789
-2.552525524028495
-0.251126514073744
-0.11585367914115016
0.27925685021907454
0.6036444828136833
0.22451078564708188
-0.12598815797801055
-0.0715671915075085
-5.060269599241423
2.2782346495138486e-16
0.12598815797799506
-0.07156719150750761
0.6036444828136875
-0.22451078564708085
0.11585367914114963
0.27925685021907354
-2.5525255240285034
0.2511265140737439
0.5424112699240016
-1.3251191823072344
0.20006030932706895
-0.10454458265460141
-0.38669617830781366
-0.7443447594771785
0.010868954215985716
-0.016009018499703733
1.1888985227086737
-1.1727049940613579
0.006692325631486751
-2.0750626178993957e-16
-1.1888985227086808
-1.1727049940613563
0.010868954215985771
0.016009018499702633
0.3866961783078102
-0.7443447594771804
0.20006030932706587
0.10454458265460072
-0.5424112699240071
-1.3251191823072315
-0.7628322790105575
0.4728993445581425
-0.15339801905966952
-0.07337145423230972
-1.104306353401355
-0.0007628191144483931
0.0009821762604391715
0.11802810447973125
-0.545274819123934
-0.0570056330421149
-0.11917581969779795
-0.1178517187808233
-0.8683812252463452
-1.1796119636642288e-16
0.11917581969779868
-0.11785171878082322
-0.5452748191239333
0.057005633042113674
-0.0009821762604389217
0.11802810447973196
-1.1043063534013555
0.0007628191144494756
0.15339801905966916
-0.07337145423231083
-0.7628322790105546
-0.47289934455814203
0.5829766589571276
-0.03273824411269077
0.026649790907346455
0.15668677123187458
0.2429246310126535
-0.3912650548358451
0.050875060152824364
-0.10726661052969483
0.13679100857584348
-0.0956270282484537
0.06014076129657683
0.22084567363501584
-0.29339092875589645
-0.20176411368806718
-0.2627899838333942
-7.892991815694472e-17
0.29339092875589795
-0.20176411368806707
0.06014076129657511
-0.22084567363501637
-0.1367910085758442
-0.09562702824845432
0.05087506015282406
0.10726661052969426
-0.24292463101265538
-0.3912650548358455
0.026649790907346108
-0.15668677123187374
-0.5829766589571275
-0.03273824411269094
0.2875363887386202
0.40912831509316394
0.09023821759973841
-0.12577452384122345
-0.40371794916901527
0.0023111084663948595
-0.06279472509248914
-0.009349889760517288
0.12681834967709563
0.008166313278791526
0.09849275369283747
-0.17130161098006635
-0.35421445412376606
-0.07913903130709356
0.2072615668007615
0.12477330814350865
1.1562473700756952
4.649058915617843e-16
-0.20726156680076263
0.1247733081435094
-0.3542144541237664
0.07913903130709456
-0.0984927536928379
-0.17130161098006555
0.12681834967709593
-0.008166313278791304
0.06279472509248983
-0.009349889760517455
-0.4037179491690147
-0.0023111084663936035
-0.09023821759973732
-0.1257745238412244
0.28753638873862103
-0.40912831509316316
-0.05216141562325008
0.4521571118383334
-0.13564774659218673
0.030322914209486206
0.20254193392942038
0.19907683122693354
-0.017899309970702437
0.11928127702469135
-0.18502679568749975
0.1325116952603184
-0.1995925586469232
0.011131564890332409
0.254673819340205
0.328220200916965
-0.0335467812221676
-0.11286909618184642
-0.6318613385743993
0.4678857438083666
0.1665280278464333
1.5959455978986625e-16
0.6318613385744009
0.46788574380836606
-0.03354678122216728
0.11286909618184578
-0.2546738193402036
0.32822020091696436
-0.19959255864692443
-0.01113156489033193
0.18502679568750086
0.13251169526031928
-0.0178993099707022
-0.11928127702469112
-0.20254193392942033
0.1990768312269327
-0.1356477465921876
-0.030322914209485748
0.05216141562325011
0.45215711183833257
0.15233218837578166
-0.23274842799092366
0.10099700767502529
0.05795362769223372
0.2999348571457369
0.18558342825088586
0.13467404234708222
-0.12515342588446937
-0.08747489214355075
-0.04932364266933396
0.17466262783221936
0.11849334371756702
0.3670738064314275
-0.04460422234814767
-0.06945659804569801
0.014222553404985239
0.14443525297876847
0.1448994246622846
-0.008375109119557682
-0.006593332465021334
0.06797757689542147
-8.326672684688674e-17
0.00837510911955814
-0.006593332465021237
0.14443525297876908
-0.14489942466228634
0.06945659804569686
0.014222553404985273
0.3670738064314291
0.04460422234814673
-0.17466262783221884
0.11849334371756634
-0.08747489214355034
0.049323642669333784
-0.1346740423470827
-0.12515342588446948
0.2999348571457379
-0.18558342825088775
-0.10099700767502584
0.05795362769223392
0.152332188375782
0.23274842799092282
-0.1555999646944911
0.13250497806205003
-0.027464366227052853
-0.09355150238481291
-0.11682087742733863
0.16896139317626818
-0.19819936927879156
0.023065051862130842
0.030198905061034592
0.15969571283963746
-0.08532847118949372
-0.13822075610970547
-0.16146637498266886
0.2545628107226386
0.04850006801823384
0.03705453965654823
0.03992756124793395
0.09666519160036562
-0.047800982429145794
-0.059675216211693236
0.2689272068141844
0.3250689864457478
0.13500877198021355
-4.926614671774132e-16
-0.26892720681418436
0.3250689864457482
-0.04780098242914538
0.059675216211694034
-0.0399275612479342
0.09666519160036419
0.04850006801823324
-0.03705453965654857
0.16146637498266697
0.2545628107226391
-0.08532847118949362
0.1382207561097061
-0.03019890506103487
0.1596957128396383
-0.19819936927879123
-0.02306505186213062
0.11682087742734018
0.16896139317626807
-0.02746436622705338
0.09355150238481351
0.1555999646944911
0.13250497806205042
-0.007042284825379941
-0.38182448434943955
-0.03631539334421877
0.07214884499317736
0.11757263595014478
0.014964135547105656
0.1492397293285621
0.10668585822047616
0.11409361749989665
0.07551876477324487
0.014673884172208378
0.07694813910941829
0.06083923976133901
0.05601224633918335
0.013719741873977495
-0.001879311342543509
-0.09883343496999716
0.01165434753792581
-0.0429354208225069
0.07433708697699956
0.14436851280696142
-0.050723061733825826
-0.16798475724069273
-0.08392837928099271
-0.2100881842085479
3.3306690738754696e-16
0.16798475724069278
-0.0839283792809927
0.1443685128069614
0.050723061733825583
0.042935420822507425
0.07433708697699938
-0.09883343496999748
-0.011654347537926199
-0.013719741873976923
-0.0018793113425435055
0.0608392397613392
-0.05601224633918386
-0.014673884172209092
0.07694813910941842
0.11409361749989716
-0.0755187647732442
-0.14923972932856236
0.1066858582204762
0.11757263595014457
-0.014964135547105281
0.03631539334421943
0.07214884499317709
-0.007042284825380468
0.38182448434943905
0.012073957593722595
-0.09282556797390895
0.06144213318478369
-0.022309272507498763
-0.03237573793379121
-0.04329055802556872
-0.02143149284383375
-0.16838557799927395
0.004415561487228631
-0.0011665391616397514
0.010190393733925773
-0.014549483508796974
0.012825062775118065
-0.041272730745619324
-0.016173218191825767
-0.052806387323634685
0.21288449701955536
0.08987870263171988
0.14647297008733404
0.006844569744271195
-0.24115533750382356
-0.06129342004368654
0.038790555779920535
0.13531156761498514
0.29299293196043585
-0.2249046906333349
-0.2048806379720969
-1.6653345369377348e-16
-0.29299293196043485
-0.22490469063333485
0.03879055577992045
-0.13531156761498514
0.2411553375038243
-0.061293420043687596
0.14647297008733406
-0.006844569744271167
-0.21288449701955467
0.08987870263172018
-0.016173218191825905
0.052806387323634615
-0.012825062775117996
-0.04127273074561991
0.010190393733925857
0.014549483508796764
-0.0044155614872292
-0.0011665391616397167
-0.02143149284383425
0.16838557799927387
0.03237573793379131
-0.04329055802556847
0.06144213318478338
0.02230927250749923
-0.012073957593721762
-0.092825567973909
0.009995001086841926
0.04015018554258484
-0.04703241248943756
-0.020088882364075425
-0.08945654210710495
-0.2046852115936681
-0.09613914007266991
0.12900040565565188
0.04841556355564433
0.1104257093351804
-0.014989106235223648
0.0003337329718739873
-0.14229908962540633
-0.0018162856123328727
-0.03932881800194385
0.04481734881742362
0.02885737481358383
-0.04940031522003967
-0.14416280170613383
-0.10714550536925321
-0.029672565536790714
0.03887904452147445
0.09798435962891666
-0.08863389620290722
-0.00547340606088717
-0.07161782080096098
0.08943788304233885
0.08637376514615688
0.08133736926296792
-2.0816681711721685e-16
-0.08943788304233836
0.08637376514615674
-0.005473406060887309
0.07161782080096182
-0.09798435962891729
-0.08863389620290726
-0.029672565536790374
-0.03887904452147409
0.14416280170613355
-0.1071455053692529
0.028857374813583914
0.0494003152200404
0.03932881800194454
0.04481734881742315
-0.14229908962540633
0.0018162856123332023
0.014989106235223648
0.00033373297187416773
0.04841556355564412
-0.11042570933518023
0.09613914007267037
0.12900040565565088
-0.08945654210710433
0.2046852115936678
0.04703241248943721
-0.020088882364076122
0.009995001086841038
-0.04015018554258526
-0.02058758662850821
-0.06196616482075992
0.016263197216877703
0.04290273366242166
0.08132203843346575
-0.015011209170676457
0.15944812444359527
-0.016939602776113505
0.06624058434238927
-0.1103971594809818
0.05329832813685913
-0.015773234220148813
0.18070889659371558
-0.021183420160872574
0.09304695961318067
0.04384215519594553
-0.043472946056159256
-0.020803938148082193
0.04757932681126836
0.15971399162766503
0.05916919868837753
-0.20966350990252797
-0.14048715084564334
0.011380140926606566
-0.042739736207655574
-0.11460672862004648
0.032834378241658246
-0.11080093025051382
-0.2085539485539235
-0.27795049853026266
0.028078356696590298
2.42861286636753e-16
0.20855394855392323
-0.27795049853026244
0.03283437824165847
0.11080093025051374
0.04273973620765589
-0.11460672862004664
-0.14048715084564378
-0.01138014092660658
-0.05916919868837811
-0.20966350990252866
0.04757932681126875
-0.15971399162766428
0.04347294605615851
-0.02080393814808228
0.09304695961318038
-0.043842155195944976
-0.1807088965937151
-0.021183420160872338
0.05329832813685895
0.01577323422014902
-0.06624058434239047
-0.11039715948098075
0.1594481244435946
0.016939602776112714
-0.08132203843346686
-0.015011209170676082
0.016263197216878453
-0.04290273366242207
0.02058758662850732
-0.06196616482076073
0.00412938850098532
0.28654225286751284
0.016673576941379685
-0.03544920462229327
0.005764124088751904
-0.0633352037608292
-0.10068665829121799
-0.0905077065923048
-0.10458360997825747
-0.1644277754428706
-0.0847366900722688
-0.010335519810888538
0.00557165965852946
-0.01728518147398425
-0.07541742414620176
-0.1393215276191415
-0.01582182771333457
-0.07403082045205533
0.0673886259295515
-0.12147585431390516
0.08488752932724433
-0.014463491496748804
0.06881459551393339
0.051131840771757274
0.11820362245136992
0.013700978752174575
-0.04644991713740224
0.05531258852531079
0.0005995315256128245
0.0773632854789992
0.0518137117470914
-0.018914807112130026
-0.05785406064395643
4.996003610813204e-16
-0.05181371174709139
-0.018914807112129922
0.0005995315256129355
-0.07736328547899925
0.0464499171374024
0.055312588525311124
0.11820362245136956
-0.013700978752175082
-0.06881459551393225
0.051131840771757274
0.08488752932724487
0.014463491496748831
-0.06738862592955153
-0.12147585431390455
-0.015821827713334402
0.07403082045205578
0.07541742414620192
-0.13932152761914196
0.005571659658529099
0.01728518147398546
0.08473669007226842
-0.010335519810888892
-0.10458360997825777
0.16442777544287074
0.10068665829121863
-0.09050770659230448
0.005764124088752043
0.06333520376082874
-0.016673576941379383
-0.0354492046222929
0.004129388500985598
-0.2865422528675132
-0.08226019392634959
-0.03877510768555176
-0.04065685271826013
0.0032094226401022663
-0.09032530072491818
0.002879957029382929
-0.026456860032922736
0.11207085181092559
-0.02969763548508616
0.011763558593200857
0.04475756353897677
0.05333534632444936
-0.04518225699773448
-0.048581195946280804
-0.01092663629817165
0.15414521878660958
-0.07031776486271446
-0.09497368369799584
-0.11185442441113849
0.046768661844610274
-0.048585617257099506
-0.06757749878717947
-0.0036795136173291
-0.06329783838402547
-0.21751251298236665
-0.18637438002337048
-0.01254592187381836
-0.03480916251202297
0.2613374663622847
-0.06255489703041422
-0.025438555348675923
-0.05045397181621896
-0.09112754754432084
0.16927255019668985
0.11272924129547703
-2.1510571102112408e-16
0.09112754754432097
0.16927255019668952
-0.02543855534867557
0.050453971816219356
-0.2613374663622849
-0.06255489703041447
-0.012545921873818172
0.034809162512022804
0.2175125129823664
-0.18637438002337037
-0.0036795136173294538
0.06329783838402561
0.04858561725710017
-0.0675774987871797
-0.11185442441113848
-0.04676866184461039
0.07031776486271457
-0.09497368369799553
-0.010926636298171484
-0.15414521878660997
0.04518225699773426
-0.048581195946281484
0.04475756353897742
-0.05333534632444921
0.029697635485087137
0.011763558593200947
-0.02645686003292272
-0.11207085181092542
0.09032530072491823
0.0028799570293836785
-0.04065685271826022
-0.003209422640102381
0.08226019392634992
-0.03877510768555131
-0.01268336790600516
0.051243364565913566
0.02172626256377437
0.024210402590397508
0.05987678137424174
0.24803953060450573
0.0988134995284345
-0.022891013234316332
0.0847412894265935
-0.03612542677970353
0.016070613716021934
-0.04601276900218532
0.08976955256948368
0.03735717526143226
0.05915715566351746
-0.07167978335036389
0.06872510715727942
0.04818617271886827
0.07995485927688363
0.0027248206720314506
0.10213847839820282
0.06446586730407379
-0.028025181354735695
0.05659581867233242
0.01663259259646699
0.1091664248057761
0.030388431172484687
0.048710124014525694
-0.13043045691554023
-0.05528669411947269
-0.06294221418864138
0.07041334628642529
0.006827599687086239
-0.055268083678837066
-0.06707491182322375
-0.08789750877167579
-0.009948152930206837
1.8041124150158794e-16
0.06707491182322431
-0.08789750877167604
0.006827599687086683
0.05526808367883736
0.0629422141886408
0.07041334628642507
-0.13043045691554006
0.055286694119472506
-0.030388431172484937
0.0487101240145255
0.01663259259646685
-0.10916642480577551
0.028025181354735994
0.05659581867233235
0.10213847839820281
-0.06446586730407423
-0.07995485927688369
0.0027248206720309753
0.06872510715728053
-0.04818617271886878
-0.05915715566351762
-0.07167978335036368
0.08976955256948299
-0.03735717526143184
-0.0160706137160224
-0.046012769002185844
0.08474128942659334
0.03612542677970327
-0.09881349952843409
-0.022891013234316478
0.05987678137424096
-0.24803953060450554
-0.021726262563774516
0.024210402590397483
-0.012683367906005827
-0.05124336456591419
