47.71796726624434
2.0695305321630213e-15
1.7130577025197038
-2.7340098261490797
1.0128955155635904
1.8654556846947756e-16
-1.7130577025196976
-2.7340098261490735
9.604261351594177
-0.05236315913274579
0.014997012866081572
0.3126208393003133
8.651309145634546
3.4096574734138046e-16
-0.014997012866077908
0.31262083930031304
9.604261351594177
0.05236315913274478
1.1403608020208427
-1.0053290106187271
0.05707716735397306
0.3022628471168681
0.32719986743100254
-0.519353613953951
0.5043310852764654
5.096482423201174e-16
-0.32719986743099794
-0.5193536139539515
0.05707716735397128
-0.3022628471168675
-1.1403608020208387
-1.005329010618729
1.939474714757019
-0.2223790363251574
-0.14137357903190678
0.06579796997809968
3.1211974803736693
0.23136517604323628
-0.2169479027830139
0.2899013433108096
-0.5959162151895534
-4.3547706199180887e-16
0.21694790278300613
0.2899013433108105
3.1211974803736764
-0.23136517604323814
0.1413735790319003
0.06579796997810035
1.9394747147570253
0.2223790363251567
0.6746102261645358
-0.03164177890883704
-0.0417398992982011
-0.008494826246747656
0.08677295156846533
-0.26627718400199035
-0.022962742039057776
0.428696912482763
-0.016518281258113998
0.16555501956856217
-0.20318086132197888
3.4825052361687045e-16
0.0165182812581188
0.1655550195685632
-0.022962742039057238
-0.42869691248276504
-0.08677295156846469
-0.26627718400198835
-0.04173989929820052
0.008494826246746648
-0.6746102261645269
-0.03164177890884351
-0.36891464077733116
-0.1677288873988361
-0.027037827939018377
-0.039014288365373656
0.6168288052692186
-0.1398835391131065
-0.32418127212988834
0.06863859823950719
-0.21833886943642233
0.11761823138627625
-0.4055280584645553
-0.04993212125034689
-1.2757780717504328
7.546047120499111e-16
0.4055280584645554
-0.049932121250345414
-0.2183388694364249
-0.11761823138627447
0.3241812721298901
0.06863859823950752
0.6168288052692187
0.13988353911310789
0.027037827939020237
-0.0390142883653737
-0.3689146407773305
0.16772888739883723
0.2225303259995769
0.3991077035621176
-0.01049706199308173
-0.040115449707939
0.22532162684493992
0.0129592330370695
-0.07073043236042276
-0.055108267520231805
-0.38688718842329617
0.08548040918028504
-0.19490135229990874
0.1568500786635622
0.0989708615806082
0.13792065709564028
-0.11770564325263153
1.0581813203458523e-16
-0.09897086158060764
0.13792065709564091
-0.19490135229990796
-0.15685007866356215
0.38688718842329595
0.08548040918028459
-0.0707304323604222
0.055108267520232374
-0.22532162684494078
0.012959233037070722
-0.010497061993083395
0.04011544970793765
-0.22253032599957706
0.3991077035621208
-0.7862017703829637
-0.027072221696325324
0.010792614122499045
-0.03067093058542844
-0.3154050743101264
-0.13842391776402158
-0.03722682359670543
-0.0933394233091703
-0.2517325079995696
-0.1687237637789949
-0.3214499315472279
-0.04702134979652908
-0.9224076753733235
-0.18812423683907642
-0.18037680346337814
-0.23586087197694067
-0.3560056738106997
-3.469446951953614e-16
0.18037680346337853
-0.23586087197694083
-0.922407675373325
0.1881242368390772
0.3214499315472279
-0.04702134979652907
-0.25173250799956964
0.1687237637789963
0.03722682359670493
-0.09333942330917169
-0.3154050743101269
0.13842391776402113
-0.0107926141224991
-0.030670930585429218
-0.7862017703829641
0.02707222169632459
-0.0915818991461888
0.4322742602535421
0.012767893512855205
-0.017404990378836416
0.13118150330961595
0.22581016324145659
-0.019122926564299425
-0.09778905954183227
-0.035850787654371746
0.08579848195872164
-0.012899933934212026
-0.1264861193153404
-0.14192497081323235
0.08654750368856945
-0.17754770333756523
-0.1395952516742108
0.10604063251699425
0.09870689809561445
0.2614903178609596
-6.938893903907228e-18
-0.10604063251699658
0.09870689809561436
-0.17754770333756614
0.13959525167421113
0.14192497081323202
0.08654750368856812
-0.012899933934213376
0.12648611931533968
0.03585078765437261
0.08579848195872088
-0.019122926564298953
0.09778905954183303
-0.1311815033096177
0.22581016324145542
0.012767893512856732
0.017404990378836825
0.0915818991461898
0.43227426025353977
-0.5585746843010305
0.10458723596782563
0.01504087147316674
0.00018362864135310075
-0.47403871552055565
-0.03697826513648726
0.039440249024873864
-0.08413952879171019
-0.3127555694034874
-0.10150823812501844
0.04023001809720514
-0.0767524280312364
-0.4191774832242498
-0.2045213876356355
-0.06915109980918177
-0.0966072336346799
-0.2517721393812005
-0.19905798890606755
0.14646030412095792
-0.09887877956851052
-0.09585082267863462
-1.1102230246251565e-16
-0.14646030412095767
-0.09887877956851057
-0.2517721393811998
0.19905798890606824
0.0691510998091811
-0.09660723363467962
-0.4191774832242484
0.20452138763563601
-0.040230018097204806
-0.07675242803123578
-0.31275556940348814
0.1015082381250182
-0.039440249024873586
-0.08413952879171065
-0.47403871552055776
0.03697826513648715
-0.015040871473168183
0.000183628641353753
-0.558574684301031
-0.10458723596782468
-0.2195775236853966
0.2424363347292351
0.006143577306130771
0.006253133081633111
-0.021424362075166348
0.28499756019536426
0.04431142967777285
-0.05407915692625513
0.070288175047305
0.1245131190685885
0.0012948765258928852
-0.06899242793937418
0.00971977769811734
0.1532595414399037
0.08047711723356848
-0.12511269474784528
0.22789692692383362
0.04537076882571603
0.026503441591252702
-0.11534917003916936
-0.045228029060274566
0.15914370974247133
0.2123375255883538
1.5959455978986625e-16
0.04522802906027473
0.1591437097424714
0.02650344159125395
0.11534917003916823
-0.22789692692383418
0.04537076882571631
0.08047711723356989
0.12511269474784328
-0.009719777698118576
0.15325954143990353
0.0012948765258925937
0.06899242793937352
-0.07028817504730511
0.12451311906859075
0.044311429677772934
0.0540791569262562
0.021424362075166764
0.284997560195364
0.0061435773061316035
-0.006253133081632618
0.21957752368539407
0.2424363347292342
-0.2133860231953706
0.1693836688300067
0.0013194901101404033
0.00943592224704018
-0.34127993793130396
0.08369166809938886
0.05549639876389667
0.008626545562586935
-0.25023012902532255
-0.04366970035364798
0.06197664419160412
-0.07330688966070067
-0.19238724777354466
0.024289794745343082
0.1420386734666872
0.04541780810719484
-0.10113853996614205
-0.08910384431311166
0.17103811349608944
0.05660691369070585
0.21274818002228324
0.04233182981017808
0.10758079954169243
0.10070559356676718
-0.15005062303042024
3.0531133177191805e-16
-0.10758079954169242
0.10070559356676664
0.21274818002228357
-0.04233182981017834
-0.17103811349608858
0.056606913690706306
-0.10113853996614136
0.08910384431311191
-0.14203867346668658
0.04541780810719512
-0.19238724777354493
-0.024289794745343263
-0.06197664419160433
-0.0733068896607005
-0.2502301290253212
0.043669700353648096
-0.05549639876389609
0.008626545562587518
-0.34127993793130507
-0.08369166809938886
-0.0013194901101392376
0.009435922247039714
-0.21338602319537048
-0.16938366883000705
-0.20756835682765712
0.04152867344870331
-0.0032226758009531106
0.007186255688342736
-0.1381713578025182
0.1936942346241871
0.019012997170147677
0.026616735456707653
0.06845317266325546
0.21107548349096733
0.060856289113357026
-0.0668241699809466
0.010790325057830091
0.09728434166941749
0.0034844217209236694
0.06870580383365105
0.17508517378879623
0.189118556563487
0.04583404424322801
-0.006767020279669182
0.1667370381831199
0.13290443113596057
0.05026856737868644
0.03466096956221745
-0.06708831477526386
0.13955065395570648
-0.07205429533967828
3.122502256758253e-16
0.06708831477526327
0.13955065395570598
0.0502685673786874
-0.034660969562217675
-0.16673703818311947
0.13290443113596112
0.04583404424322931
0.006767020279670646
-0.1750851737887958
0.18911855656348817
0.0034844217209242523
-0.06870580383365057
-0.010790325057829744
0.09728434166941681
0.060856289113356665
0.06682416998094666
-0.06845317266325479
0.21107548349096586
0.01901299717014704
-0.026616735456707785
0.138171357802517
0.19369423462418822
-0.0032226758009531176
-0.007186255688343107
0.207568356827657
0.04152867344870337
-0.009865560887655334
0.13646158659966756
-0.004420361564126805
0.004237219793941233
-0.16046114302464143
0.12749451189188626
0.0038277468968640066
0.03972090623693228
-0.19210108584775668
0.08649551435294967
0.09073196625877111
0.03241167028458475
-0.06651780464510804
0.003672841353827838
0.026955992471408396
0.023377364794969102
-0.036515335153353035
0.1704922193137257
0.10562875223720514
0.11600368984562444
0.03662834433419651
0.1412252718147734
0.1390074359257476
0.15836258311656276
0.08860007552319016
0.13584593916730234
-0.0902915478385432
0.09660891533183967
-0.09132168903461474
-5.412337245047638e-16
0.09029154783854232
0.09660891533184036
0.08860007552318994
-0.13584593916730264
-0.13900743592574805
0.15836258311656418
0.036628344334196095
-0.1412252718147733
-0.10562875223720584
0.1160036898456256
-0.036515335153353035
-0.17049221931372546
-0.026955992471408285
0.023377364794968606
-0.06651780464510859
-0.0036728413538272414
-0.09073196625877061
0.03241167028458533
-0.19210108584775623
-0.0864955143529492
-0.003827746896864867
0.039720906236932946
-0.16046114302464065
-0.12749451189188624
0.004420361564126736
0.004237219793941869
-0.00986556088765611
-0.136461586599668
-0.12198105845941981
-0.108975546386964
-0.004650494089654955
0.002112623310824964
-0.1535049344768173
0.06571239340988819
-0.013185202526305513
0.03747352599301098
-0.04430708569777672
0.1973750220253955
0.03635500694773264
0.05190239082516078
0.11089384334898794
0.14594783582620668
0.0355584786740652
-0.016102469314310405
-0.06582155308909701
0.10981590590907364
-0.04550108214151154
0.17353903066281687
0.10860581574755807
0.1271193882519474
-0.06375720204404997
0.10541556149599539
-0.11680314407232091
0.09197053502723421
-0.11144553671696716
0.04767566764887696
0.04458126255897221
-0.024389388673156515
-0.08180812595278512
2.0122792321330962e-16
-0.044581262558973045
-0.024389388673155987
-0.1114455367169675
-0.04767566764887679
0.1168031440723212
0.09197053502723455
-0.06375720204405107
-0.10541556149599586
-0.108605815747559
0.12711938825194702
-0.045501082141511925
-0.17353903066281645
0.06582155308909635
0.10981590590907397
0.0355584786740652
0.016102469314310003
-0.11089384334898775
0.145947835826207
0.03635500694773283
-0.0519023908251606
0.044307085697777
0.19737502202539528
-0.013185202526305222
-0.03747352599301146
0.1535049344768171
0.06571239340988727
-0.004650494089654338
-0.002112623310825429
0.12198105845941909
-0.10897554638696447
0.08588098669222499
0.07861105277031266
-0.004161329943377354
-0.0008370252846283399
-0.05469141746083368
0.11727976390094275
-0.02687792853013818
0.02785720006430415
-0.15854459268275076
0.13775439759669975
0.0077295941317952754
0.09773026298783584
-0.07687673509732243
0.09434229870059757
0.06551503398363384
0.09051112966511211
-0.009318142805443186
0.06977626680029725
-0.09595771788629578
0.1327692384542681
0.0020650770173556154
0.17017647280380527
-0.08136306831738174
0.07257335278085356
-0.0686655415932031
0.1950179763199085
-0.09009267925212912
0.08585177304062844
-0.04427353502843798
0.018908079944886386
-0.05782456911875039
0.03361033243400259
0.03445948182647379
-4.163336342344337e-17
0.057824569118749836
0.033610332434001855
-0.04427353502843842
-0.01890807994488696
0.09009267925212933
0.08585177304062741
-0.06866554159320348
-0.19501797631990758
0.08136306831738194
0.07257335278085306
0.002065077017354866
-0.17017647280380532
0.0959577178862965
0.13276923845426883
-0.009318142805443248
-0.06977626680029743
-0.06551503398363442
0.09051112966511142
-0.07687673509732282
-0.09434229870059793
-0.007729594131794193
0.09773026298783578
-0.1585445926827528
-0.13775439759670055
0.026877928530138102
0.027857200064304206
-0.054691417460832364
-0.1172797639009432
0.004161329943376681
-0.000837025284628215
0.08588098669222495
-0.07861105277031344
0.05072086151212482
-0.25216961354751577
0.00161179272876142
-0.00463182218058459
-0.07021284573547651
-0.22534800228197835
-0.035300684712613634
-0.008888282545558818
-0.19134663632721946
-0.10358580689467048
-0.09341184310098662
0.06970903220557682
-0.04028092996557836
0.0013628906797664986
-0.10624354840266724
0.02881299098133093
-0.00021461456047133787
-0.04990159788865618
-0.11962784431480447
-0.047458220126550626
-0.09260560871989597
-0.12619932760428196
-0.15861261239450078
-0.09704831406607628
-0.16683862628749963
-0.17352645629807023
-0.0669745301641172
-0.06313848698533574
-0.09705794654491623
-0.2425324198969444
-0.1550826366301402
-0.07634406634655826
0.05107216192667233
-0.21541299908949646
0.0849936585087942
-8.326672684688674e-17
-0.05107216192667165
-0.21541299908949704
-0.15508263663014002
0.07634406634655767
0.09705794654491678
-0.2425324198969443
-0.06697453016411747
0.06313848698533596
0.16683862628750035
-0.17352645629807062
-0.15861261239450034
0.09704831406607682
0.09260560871989722
-0.12619932760428146
-0.11962784431480422
0.047458220126549606
0.00021461456047161542
-0.04990159788865628
-0.10624354840266714
-0.028812990981330992
0.04028092996557825
0.0013628906797668455
-0.0934118431009865
-0.06970903220557727
0.1913466363272191
-0.10358580689467084
-0.035300684712614154
0.008888282545558637
0.07021284573547588
-0.22534800228197743
0.001611792728760636
0.004631822180584402
-0.050720861512123794
-0.25216961354751544
0.17736665805964014
-0.15334920779550948
0.003746869514096411
-0.0021648576553891102
0.18746403120995836
-0.03400379024699144
-0.009926380361048037
-0.028581543895565054
0.0745306198366732
0.02328602227566813
-0.10413269307359263
0.010237804859156315
0.013520827387280554
0.06461529792243806
-0.07552752652213998
0.0006892096653976151
0.07621726369748942
0.044748351030414954
-0.051915215424225225
-0.046906500920858574
0.12228084833561437
0.016930871163725603
-0.10193971778517985
-0.14218027839258884
0.1056059855925432
-0.06501075434773254
-0.05242113975786064
-0.2400103683429335
0.04117600235470639
-0.05743772284211468
-0.11009799278742538
-0.18496692855846994
0.1058845278406297
-0.04986685763033742
0.13306956013863638
-0.09627066620504976
0.05981664579173682
-5.412337245047638e-16
-0.13306956013863733
-0.09627066620504934
0.1058845278406301
0.04986685763033724
0.11009799278742569
-0.1849669285584697
0.04117600235470645
0.05743772284211521
0.05242113975786
-0.24001036834293235
0.10560598559254393
0.06501075434773265
0.10193971778517935
-0.14218027839258837
0.12228084833561453
-0.016930871163725963
0.051915215424224406
-0.046906500920858143
0.07621726369748891
-0.04474835103041543
0.07552752652213987
0.0006892096653971849
0.013520827387281664
-0.06461529792243798
0.10413269307359241
0.010237804859156457
0.07453061983667464
-0.023286022275668256
0.009926380361048148
-0.028581543895564845
0.18746403120995836
0.03400379024699143
-0.0037468695140959254
-0.0021648576553887355
0.17736665805963966
0.1533492077955101
