37.611796894576216
-1.0755430417381814e-15
2.387340465266968
6.767565880199028
7.572576212392533
-2.706517526498709e-15
-2.387340465266969
6.767565880199041
0.22260332817771322
-1.8118100056225501
2.958837486849718
0.42489619513213905
1.423958543948907
1.0700724637506802e-15
-2.9588374868497205
0.424896195132134
0.22260332817769224
1.8118100056225512
1.0525156797315254
-0.4342641909161775
0.6568709335316713
0.04357575857759791
0.08475150873285131
0.02047412293321351
0.7769400458950998
-2.2080192663508076e-15
-0.08475150873284854
0.020474122933215474
0.6568709335316723
-0.04357575857759626
-1.0525156797315245
-0.4342641909161776
-0.1809056341450173
-0.05064304757644961
0.397517856269872
-0.05770396895210621
0.23209898458420783
-0.13634168223140594
-0.884592275777867
0.6204101177890132
-0.5771525797200333
3.2474360620717094e-17
0.8845922757778646
0.6204101177890123
0.23209898458421055
0.13634168223140347
-0.397517856269874
-0.05770396895210993
-0.18090563414501695
0.05064304757644656
0.4830619535156647
-0.6879497205671934
0.534235184485858
0.283805183451454
0.25641107151559184
-0.5515743871587855
-0.6158159391687467
-0.055617719766634606
-0.03847263502897347
-1.0151936447092804
0.16442233966422018
-8.219244718854108e-16
0.038472635028975695
-1.0151936447092809
-0.6158159391687471
0.05561771976663477
-0.25641107151559267
-0.5515743871587859
0.5342351844858552
-0.2838051834514542
-0.48306195351566794
-0.6879497205671925
-0.7539614658807945
0.3438222755519583
-0.19917132227468157
0.004299483322134756
0.07888279835076314
0.1873866962875262
-0.3634596729903897
-0.317038067850607
0.01887582959532974
-0.14136777683502363
-0.4063282922394687
-0.32275881155319835
-0.6656541510473776
2.3592239273284576e-16
0.406328292239469
-0.3227588115531972
0.018875829595330212
0.141367776835024
0.3634596729903887
-0.3170380678506062
0.07888279835076198
-0.1873866962875264
0.1991713222746822
0.0042994833221330075
-0.7539614658807958
-0.343822275551956
-0.21397089831869487
0.14778394128357591
-0.30554647897283405
0.008076862805680986
-0.009422007385347597
-0.26978183430496633
0.26641946325542715
0.05351742633798291
-0.01675895898451424
-0.1516264243122244
0.4608631121191465
-0.178020418651487
-0.8003048123147789
0.03483422193774538
-0.3178165281700279
9.71445146547012e-17
0.8003048123147791
0.0348342219377441
0.46086311211914543
0.17802041865148638
0.016758958984514266
-0.15162642431222415
0.26641946325542715
-0.0535174263379838
0.009422007385347986
-0.26978183430496616
-0.30554647897283493
-0.008076862805680922
0.21397089831869542
0.14778394128357542
-0.48917926351222135
-0.19345872563908342
-0.2241697262644685
0.04652382749479944
-0.2864432615293624
-0.04411290899191728
0.025787314761210878
-0.20958774881594733
0.11417716679743836
0.3371270085574015
-0.15077046419626272
0.14812572425833637
-0.39226303903999493
-0.07726616968359204
-0.0715389910914555
-0.41305312358849355
0.4348509918644641
-5.828670879282072e-16
0.07153899109145645
-0.4130531235884942
-0.3922630390399945
0.07726616968359323
0.15077046419626405
0.14812572425833676
0.11417716679743883
-0.33712700855740074
-0.025787314761209934
-0.20958774881594788
-0.2864432615293607
0.04411290899191728
0.22416972626446857
0.046523827494800135
-0.4891792635122223
0.19345872563908206
-0.19007870648214897
-0.2129235862300934
-0.21576461581708203
-0.23267819039657336
0.0831922500013341
0.10643645303161839
0.06722193209496438
0.07816295027518338
-0.22998346943900774
-0.13916795310567895
-0.16206149649290533
0.02430720343269384
-0.27938128344121615
0.09650561826668566
0.19739754677542554
-0.00968519138961943
0.5212295726662919
-0.08809602742961842
-0.027021778234117055
5.273559366969494e-16
-0.5212295726662921
-0.0880960274296188
0.19739754677542615
0.009685191389620484
0.279381283441215
0.09650561826668527
-0.16206149649290436
-0.024307203432694463
0.2299834694390074
-0.13916795310567887
0.06722193209496524
-0.07816295027518586
-0.0831922500013334
0.10643645303161847
-0.21576461581708128
0.23267819039657328
0.19007870648214864
-0.21292358623009322
0.07617847164012587
-0.11156740715773428
-0.05617426627206903
-0.22450309920042671
-0.2920460804487984
-0.030208998017887234
-0.03658340398552237
0.2484955447895571
-0.23171874176836899
-0.08374709791447499
-0.014396256524482232
-0.28129044404100806
-0.1280194790766426
0.0636668063845729
-0.14176902167646846
0.20454331647052765
0.413093070417042
0.11197911002701263
0.10567142515102373
0.21024629042454251
-0.4952168910265424
3.3306690738754696e-16
-0.10567142515102307
0.21024629042454204
0.4130930704170428
-0.1119791100270121
0.14176902167646752
0.2045433164705253
-0.12801947907664218
-0.0636668063845717
0.014396256524482065
-0.2812904440410088
-0.2317187417683694
0.0837470979144751
0.03658340398552079
0.24849554478955685
-0.2920460804487973
0.030208998017887956
0.0561742662720692
-0.224503099200427
0.07617847164012627
0.11156740715773514
0.35290629389516676
0.20374340741463315
0.08543977944375312
0.01760727369616161
-0.05196442028373231
-0.05961658985627679
-0.17084176929989792
-0.15080594947718956
0.04963227009412804
0.055400490051794704
-0.028923153874587326
0.06150053093552382
0.08474097959563312
-0.16085960343404912
-0.028662783936355185
0.07784896812492728
0.09995995000983604
0.16714370692609043
-0.06765220994826532
0.17688612856803726
-0.18996293685376928
0.032804544973064065
0.1026581897737
-6.661338147750939e-16
0.18996293685377033
0.0328045449730634
-0.06765220994826637
-0.1768861285680374
-0.09995995000983604
0.16714370692609126
-0.028662783936356795
-0.07784896812492792
-0.08474097959563281
-0.16085960343404976
-0.028923153874588187
-0.061500530935524676
-0.04963227009412802
0.05540049005179509
-0.1708417692998975
0.15080594947718978
0.05196442028373224
-0.05961658985627721
0.08543977944375353
-0.017607273696163217
-0.3529062938951676
0.2037434074146333
0.024349508975581913
0.06407131901034685
0.08396550305409028
0.0320417605526672
0.031296603054709805
-0.02021316617864856
-0.014820753254474517
-0.21094358695017962
-0.1639279098225806
-0.08303630458690892
-0.046596957174077414
0.09911401208451517
-0.0008916092299135203
0.13783015707728574
0.05493325891818493
-0.07160168270872608
0.022151347761488485
0.061176436569863046
-0.01763229421468282
-0.08673586042310197
-0.18159467852790506
0.08299231351035347
0.10175885368673757
0.019082200325004656
0.22656311467538026
-4.128641872824801e-16
-0.10175885368673789
0.01908220032500435
-0.18159467852790506
-0.08299231351035463
0.017632294214681654
-0.08673586042309997
0.022151347761488804
-0.06117643656986274
-0.05493325891818518
-0.07160168270872481
-0.0008916092299120632
-0.13783015707728552
0.04659695717407735
0.09911401208451497
-0.16392790982258096
0.0830363045869081
0.014820753254474767
-0.2109435869501796
0.03129660305471055
0.020213166178649003
-0.0839655030540922
0.032041760552667026
0.024349508975581635
-0.06407131901034673
0.004121903849885145
0.1585791210762293
0.05056566629762427
0.037447568390937144
0.08765203417590578
0.033475263008360345
0.08785974564457186
0.04969826561685209
0.006354877458003623
-0.07123858305222153
-0.07351206722959513
-0.1396870004614707
0.06797184016079776
0.06963335156589293
-0.12247124130711112
0.07895875554159026
0.06678809085998177
-0.0036506569191631227
0.08667488028745052
0.004972467760144872
-0.0853995015897612
-0.10566835278517994
-0.054708323812323406
-0.0482553865799788
0.20291535597039118
0.10533663653013386
-0.29438831171212154
-8.326672684688674e-17
-0.20291535597039123
0.10533663653013237
-0.05470832381232249
0.04825538657997995
0.08539950158976128
-0.10566835278518
0.0866748802874508
-0.004972467760143567
-0.06678809085998133
-0.00365065691916297
-0.12247124130711132
-0.0789587555415911
-0.06797184016079769
0.06963335156589218
-0.07351206722959652
0.13968700046147128
-0.006354877458004088
-0.07123858305222115
0.08785974564457125
-0.04969826561685199
-0.08765203417590586
0.033475263008360734
0.05056566629762428
-0.037447568390935486
-0.00412190384988631
0.15857912107622907
0.0076151519356645325
0.16424524496533577
0.018324054084989536
0.09630795700209054
0.05772067010409128
0.01058390999122754
0.03491543340347286
0.00838906617335694
0.022676327513258557
0.03681544322637942
0.0028768760718583253
-0.039091046307187974
0.08417342011764917
-0.009590924070717752
0.0936236606939547
0.02163534878219195
-0.08269242807131505
0.10921352307537106
0.09923340465658449
-0.0002084179050346191
0.13537647623992696
0.04934494967589953
0.11948926350606748
-0.028235118067729978
0.11860377143849928
0.05094100936831064
-0.14049427183165952
0.03343402910144411
-0.15255451054229294
-6.869504964868156e-16
0.14049427183166108
0.033434029101443996
0.118603771438498
-0.05094100936831118
-0.11948926350606762
-0.028235118067730186
0.13537647623992577
-0.04934494967590044
-0.099233404656585
-0.00020841790503553503
-0.08269242807131527
-0.10921352307537115
-0.09362366069395422
0.02163534878219242
0.08417342011764904
0.009590924070717655
-0.002876876071857659
-0.03909104630718765
0.022676327513258848
-0.03681544322637967
-0.03491543340347311
0.008389066173356885
0.05772067010409123
-0.010583909991227162
-0.018324054084989327
0.09630795700209063
0.0076151519356646435
-0.16424524496533688
-0.01879390350513732
-0.1808878806641922
0.025566176036418586
0.043454775266995344
-0.0012680936035310841
0.05580794606990861
0.017949799399418
-0.037194433037190014
0.04055693477696026
0.004155955360868047
0.05257416425532261
0.04160537451318011
-0.008507352097300275
0.0157415879665789
0.04931088402692991
-0.050400383873036164
0.01414679577498551
-0.005352977347375332
-0.08599265239418323
0.033528855914916195
-0.0018619575489568219
-0.023020562890343918
-0.023536019474529962
0.004244334697946217
0.10330391194977667
-0.11408235824647728
-0.08742487481553464
0.020316991692638536
-0.13235011656079326
-0.15143342074325467
0.199412988845323
5.551115123125783e-17
0.1323501165607926
-0.1514334207432537
-0.0874248748155349
-0.020316991692637287
-0.1033039119497771
-0.11408235824647628
-0.023536019474530323
-0.004244334697946023
0.001861957548956782
-0.023020562890344015
-0.0859926523941839
-0.03352885591491625
-0.014146795774984816
-0.005352977347375186
0.049310884026929916
0.05040038387303522
0.008507352097300046
0.015741587966579595
0.0525741642553226
-0.04160537451317908
-0.04055693477696054
0.004155955360866742
0.01794979939941732
0.03719443303719068
0.0012680936035322499
0.05580794606990868
0.02556617603641772
-0.04345477526699615
0.018793903505136336
-0.1808878806641928
0.015836122094655125
-0.0753798899540461
0.021017748737001296
-0.020724580050816843
-0.005196721002503929
0.031025244974334273
-0.02959308614717614
0.06716001116365888
0.11253707837344804
0.027851073022889763
0.04424446326438824
0.0428698823944972
0.031008126408773262
0.029434105409951963
0.017158128780399517
0.055648598213793005
0.09906244050175954
-0.03125016644219851
0.1290275502681147
0.086201678445324
-0.03652180534280541
-0.01309794575860404
0.035476301990779335
-0.06887252400821509
0.07444424039667313
-0.02568438669335546
-0.010393701231095204
-0.02323594034160073
-0.11313849698122123
-0.05346337392325337
0.19621351006511853
-0.04826878268171966
0.21219827661410048
3.122502256758253e-16
-0.1962135100651177
-0.048268782681720745
-0.11313849698122061
0.053463373923254204
0.010393701231095342
-0.02323594034160026
0.074444240396674
0.025684386693355377
-0.03547630199077846
-0.06887252400821484
-0.03652180534280541
0.013097945758603902
-0.1290275502681145
0.08620167844532411
0.09906244050175952
0.03125016644219805
-0.01715812878039938
0.055648598213793116
0.031008126408773137
-0.02943410540995213
-0.044244463264387704
0.04286988239449738
0.11253707837344781
-0.027851073022889306
0.029593086147176068
0.06716001116365938
-0.005196721002503402
-0.031025244974336078
-0.021017748737001116
-0.020724580050816788
0.01583612209465468
0.07537988995404643
0.15444877398387505
0.10778743583411776
0.008918462660595105
-0.012180935727650888
0.0009319495160616531
-0.09770072888815415
-0.003128123700339734
0.030329741887078626
0.0041246562985380805
0.10570258529767508
-0.002522628433968263
-0.024260149253473196
0.021433180393494206
-0.009875147602779133
-0.004812327259602622
0.024330309426169677
-0.040494865005198555
0.06580683289602032
-0.0006110346950756324
-0.0018861447549004817
0.14930303944729206
0.010044235484241826
-0.04545232454574308
0.03094021484039522
-0.009507760929277145
-0.049184758581539506
-0.001221873063149359
-0.008946538940483695
-0.006227116636579363
-0.0030957984956115348
0.11226751191210413
0.017540332282985634
0.05103610938073205
0.04995046370433062
-0.11652576640245976
1.1796119636642288e-16
-0.05103610938073205
0.04995046370433101
0.11226751191210282
-0.017540332282985682
0.006227116636579453
-0.003095798495611854
-0.001221873063149026
0.008946538940484444
0.009507760929276701
-0.04918475858153895
-0.04545232454574347
-0.030940214840395386
-0.14930303944729242
0.010044235484241881
-0.0006110346950753132
0.001886144754901009
0.04049486500519822
0.06580683289602128
-0.004812327259603177
-0.024330309426170246
-0.021433180393495038
-0.009875147602779105
-0.0025226284339675553
0.02426014925347325
-0.00412465629853867
0.10570258529767537
-0.0031281237003402407
-0.030329741887078127
-0.0009319495160628744
-0.09770072888815483
0.00891846266059513
0.012180935727650083
-0.1544487739838758
0.10778743583411882
-0.15108687811546737
-0.11139190120642128
-0.007702131303570461
-0.006970853668854526
0.0451508607349424
-0.06236415194033684
0.011867589844321
-0.10278460534642658
-0.03691648055146219
-0.03589200791765007
-0.024745337396693323
0.08318754964844607
0.0696378376318734
0.05015610461596917
0.05019674051052628
0.03794666580414576
0.0193236451872466
-0.02269128425529865
-0.0031996845899003312
0.0803288487675087
0.08728989896453644
-0.02727467429687619
-0.02807826161866389
0.00465141456329532
-0.11301834538172892
-0.06775246245403779
0.025255223201971266
-0.005211235740830711
-0.023384942901834987
-0.05071531973076132
0.039562765449678544
-0.014538539686076601
-0.07770525649858358
-0.02114344786475761
-0.19361631220974684
-0.0007282837005729501
0.15284517069123926
-9.298117831235686e-16
0.193616312209747
-0.0007282837005727072
-0.07770525649858304
0.021143447864758455
-0.03956276544967917
-0.014538539686076934
-0.023384942901835425
0.05071531973076121
-0.025255223201970406
-0.005211235740830822
-0.11301834538172878
0.06775246245403757
0.028078261618664363
0.004651414563295542
0.08728989896453618
0.027274674296875842
0.0031996845899004422
0.0803288487675082
0.019323645187247322
0.022691284255298594
-0.05019674051052564
0.03794666580414527
0.06963783763187278
-0.05015610461596802
0.02474533739669249
0.08318754964844532
-0.03691648055146197
0.03589200791765093
-0.011867589844320348
-0.10278460534642628
0.045150860734941844
0.062364151940337426
0.007702131303571058
-0.006970853668855512
-0.15108687811546762
0.11139190120642256
