59.84078950262542
-9.050880340725825e-15
6.461414184200198
-5.592389595619212
-3.7546332678377006
-1.330272342443554e-15
-6.461414184200172
-5.592389595619246
-3.763602283959491
-0.6852920307992775
-1.1467698157048982
-0.20533037387292158
5.340774224007556
2.414885178588382e-16
1.1467698157049004
-0.2053303738729299
-3.7636022839594983
0.6852920307992846
-0.13541073471222254
2.9986553020411457
0.4389017476262631
-0.847449600087562
0.7172228340423203
1.2235903678510227
-0.8591820809767847
-4.796227588583526e-16
-0.7172228340423233
1.2235903678510183
0.4389017476262635
0.8474496000875615
0.13541073471221232
2.9986553020411537
-1.5509931470488574
0.48763384639246204
0.7556005625137849
-0.6204429215111009
-0.27007946456598775
0.797465107341406
-0.22956891268594326
0.37728057914162844
-3.588082183077911
8.276855157008862e-17
0.22956891268594562
0.37728057914162777
-0.2700794645659877
-0.7974651073414023
-0.7556005625137874
-0.6204429215111007
-1.5509931470488805
-0.48763384639245544
-1.0761715784067682
0.08190121167041264
0.6124555480243787
0.16536962056574117
0.1959588428893726
1.149284349990584
0.1384749038065618
-0.06424508055823995
-1.3620361290317802
1.0611049604899458
0.8500039973032447
5.830341643373501e-16
1.3620361290317804
1.061104960489947
0.13847490380656502
0.06424508055823787
-0.19595884288937826
1.1492843499905847
0.6124555480243786
-0.16536962056574223
1.0761715784067625
0.08190121167041306
0.7346311724793114
0.6456144719349228
0.11607725983772466
0.37595388503101
-1.0191654291952486
-0.046583902566411206
0.08363904629721916
-0.4831906554054062
0.8203630320072659
0.12618058782416594
0.5484914730462939
-0.13940530858472472
-0.4913398960656206
-8.049116928532385e-16
-0.548491473046293
-0.13940530858472475
0.8203630320072668
-0.12618058782416589
-0.08363904629721786
-0.48319065540540673
-1.0191654291952512
0.04658390256640834
-0.11607725983772588
0.3759538850310106
0.7346311724793169
-0.645614471934925
0.44319561713422234
-0.6990625235898004
-0.3048998790234527
0.12010619750706897
-0.47414594872047694
-0.36791020008031705
0.32522115730150497
-0.06552162914692183
0.6595848632516458
-0.1722708673972148
-0.1698830512796729
0.17592355175688534
-0.159690780096426
-0.1845178604515197
0.5703245000036481
-6.106226635438361e-16
0.15969078009642734
-0.1845178604515195
-0.1698830512796745
-0.17592355175688418
-0.6595848632516443
-0.1722708673972135
0.32522115730150586
0.06552162914692342
0.4741459487204771
-0.3679102000803197
-0.3048998790234526
-0.12010619750706765
-0.44319561713422145
-0.6990625235897997
-0.1218068271204786
-0.6392240161593867
-0.27100899006289225
-0.11549068437545965
0.5384316290174662
0.1701017711717731
0.1848767482583713
0.1003312858867265
-0.19928962318162285
0.04126723915248812
-0.40754789667543817
-0.009911743908663173
0.32417315369444355
-0.04796331615940838
0.49602801383523265
-0.1999066327528038
0.4265396415093604
-4.0245584642661925e-16
-0.49602801383523054
-0.19990663275280293
0.3241731536944411
0.04796331615940874
0.40754789667543617
-0.009911743908663895
-0.19928962318162174
-0.041267239152488255
-0.1848767482583735
0.10033128588672771
0.5384316290174678
-0.17010177117177439
0.27100899006289086
-0.11549068437545938
-0.12180682712047808
0.6392240161593864
-0.05660965393347617
0.19195708598251587
-0.007730553389965533
-0.19662961450324223
0.29416576192250304
-0.19549851098981513
-0.1776890470689494
-0.050918150750353136
-0.05725616602930586
-0.09309634240544876
0.013899630546914569
-0.08465438114574603
0.0965600326020673
-0.20396032910884446
0.04128228372652418
-0.025106539529459126
0.4945651465340741
-0.44781167221843643
0.1951435127017389
3.122502256758253e-16
-0.4945651465340756
-0.4478116722184366
0.04128228372652468
0.02510653952946154
-0.09656003260206605
-0.20396032910884437
0.013899630546913885
0.08465438114574617
0.057256166029304056
-0.09309634240544787
-0.17768904706894886
0.05091815075035255
-0.29416576192250243
-0.19549851098981588
-0.007730553389966477
0.19662961450324176
0.05660965393347739
0.1919570859825151
-0.000146668889949908
-0.11225978797362862
0.12365726796838211
-0.12230021200409355
-0.03537279533678783
-0.1221662749188188
-0.1595161800187462
-0.06588925389137486
0.050563479290405985
0.03687200658721468
0.12771600870842265
-0.03321654828727394
0.09080922953729853
0.10777733016431046
-0.037213701068824157
0.14360942083271194
0.07143627906847827
-0.06898243906983978
0.1880471322427059
0.39465034521413295
0.09097054748463057
4.926614671774132e-16
-0.18804713224270614
0.39465034521413195
0.07143627906847821
0.06898243906984095
0.037213701068823296
0.14360942083271305
0.09080922953729731
-0.10777733016431001
-0.12771600870842328
-0.033216548287274605
0.05056347929040546
-0.03687200658721364
0.15951618001874734
-0.06588925389137547
-0.035372795336787444
0.12216627491881826
-0.12365726796838135
-0.12230021200409338
-0.00014666888995018557
0.11225978797362879
-0.0452422270897236
0.04196412917129133
0.09076016348541487
-0.007027733661923774
-0.0634630032546594
0.19249866660319043
0.07915434864497885
-0.08213309193974813
-0.13540182853189803
0.009491762555154923
-0.002980781910467703
-0.05014483227176761
0.20646798700772745
0.020665951825442785
0.11180993346137016
0.0013407680518972565
-0.014970088598460385
0.14038849317546204
0.2451212986187113
0.2165374010675366
0.23388660533381667
0.18791653825384724
0.054716117347949234
0.0
-0.2338866053338175
0.18791653825384658
0.24512129861871096
-0.21653740106753633
0.014970088598460607
0.14038849317546157
0.11180993346137036
-0.001340768051898318
-0.2064679870077275
0.02066595182544341
-0.002980781910468522
0.05014483227176812
0.13540182853189725
0.00949176255515477
0.0791543486449802
0.08213309193974694
0.0634630032546589
0.19249866660318957
0.09076016348541507
0.0070277336619234965
0.04524222708972342
0.041964129171290554
0.04145861234629483
0.4177473106673125
0.0291418008287867
0.01795566295804412
-0.03805861880497821
-0.10107923906093833
0.1251604007181619
-0.06312790881342023
0.01679597843079153
0.020105907205548362
-0.010300686597234626
0.04252243202980635
0.03141841977666934
-0.05748271335949411
0.006420072949148731
0.04789718751567218
0.31260877301969425
0.24211671445305086
0.20589943936299138
0.1349981208825747
0.048052409449646255
0.1266782662476993
-0.1339386135938801
0.14275060260191244
0.24599527063403595
-8.326672684688674e-17
0.1339386135938807
0.14275060260191116
0.04805240944964631
-0.1266782662476991
-0.2058994393629903
0.13499812088257396
0.31260877301969414
-0.2421167144530505
-0.006420072949147933
0.04789718751567393
0.03141841977666926
0.057482713359493
0.010300686597233641
0.04252243202980756
0.01679597843079067
-0.020105907205547446
-0.12516040071816123
-0.06312790881342062
-0.038058618804976935
0.10107923906093774
-0.02914180082878675
0.017955662958044766
0.04145861234629461
-0.4177473106673133
0.18759473947563632
0.01397940340891643
0.01413807398619228
-0.008063770657152566
-0.023720988450680033
0.032726074512189784
0.017096098183332964
0.00630959938246517
0.08877686791639557
0.07777023452006142
0.02948203654580156
0.033185203082567505
-0.11753189215576842
0.11652808448379984
-0.015271621661366377
0.04048635226809516
0.2134397962401398
0.23171819662453436
0.034826731552144885
-0.08299320007651553
0.03623032678270299
0.16097288100140247
0.14402280406979104
0.05596047348212421
0.04122442179477709
0.2697523034036938
0.2332518955786464
7.91033905045424e-16
-0.04122442179477703
0.26975230340369427
0.1440228040697914
-0.05596047348212416
-0.03623032678270355
0.1609728810014025
0.03482673155214483
0.08299320007651581
-0.21343979624014026
0.23171819662453552
-0.015271621661365906
-0.04048635226809458
0.11753189215576922
0.1165280844837995
0.029482036545800398
-0.03318520308256853
-0.08877686791639534
0.07777023452006226
0.017096098183332492
-0.00630959938246578
0.02372098845067952
0.032726074512188924
0.014138073986191893
0.008063770657152053
-0.18759473947563593
0.013979403408916208
0.006057796714573405
-0.14722431270929143
0.023990445218445816
0.018719091166329235
-0.022781150673403083
0.3221851710688044
-0.012717060626354075
-0.05871632712200949
0.04433724452119478
-0.06770382426649807
-0.005846651104225109
-0.0334162782379388
0.07237824522420588
0.1568118139683118
0.07307664225746634
-0.03970748643936606
0.038043284342080486
0.09127319955738969
-0.002483587354221495
-0.10255053360329854
0.19630472763182616
0.12429314520561341
0.3127088185647574
0.06947514496365445
0.02191187754740695
0.13368547182177165
0.01629121092258512
-0.003190674377861899
0.2670906060900596
-1.249000902703301e-16
-0.01629121092258634
-0.003190674377861469
0.02191187754740681
-0.13368547182177126
-0.31270881856475746
0.06947514496365492
0.19630472763182583
-0.12429314520561363
0.0024835873542213005
-0.10255053360329866
0.038043284342080486
-0.09127319955738933
-0.07307664225746624
-0.03970748643936567
0.07237824522420633
-0.15681181396831262
0.005846651104224401
-0.03341627823793851
0.044337244521195585
0.0677038242664979
0.012717060626353985
-0.05871632712200975
-0.022781150673403167
-0.3221851710688046
-0.023990445218446482
0.0187190911663297
0.0060577967145725164
0.14722431270929096
-0.19067009244446614
0.0305554134916744
-0.022444393049223216
0.0701810382570563
0.03966170881545916
-0.0007011238570818756
0.07873867436844319
-0.09799779291818225
0.001107173323979256
0.08613555430165233
-0.012379310049273465
-0.05824161607572276
0.07715863407066323
0.10150471579664848
0.004111992275186799
-0.06469546160238139
-0.03210243194836815
0.0847170575624416
0.08686109834150699
0.03453844526563648
-0.016420554005036336
0.1434034498768564
0.02544294059924881
0.11960781986283255
0.08552959157434278
0.0029110344270290023
-0.10261576537443978
0.05167079213095918
-0.04013513366573168
-0.01842044988606984
-0.12470402118841006
-5.273559366969494e-16
0.040135133665731626
-0.01842044988607
-0.1026157653744395
-0.05167079213095904
-0.08552959157434278
0.002911034427030057
0.0254429405992488
-0.11960781986283239
0.01642055400503606
0.14340344987685655
0.08686109834150738
-0.03453844526563636
0.03210243194836773
0.08471705756244319
0.0041119922751866045
0.06469546160238246
-0.07715863407066331
0.10150471579664776
-0.012379310049274651
0.05824161607572262
-0.0011071733239783471
0.08613555430165312
0.07873867436844281
0.09799779291818211
-0.039661708815459606
-0.0007011238570820422
-0.022444393049223632
-0.070181038257057
0.19067009244446625
0.03055541349167465
-0.015537717154290892
-0.032606516831325094
-0.06186063533046342
0.025610769509282844
-0.022391893609643332
-0.16108713320641366
0.07927570865401931
0.03160457015699033
-0.11430835112366834
0.23900944237453975
0.09317541288206363
-0.0536564564977305
-0.0955281586540428
-0.014373993795570972
-0.038714337591298775
-0.02554583938434532
0.0015072827738356054
0.017983931775272466
0.18032303023170637
0.027310197561357018
-0.03337240405607185
0.04123065026989828
-0.014852350768911421
0.08684360635235451
0.07090528203099154
-0.05613033786719094
0.024921053224541037
0.07475499073759137
-0.009505230318584176
-0.0336295238103943
0.046380841210065006
-0.004928010842350755
0.14680388019073032
7.771561172376096e-16
-0.04638084121006476
-0.0049280108423509356
-0.009505230318583288
0.033629523810393636
-0.024921053224541162
0.07475499073759186
0.0709052820309915
0.05613033786719135
0.014852350768910866
0.08684360635235522
-0.03337240405607217
-0.04123065026989903
-0.1803230302317067
0.027310197561356747
0.0015072827738356054
-0.017983931775272854
0.038714337591298276
-0.025545839384344973
-0.09552815865404282
0.014373993795570111
-0.0931754128820633
-0.05365645649773185
-0.11430835112366838
-0.23900944237453792
-0.07927570865401887
0.03160457015698893
-0.022391893609643804
0.16108713320641443
0.061860635330463654
0.025610769509283274
-0.015537717154290573
0.03260651683132493
-0.08721722176199785
-0.03778591475129678
-0.10668959554999963
-0.06007655268857356
-0.012493662354147485
-0.01196273517483798
0.039834123574421176
0.23245161685982021
-0.18170059338886121
-0.07638452555869668
0.13883135281261724
-0.12368454997039553
0.035652328204974604
0.04091835024457241
-0.01786118052154808
0.11357173557521566
-0.078308040514805
-0.06826378827518109
-0.04252738391405638
0.01792110910222497
0.18892455760336782
-0.032796695835033196
0.0023936056128339434
0.09220178563204721
0.04289813901749881
0.040884554857343894
-0.03626920605541201
0.14629175520734905
0.164864946854727
0.030154495057880537
0.054497582116605214
0.034889767316217804
0.04012360263749437
0.11558028358653089
0.1070516693120419
2.0122792321330962e-16
-0.04012360263749497
0.11558028358653132
0.05449758211660538
-0.03488976731621843
-0.1648649468547264
0.030154495057880704
-0.03626920605541252
-0.14629175520734983
-0.04289813901749809
0.04088455485734346
0.0023936056128342
-0.09220178563204721
-0.18892455760336724
-0.03279669583503317
-0.042527383914056555
-0.017921109102224816
0.07830804051480594
-0.06826378827518133
-0.017861180521547892
-0.11357173557521552
-0.03565232820497444
0.04091835024457238
0.13883135281261771
0.12368454997039677
0.1817005933888623
-0.07638452555869618
0.039834123574421954
-0.2324516168598214
0.012493662354147367
-0.011962735174837869
-0.10668959554999971
0.06007655268857366
0.0872172217619978
-0.03778591475129556
-0.12808920812378502
0.16138021707280398
0.0399775014817708
-0.10919383386019452
0.07823495056029893
0.019935121980963866
-0.16877529004167063
0.08158377656417569
-0.03500884266000196
-0.18437196235440803
0.06503232856465421
0.13386185158182667
-0.09316655796027998
-0.010317521888992043
-0.04904405905655278
-0.016304828277124123
0.010391731600298104
-0.022324292368658585
-0.04134421028825638
0.04231269990846552
0.08653113101134344
-0.0039038144677825404
-0.18278575719583806
0.06567529939149236
-0.004896259646346525
0.12375458643257907
0.07645157634587957
0.01184191593151894
0.08633358690152032
0.07131414521499178
-0.02495440099624993
0.06757905543147275
-0.13509215222544008
0.10621661942520949
0.09233002803101538
0.18709379906679763
0.035154192796251704
-4.163336342344337e-16
-0.09233002803101578
0.1870937990667976
-0.13509215222543985
-0.10621661942520991
0.024954400996250403
0.06757905543147247
0.08633358690152032
-0.07131414521499167
-0.07645157634587829
0.011841915931518808
-0.0048962596463467956
-0.12375458643257865
0.1827857571958369
0.06567529939149297
0.08653113101134413
0.0039038144677829706
0.04134421028825641
0.04231269990846476
0.010391731600297438
0.022324292368659432
0.049044059056552874
-0.01630482827712393
-0.0931665579602797
0.010317521888991057
-0.06503232856465552
0.13386185158182634
-0.0350088426600028
0.18437196235440884
0.16877529004167105
0.0815837765641762
0.07823495056029937
-0.019935121980963977
-0.03997750148177093
-0.10919383386019416
-0.12808920812378544
-0.16138021707280328
