49.47256744851108
-5.370962999549993e-16
2.023590001916677
0.9608632781740059
-4.580934563603218
1.7195005092750593e-16
-2.0235900019166957
0.9608632781740056
-6.39992102493395
-0.7845609737364253
-0.2121822803623329
-1.7545692547649372
-1.4101562659948208
1.5502195663749083e-15
0.21218228036232734
-1.7545692547649285
-6.399921024933959
0.7845609737364291
0.36865393865059426
-1.6121938170455932
2.365102533247184
1.0093553665364532
-1.4879774367707685
0.7038364825433238
-0.6790159480418823
6.752959818034327e-16
1.4879774367707668
0.7038364825433223
2.3651025332471862
-1.0093553665364592
-0.3686539386505899
-1.6121938170455918
0.1095951130293985
0.2141413963919948
-0.5133458229717706
0.34376020249696404
-0.021230967613902862
0.17688802397036932
-0.26506281287164923
-0.3250210885839301
-2.20036479889721
-9.058112513759265e-16
0.26506281287165323
-0.32502108858393114
-0.021230967613901808
-0.17688802397036701
0.5133458229717606
0.34376020249696554
0.10959511302941327
-0.21414139639199908
-0.7317081386122477
0.02528239806224574
-0.2038525390598599
-0.5546044538671154
0.9144104355242678
-0.2950455768027191
0.8907679239193238
0.5457842828410069
-0.2780897193740757
-0.5505523699999433
1.2802000689317468
1.1551281911495721e-15
0.27808971937407134
-0.5505523699999426
0.8907679239193246
-0.5457842828410064
-0.9144104355242693
-0.29504557680271964
-0.20385253905985817
0.5546044538671109
0.7317081386122483
0.025282398062243333
1.2245333440735453
-0.3477390467233221
0.7080210431108993
-0.2451161056972995
-0.12198307396076025
0.6915396964881909
-0.3250204827827482
-0.07143757197625009
1.284561819044965
-0.46518261872165856
0.1363244322539245
-0.10944440748794972
-0.6593220007405411
2.914335439641036e-16
-0.13632443225392327
-0.1094444074879515
1.2845618190449672
0.4651826187216581
0.3250204827827494
-0.0714375719762486
-0.12198307396076113
-0.69153969648819
-0.7080210431109007
-0.24511610569729916
1.2245333440735493
0.3477390467233224
0.8780924139150396
0.08003564695550618
0.04279410276243695
0.30227216073427626
-0.3382792119014057
0.24179148650848487
0.023354697450019807
-0.317952650208035
0.4311736785766727
-0.46197284265102423
-0.28037148469056083
0.37796098645560366
-0.2903933429854787
0.6206802098201494
0.22811546908880864
9.922618282587337e-16
0.2903933429854793
0.6206802098201514
-0.28037148469056145
-0.37796098645560494
-0.43117367857667255
-0.4619728426510259
0.023354697450020473
0.317952650208036
0.33827921190140653
0.24179148650848614
0.04279410276243717
-0.30227216073427565
-0.8780924139150416
0.08003564695550677
-0.3240534207584468
0.15272878659339725
-0.3842588997934031
0.05825427364022892
0.40029768370647667
-0.4212498915781232
0.44506186496482963
-0.02367268594529834
-0.07110951219938982
0.1978554727079879
-0.6005581566267644
-0.15391934510493166
-0.20144586671555165
0.21835567247669127
0.1843183356169723
0.162795267621932
0.663923741766489
3.148523108897905e-16
-0.18431833561697195
0.16279526762193225
-0.20144586671555115
-0.21835567247669085
0.6005581566267639
-0.1539193451049325
-0.07110951219938799
-0.19785547270798848
-0.4450618649648292
-0.02367268594529706
0.40029768370647656
0.4212498915781224
0.38425889979340244
0.058254273640228504
-0.32405342075844745
-0.152728786593398
-0.255453681382508
-0.25148718015657
0.16666561558692733
-0.3664557284618567
0.22815863263819022
-0.09507508996585683
-0.10739884796029503
0.06926496428844403
-0.19102104075998327
-0.07990414892873465
0.02074061072813954
-0.2676289891769586
-0.047635713277382696
0.0020083357269266022
-0.07528891165951067
-0.14275747512723286
0.7626237039494241
-0.514017525253622
-0.5496371517561116
3.122502256758253e-16
-0.7626237039494245
-0.5140175252536241
-0.07528891165950949
0.14275747512723252
0.04763571327738236
0.0020083357269274904
0.020740610728140957
0.2676289891769589
0.1910210407599826
-0.07990414892873565
-0.10739884796029432
-0.0692649642884439
-0.2281586326381893
-0.09507508996585612
0.16666561558692725
0.36645572846185753
0.25545368138250635
-0.251487180156569
0.19877419025162224
-0.2741576722009667
0.26721202297123325
-0.011459697609094384
-0.14447974456159207
0.25670597796464617
-0.2279882484488599
-0.03171981830014406
-0.08802465712104196
-0.26349248985879903
0.2501319055758539
0.09876954050853365
0.005217582126532977
0.28300441996158143
-0.08178196256713158
-0.12959760992570213
-0.11344041529648763
-0.32695694827802696
-0.023696973907188612
-0.015176893922114201
-0.7324407755762217
7.355227538141662e-16
0.023696973907188112
-0.01517689392211427
-0.11344041529648646
0.3269569482780259
0.08178196256713198
-0.12959760992570238
0.005217582126533865
-0.2830044199615818
-0.2501319055758528
0.09876954050853375
-0.08802465712104227
0.2634924898587993
0.22798824844885915
-0.031719818300143865
-0.14447974456159263
-0.2567059779646467
-0.26721202297123325
-0.011459697609092712
0.19877419025162235
0.2741576722009656
0.01719534823658913
0.006820081302454492
0.008076859730395111
0.2269140779511633
-0.24221094223738937
-0.05188467519258652
0.22763117952931483
-0.16044661996769158
0.08514160803961837
0.009262312115311533
0.08288964699693102
0.10967954291731344
-0.04152611409661111
0.07872231654008184
0.1480791859992751
0.05297165050364264
-0.25308210130984926
-0.07409416729370652
0.5434849745607921
-0.10073374617781833
-0.1679527361807702
0.39065138991771375
0.3422493826319538
5.724587470723463e-16
0.1679527361807703
0.39065138991771375
0.5434849745607913
0.10073374617781837
0.2530821013098492
-0.07409416729370702
0.14807918599927558
-0.052971650503641776
0.04152611409661111
0.0787223165400815
0.08288964699693163
-0.1096795429173143
-0.08514160803961865
0.009262312115311228
0.22763117952931522
0.1604466199676914
0.24221094223738934
-0.05188467519258738
0.008076859730395514
-0.22691407795116303
-0.017195348236590455
0.00682008130245507
0.2583263217167847
0.08933071438851033
-0.12993417314721184
-0.0757602294174867
-0.054942175390995676
-0.15981382060061555
0.14721793639317166
-0.029776606318697496
0.30390293280301767
0.03934716456835828
-0.241021419356745
0.06142132878066503
-0.039075817303586224
-0.21582221971646204
-0.15386199714387513
0.11081744527223591
0.10783886355336131
-0.07743040699973616
0.02814757424933341
0.15233094369992226
-0.07604114977693316
0.10685327150527507
-0.06252775941950456
0.0762905247533763
0.46485129767808747
-8.326672684688674e-17
0.06252775941950528
0.0762905247533757
-0.07604114977693394
-0.10685327150527452
-0.028147574249334284
0.15233094369992162
0.10783886355336114
0.07743040699973616
0.15386199714387594
0.11081744527223569
-0.039075817303585614
0.21582221971646237
0.24102141935674593
0.061421328780665196
0.30390293280301856
-0.039347164568358156
-0.14721793639317204
-0.029776606318696996
-0.05494217539099565
0.15981382060061539
0.12993417314721242
-0.07576022941748545
0.25832632171678704
-0.08933071438851045
0.2938382929735148
0.1727987976613577
0.01336665123564705
-0.07253474510682795
-0.013202042286923288
0.13516907337422424
0.019070092210350248
0.07790709993101469
0.013642768554718132
-0.05603876833152319
0.02001819265831023
-0.09522053494590607
-0.14073068014110723
0.012646391650059374
0.1843166997455058
-0.08703548027139846
0.029155492574558323
-0.0006032101664842915
-0.03931605631851784
0.03932129660804844
0.07895354543834524
0.0686718288647141
-0.07377706431648967
-0.01826726224601405
0.2034276184897265
-0.2769324200998034
0.05946528045916333
4.3021142204224816e-16
-0.2034276184897255
-0.2769324200998047
-0.07377706431648895
0.01826726224601495
-0.07895354543834457
0.06867182886471357
-0.03931605631851787
-0.039321296608048284
-0.02915549257455831
-0.0006032101664846523
0.18431669974550477
0.08703548027139923
0.14073068014110723
0.012646391650058375
0.020018192658311174
0.09522053494590568
-0.013642768554718243
-0.056038768331522854
0.019070092210350817
-0.07790709993101547
0.013202042286924315
0.13516907337422374
0.01336665123564626
0.07253474510682811
-0.2938382929735163
0.17279879766135864
-0.0818480706721631
0.06467091112456894
0.020764464555904055
0.04868196872623054
0.0834091928343816
0.05273115790720906
0.0021820438598425113
-0.06580746582077736
0.032407316444356765
-0.08271903375903028
0.04510772486396314
-0.0375451041787747
0.03110637080706946
0.1758008358724404
0.00030291923947103894
0.04996022121010868
0.07206020149937101
0.05601619902628807
-0.0902065344742176
-0.037783055910231705
0.10687860829282193
0.02416539017138042
-0.12176594022408366
0.0179229262606036
-0.17512861721370412
-0.07369326671208692
0.10202209262207633
-0.06384185974125525
-0.20804404854177408
2.671474153004283e-16
-0.1020220926220754
-0.06384185974125545
-0.17512861721370412
0.07369326671208698
0.12176594022408532
0.017922926260602906
0.10687860829282148
-0.024165390171381224
0.09020653447421795
-0.03778305591023137
0.07206020149937081
-0.056016199026288
-0.00030291923947178834
0.04996022121010829
0.031106370807069766
-0.17580083587244005
-0.045107724863963666
-0.03754510417877488
0.03240731644435703
0.08271903375903031
-0.002182043859841845
-0.06580746582077737
0.08340919283438207
-0.05273115790720889
-0.020764464555904277
0.048681968726232316
-0.0818480706721617
-0.06467091112456903
-0.041535676455412396
-0.030793710648117895
0.01530158226022324
-0.007140814302231513
0.04213175921790001
-0.07490609432021872
-0.026629669827000838
-0.04645277917394741
0.038459431217679585
-0.02688375898382639
-0.004221345714084647
0.07440887818815001
-0.08619736313993123
0.015096426470447233
-0.12346827134793364
0.030930215971393824
-0.014739640312879707
0.04872363612959295
0.044639940932693176
-0.08886867328360504
0.05141704757044184
0.020616481452170494
0.04676448601801403
0.058055224978936254
-0.09113232904330223
-0.044417866891579165
-0.19107207078780555
-0.003923511061108231
-0.00685171091975878
0.11818673308986469
-0.027929430322771676
6.210310043996969e-16
0.006851710919759141
0.11818673308986438
-0.19107207078780566
0.003923511061108359
0.09113232904330312
-0.04441786689157837
0.04676448601801379
-0.058055224978935505
-0.05141704757044163
0.02061648145216941
0.04463994093269341
0.08886867328360604
0.01473964031287961
0.04872363612959388
-0.12346827134793405
-0.030930215971393338
0.08619736313993126
0.01509642647044751
-0.004221345714085278
-0.07440887818815006
-0.03845943121767976
-0.02688375898382611
-0.026629669826999852
0.046452779173946426
-0.04213175921789902
-0.07490609432021936
0.015301582260223268
0.007140814302232137
0.04153567645541148
-0.0307937106481182
0.18292384127943612
-0.03912551802442056
-0.012174227216338311
0.08829273958593728
-0.2076655501603889
-0.0009760331072547271
-0.0698482139211066
0.026711984260889665
-0.0069400751967728935
-0.0088792017396368
0.03496138986801002
0.004462850530562723
-0.04939070996511641
-0.025473767673042602
-0.042288232463398745
-0.057551569785736834
0.05801902228704456
-0.03539907688341039
-0.042200896554134705
0.07476339977253296
-0.05749250795749186
-0.06209473144242818
0.02084041064754777
-0.03905665806436867
-0.02034494971351341
0.0372113263485756
-0.12957359610650343
0.1083582068076101
-0.007711926796451496
0.05290591828011097
0.0650651433210486
0.07777758557688844
0.026677560202253647
-3.7470027081099033e-16
-0.06506514332104818
0.07777758557688844
-0.0077119267964515514
-0.052905918280110126
0.12957359610650343
0.10835820680760891
-0.0203449497135135
-0.03721132634857577
-0.020840410647548102
-0.03905665806436939
-0.05749250795749239
0.06209473144242872
0.04220089655413324
0.07476339977253307
0.05801902228704478
0.03539907688341047
0.042288232463399245
-0.057551569785736695
-0.0493907099651158
0.025473767673043143
-0.034961389868010534
0.004462850530562418
-0.0069400751967729005
0.008879201739636439
0.06984821392110702
0.02671198426088968
-0.2076655501603898
0.0009760331072552753
0.012174227216338075
0.08829273958593781
0.18292384127943553
0.03912551802442055
-0.07279199806557284
0.15172466257699363
-0.07710687463972474
-0.007743657256713332
-0.03928679174103922
-0.07403771132582214
0.09850514596765392
-0.025358781536624186
0.010486801752780606
0.11940236012494414
-0.09765584226650212
-0.02698479952583066
0.0930811278193202
0.01091738891396013
0.06139953720653446
-0.015004422573068471
-0.005253398540869564
0.06172520026681377
-0.04719247431704046
0.02412216791520634
-0.05480211370720921
-0.07677115939818091
-0.022693550002128735
-0.08388126959020875
0.033680721840758154
0.15603423670230487
0.08978727309110399
0.0015545359909903689
0.17601326114070412
-0.042130542657715625
0.023220660580698493
-0.001970472517666494
-0.0019030661734230625
-0.100662589780257
0.20191124623479495
-1.8561541192951836e-16
0.0019030661734226184
-0.10066258978025644
0.02322066058069877
0.001970472517667049
-0.17601326114070398
-0.04213054265771567
0.08978727309110368
-0.0015545359909900636
-0.03368072184075813
0.1560342367023047
-0.022693550002127673
0.08388126959020933
0.054802113707208694
-0.07677115939818033
-0.04719247431704009
-0.02412216791520678
0.005253398540869864
0.06172520026681311
0.06139953720653424
0.015004422573068277
-0.09308112781932013
0.010917388913959825
-0.09765584226650253
0.026984799525830466
-0.010486801752781535
0.11940236012494498
0.09850514596765458
0.0253587815366242
0.03928679174103948
-0.07403771132582197
-0.07710687463972501
0.0077436572567138595
0.0727919980655717
0.1517246625769935
-0.023219124342944708
0.004469823698621797
0.028470347947482474
-0.08776024616991943
-0.00902346722390757
0.01995146099497499
-0.02956431789056554
0.12622420318112285
-0.03686368782495672
-0.0062865568940192185
-0.005292190714024564
-0.056405094312259985
0.06827886156528601
0.009184759956348687
-0.053343571237503884
0.14352120778244454
-0.12930799859273578
-0.06882739989000358
0.13011987137009534
-0.08470534747729888
0.05782141858984871
0.07985093791108926
-0.1476294873241531
0.19863415730952122
-0.19089700314819316
0.0009641917402850239
0.07010870553119318
-0.08121729075186881
0.11106710431699249
-0.019498885499891528
0.012627094134295233
0.070590640683529
-0.2177576532519444
0.012807849150713646
0.025483146421066555
0.06373374145074678
0.11228521117646961
3.2612801348363973e-16
-0.025483146421065667
0.06373374145074745
-0.2177576532519458
-0.012807849150714451
-0.012627094134294956
0.0705906406835283
0.11106710431699346
0.0194988854998919
-0.0701087055311937
-0.08121729075186891
-0.19089700314819302
-0.0009641917402849406
0.14762948732415285
0.19863415730952108
0.0578214185898481
-0.07985093791108874
-0.1301198713700955
-0.08470534747729941
-0.12930799859273512
0.06882739989000321
0.053343571237504245
0.14352120778244482
0.06827886156528554
-0.009184759956348695
0.0052921907140241545
-0.05640509431226025
-0.036863687824956456
0.006286556894018899
0.02956431789056515
0.1262242031811226
-0.00902346722390827
-0.019951460994974978
-0.028470347947482558
-0.08776024616991984
-0.02321912434294371
-0.004469823698621325
