55.05537944180129
-5.719178609135451e-16
1.3866682727506774
-1.5575752145127428
-2.677887949061896
4.1551324384485276e-16
-1.386668272750672
-1.557575214512757
-3.6025011363470285
-0.27936525540935475
-0.08594073698416664
-0.07535803215043692
-6.41478207859422
1.6061079145374038e-15
0.0859407369841674
-0.07535803215043618
-3.602501136347053
0.2793652554093485
0.3657633396344659
0.8056251984095848
0.49735458547389977
0.1384040101939719
-0.5640723555925052
0.7927962440439654
0.31941271585819014
1.8518821198117613e-16
0.5640723555925051
0.7927962440439656
0.4973545854738977
-0.13840401019397336
-0.36576333963445473
0.80562519840958
-2.0831518479301736
0.29147440401244346
-0.19019332724262938
0.07826396004598397
0.9185182243885254
0.10437658846542157
-0.06322866646033704
0.08497922830210568
-2.881805089665631
8.159062828350172e-16
0.06322866646033487
0.08497922830210329
0.9185182243885256
-0.10437658846542099
0.19019332724262722
0.0782639600459856
-2.0831518479301745
-0.2914744040124331
-0.6525866290208153
0.16044224399523507
0.06469419678162751
-0.21563657246464735
0.11410735090475568
-0.18032454437697226
-0.17924685862906659
-0.11479050544686598
-0.1617589743172519
-0.20700079584758427
0.9247279917127502
-1.3607892606102623e-16
0.16175897431725125
-0.20700079584758613
-0.17924685862906237
0.11479050544686653
-0.11410735090475571
-0.1803245443769717
0.06469419678163035
0.21563657246464862
0.652586629020824
0.16044224399523557
1.1163754351727664
-0.06372502360530888
0.24890649015019647
-0.05749092281092691
0.02062786400179552
-0.00150523403286823
0.09642489025930245
-0.14549988858827897
0.5944930842342228
0.046684983484168385
0.10530969185889268
-0.2658948084658463
2.5410071949887674
3.608224830031759e-16
-0.10530969185889236
-0.26589480846584546
0.5944930842342226
-0.04668498348416758
-0.09642489025930218
-0.14549988858827917
0.02062786400179551
0.0015052340328679803
-0.24890649015019664
-0.05749092281092591
1.1163754351727653
0.06372502360530846
0.18963936630749512
-0.4432356006209904
-0.10881863547547094
0.1676631832040429
-0.008822886950751216
-0.06978467270455267
0.15036126667214356
0.1436739443248603
-0.17616643094086346
-0.12107661830835889
-0.06590419874102726
0.07841539230637291
0.23708181382835758
-0.2752037414961106
-0.17214572436454229
-6.106226635438361e-16
-0.23708181382835863
-0.27520374149611204
-0.06590419874102726
-0.07841539230637325
0.17616643094086415
-0.12107661830835972
0.15036126667214256
-0.14367394432486086
0.00882288695075159
-0.06978467270455262
-0.10881863547547047
-0.16766318320404264
-0.18963936630749575
-0.44323560062099
0.21794684388504315
-0.06587824747483872
-0.13632554640690842
-0.004432840404879346
-0.019311451461199808
-0.06149749820810696
-0.09072531145397146
0.022947024112475192
0.40039017465995985
-0.09074479607879127
-0.06993159990942732
0.08806115374503055
-0.6135588292726823
-0.07223747086854237
-0.09571147222770186
0.13766440810177888
-0.18665316807993915
-1.3877787807814457e-17
0.09571147222770199
0.1376644081017787
-0.6135588292726828
0.07223747086854303
0.06993159990942652
0.08806115374503092
0.4003901746599608
0.0907447960787911
0.090725311453972
0.022947024112475067
-0.01931145146120078
0.06149749820810747
0.13632554640690803
-0.004432840404879068
0.2179468438850436
0.06587824747483918
0.1824832510271012
0.10468636754844551
0.03676014384612763
-0.061114391924151246
0.0026250845335751283
0.002345580747199455
-0.029428056507192938
-0.07020792236049583
0.21367227853283285
-0.022643775874787955
-0.13905064515221666
-0.02136766050405828
-0.015354658203128035
0.07344238349945935
0.18596391508940158
0.005118412467019828
-0.013935542308287974
0.16551803724871417
-0.24906934510360318
-3.3306690738754696e-16
0.013935542308287807
0.165518037248715
0.18596391508940124
-0.005118412467020189
0.01535465820312739
0.07344238349945871
-0.13905064515221557
0.021367660504058306
-0.21367227853283308
-0.022643775874787553
-0.029428056507192605
0.0702079223604953
-0.002625084533574795
0.0023455807471993995
0.03676014384612755
0.0611143919241503
-0.18248325102710014
0.10468636754844535
-0.4424930907059836
-0.02381090738048673
0.01156188292035673
0.02720007069931807
0.07428246762955028
0.03629920306769172
0.03761086679458431
0.0529239701170412
-0.2708437541929287
0.05687839327894412
-0.03312839146479818
0.021842307869044154
-0.11476814891243793
0.09998879946910431
0.02476210188927297
-0.05874521938092757
0.15766823939714883
0.06748781284584036
-0.008998982527821886
-0.08995125331479494
-0.5812816766508673
1.1102230246251565e-16
0.008998982527821248
-0.08995125331479446
0.15766823939714802
-0.06748781284584068
-0.024762101889273386
-0.058745219380928415
-0.11476814891243847
-0.0999887994691039
0.03312839146479844
0.021842307869044272
-0.2708437541929284
-0.05687839327894408
-0.03761086679458426
0.05292397011704181
0.07428246762955011
-0.03629920306769169
-0.011561882920356696
0.027200070699317846
-0.4424930907059826
0.023810907380485913
-0.134228798362627
0.2014265067739029
0.027575337057939624
0.0020375828931650797
0.023508091000440046
0.02991112413842982
-0.0548303536581939
0.00859625806870376
-0.07611779223586093
0.0930793589552097
0.07783310925049655
0.0012704163030704749
-0.12097025743639253
0.06583255961821113
-0.0250862431273538
-0.007038620355700187
0.04439552003781115
-0.004262610793014203
0.09321297472541473
-0.021875903628480367
-0.10127764072703334
-0.007570818331429072
0.2964895907805676
-1.1796119636642288e-15
0.10127764072703324
-0.007570818331429474
0.0932129747254149
0.021875903628480187
-0.04439552003781111
-0.004262610793013447
-0.025086243127353768
0.007038620355700173
0.12097025743639245
0.06583255961821094
0.07783310925049666
-0.001270416303069899
0.07611779223586138
0.09307935895521008
-0.054830353658193595
-0.008596258068703982
-0.02350809100044096
0.029911124138429307
0.027575337057938944
-0.002037582893165059
0.13422879836262686
0.20142650677390228
0.10097250612936957
0.12984547128591056
0.016649524626105333
0.011758500969483027
-0.09402722641653187
-0.017198092824825234
-0.008972517074966456
-0.027308664635273816
-0.0190015540468787
0.0021582483414380738
0.03604298238473836
-0.04404571166819643
0.12801790881660038
-0.016378504375918146
0.02328866745537285
-0.03777728865758999
-0.14082617819227386
-0.018814951147961813
-0.038078172683985376
-0.0604386742207412
0.26289481246489294
-0.026287182276988647
0.11065411054098442
-0.06460258558298793
0.32678963291535823
1.1102230246251565e-16
-0.11065411054098388
-0.06460258558298773
0.26289481246489327
0.026287182276989104
0.038078172683984966
-0.06043867422074037
-0.14082617819227447
0.01881495114796152
-0.023288667455372628
-0.037777288657590266
0.1280179088166002
0.016378504375917716
-0.036042982384737916
-0.044045711668196784
-0.019001554046878255
-0.00215824834143806
0.008972517074966734
-0.02730866463527365
-0.09402722641653141
0.017198092824825068
-0.016649524626105167
0.01175850096948275
0.10097250612936963
-0.1298454712859101
-0.08091945383794918
-0.1280189726410711
-0.06297634302419315
-0.0145060306552095
-0.0056668464362251425
0.02524825641545652
0.04113310808695714
0.017201382599579852
-0.04399173266005191
-0.008868606456614386
-0.0008552813328399494
0.0021781647377314625
0.06759864140684993
-0.03464902027862854
-0.01135784514977578
0.011120395809868469
-0.04263363470521514
-0.041506553898009
0.11216203317650672
0.020001299350940943
-0.0035795341311017637
-0.10249999048158792
-0.16892964885131243
-0.006976953816243275
0.09862922153618706
-0.14779918171384582
-0.08972373936850425
1.5265566588595902e-16
-0.09862922153618625
-0.14779918171384626
-0.1689296488513129
0.006976953816243359
0.0035795341311023812
-0.10249999048158762
0.11216203317650696
-0.02000129935094079
0.04263363470521525
-0.04150655389800875
-0.011357845149775121
-0.011120395809868459
-0.06759864140685055
-0.034649020278628304
-0.0008552813328399217
-0.0021781647377310046
0.0439917326600522
-0.008868606456614428
0.04113310808695605
-0.01720138259957997
0.005666846436224754
0.02524825641545686
-0.06297634302419279
0.014506030655209445
0.08091945383794943
-0.12801897264107132
0.10588557740912276
-0.07514387151624613
0.029371261466987153
-0.05729843176381459
0.021011132442469743
0.038323476425827396
-0.0021466202895410458
-0.02379278852193953
0.08756508000805951
-0.0014969337410541336
0.0014175910189094688
0.0007237148833207085
-0.05257367301018662
-0.017323036040553567
-0.024943693907367854
0.005304747886261625
0.07485586610371271
-0.0017976635131377594
0.044409163521098693
0.012123268050235714
0.1328608364946287
9.48295199218463e-05
-0.03139719680116788
0.05405957960998785
-0.17545268909888134
-0.019394717885565044
0.006154802047096661
0.11796199477266398
0.005312208915291827
1.942890293094024e-16
-0.00615480204709716
0.11796199477266396
-0.17545268909888065
0.019394717885565516
0.03139719680116839
0.054059579609988015
0.13286083649462843
-9.48295199211524e-05
-0.044409163521098693
0.012123268050236422
0.07485586610371235
0.0017976635131383423
0.024943693907367635
0.005304747886261799
-0.05257367301018648
0.017323036040553103
-0.0014175910189100204
0.0007237148833203338
0.08756508000805996
0.0014969337410538214
0.0021466202895409764
-0.023792788521940056
0.021011132442469493
-0.03832347642582799
-0.029371261466987333
-0.05729843176381426
0.10588557740912352
0.07514387151624666
0.15493978753703427
-0.10061595016980454
0.05985665200867858
0.04609580798959555
-0.050715295508268476
-0.034421337112239755
0.0006316073081024665
-0.020798132796024292
0.05771808142036587
-0.053693797976797325
-0.02066818768979832
-0.0032278204557903423
-0.011576692647837672
-0.020509342162946677
0.04549957904227024
5.182751657938946e-05
0.0009807241530201613
-0.02428819385603316
-0.08675871374646764
0.006221618419940483
0.08461268730587627
-0.002073097558518977
-0.033005422904764124
0.02380456894776216
-0.07608371993583544
0.08687139859661494
0.08589458496503444
0.014693179421450459
0.04038099639043263
0.18204921517354278
-0.09043834822953932
3.608224830031759e-16
-0.040380996390432355
0.182049215173543
0.08589458496503419
-0.014693179421450188
0.07608371993583571
0.08687139859661487
-0.0330054229047641
-0.023804568947762117
-0.08461268730587629
-0.0020730975585190603
-0.08675871374646812
-0.006221618419940428
-0.0009807241530201821
-0.024288193856033688
0.045499579042270505
-5.182751657957507e-05
0.011576692647838352
-0.020509342162945948
-0.020668187689797363
0.003227820455790384
-0.05771808142036623
-0.05369379797679752
0.0006316073081026746
0.02079813279602452
0.050715295508268615
-0.03442133711223949
0.05985665200867893
-0.04609580798959592
-0.15493978753703444
-0.10061595016980457
-0.07460804215642869
-0.055953888885432845
-0.06834668670658746
0.05713225789545633
0.029497864851851074
-0.03862313230855455
0.01082204702423939
0.025815329791209124
-0.04662661258155351
-0.022839120159804535
-0.01995792079783898
0.0158921686045376
0.02086918909453856
0.006460413378025449
0.0171438803155188
0.02412113566003233
0.03865728971538643
-0.006028482937091968
-0.023017916806401972
0.05361391305719118
-0.14449898025163932
-0.004002351413253308
-0.07122089616216937
0.04732526215936324
-0.0017455275235862266
0.007563937293986231
0.04865622881171379
0.012354588337944492
-0.04941939096448231
0.007636774407110927
-0.07406358467281736
-0.013570660646710586
-0.14410718970447894
-9.71445146547012e-17
0.07406358467281773
-0.013570660646709864
-0.04941939096448217
-0.007636774407111163
-0.04865622881171361
0.012354588337944936
-0.0017455275235860462
-0.007563937293986203
0.07122089616216874
0.04732526215936308
-0.14449898025163935
0.004002351413253474
0.02301791680640236
0.053613913057190855
0.03865728971538629
0.006028482937092114
-0.01714388031551889
0.02412113566003246
0.020869189094537978
-0.006460413378025338
0.019957920797839007
0.015892168604537932
-0.04662661258155354
0.022839120159804147
-0.01082204702423964
0.025815329791209124
0.02949786485185163
0.038623132308554464
0.06834668670658788
0.05713225789545626
-0.07460804215642863
0.05595388888543275
-0.04699054470583228
0.1670219254774913
-0.018886580258584085
-0.06980778025718135
0.08116558855394249
-0.060478184481392264
-0.01705012069697342
0.007188844184165438
0.0015215751917075082
0.017692303883700952
0.021452916005261984
0.003883927125511194
-0.017610107928271
0.0035637390012816655
-0.040389834930670956
-0.012203643780441375
0.05167732744683895
0.023796439248456508
-0.005170642400735712
-0.008477974857580589
-0.0381256505132328
0.07346873578955274
0.06205057519158595
-0.019023336573360944
0.019158822809184607
0.05550090544713289
-0.08996953302569126
-0.04887788630534353
0.07699574287365513
0.006093436066085166
0.08406122410435529
-0.039549328653804415
-0.05591358567904392
-0.023993524221083043
0.09406080409477591
2.680147770384167e-16
0.05591358567904334
-0.023993524221083362
0.08406122410435486
0.03954932865380473
-0.0769957428736546
0.006093436066085034
-0.0899695330256911
0.048877886305343954
-0.019158822809184097
0.055500905447133445
0.062050575191585834
0.019023336573360916
0.03812565051323256
0.0734687357895536
-0.005170642400735545
0.008477974857580565
-0.05167732744683979
0.023796439248456203
-0.04038983493067157
0.012203643780441621
0.01761010792827128
0.0035637390012816274
0.02145291600526192
-0.003883927125512103
-0.001521575191707314
0.01769230388370122
-0.017050120696972683
-0.007188844184165603
-0.0811655885539421
-0.060478184481392305
-0.018886580258584057
0.06980778025718146
0.04699054470583258
0.167021925477491
-0.03072031365707706
0.05604943466682973
0.06376618006187051
-0.009187893645904333
-0.01044350738269241
0.0076969989493899105
-0.019887441831308528
0.018160918024651248
-0.009178834307963405
0.015359793716312797
0.006208590793491071
0.004344755598034544
0.015433419779245144
-0.006892369191150582
0.0015430822124598044
0.010051802945983845
-0.07316605147127891
0.0007926287139961921
-0.015033841325704539
-0.0025399453212115244
0.028491780380180826
0.02393688797466631
0.06330789252750718
-0.019090485986315936
0.01932575475527526
0.036814051965144645
-0.01286032177051162
-0.031113612979405902
-0.059778469057959416
0.025825782733376275
0.049139312865085376
-0.05887602284715902
0.1921749649853813
0.023351004181848795
0.024910530086638766
-0.09481830476345143
0.17445781458996446
-1.3877787807814457e-16
-0.024910530086639
-0.09481830476345122
0.19217496498538184
-0.023351004181848406
-0.04913931286508512
-0.058876022847158926
-0.05977846905795872
-0.02582578273337597
0.012860321770511676
-0.031113612979405486
0.01932575475527451
-0.03681405196514448
-0.0633078925275076
-0.01909048598631574
0.02849178038018088
-0.02393688797466649
0.015033841325703984
-0.0025399453212116424
-0.07316605147127851
-0.0007926287139962893
-0.0015430822124599813
0.010051802945983221
0.015433419779244964
0.00689236919115074
-0.006208590793490273
0.004344755598034822
-0.00917883430796329
-0.015359793716312874
0.019887441831308306
0.018160918024651806
-0.010443507382692535
-0.007696998949389244
-0.06376618006187028
-0.009187893645904513
-0.0307203136570776
-0.05604943466683018
