55.90773161929956
-2.4643485162552455e-15
12.022227919042749
-2.205344931943847
10.905755187861304
-4.951957411187053e-15
-12.022227919042756
-2.205344931943863
-5.14495728523112
0.7502035168107478
3.154200446379861
1.1182157373164907
-0.15970110795147943
-2.255822299967282e-16
-3.1542004463798605
1.1182157373164783
-5.144957285231115
-0.75020351681075
-0.2688909032113468
0.5406618609778484
0.46881592531098515
-1.5238167879095221
-1.0901397703401354
0.9011118757546378
3.052373929478622
2.224182274362266e-15
1.090139770340134
0.9011118757546441
0.4688159253109852
1.5238167879095166
0.26889090321134196
0.5406618609778401
-0.506651386749175
-0.5511070320359199
-1.8000737269657392
0.2932932262329555
-0.558201272251915
-0.6483485404452268
0.22508525410083735
-0.7091782656737567
-1.6144054894371918
-2.7879212378827158e-15
-0.22508525410084812
-0.7091782656737576
-0.5582012722519171
0.6483485404452274
1.800073726965738
0.2932932262329528
-0.5066513867491582
0.5511070320359234
-1.97121351515987
0.7036845135905927
-0.020667417594711412
0.7051723256734626
-0.10263607578329292
0.5635775410940123
-0.7230877168518374
0.31741977808354355
-0.5374772692168704
-0.012259840020924421
-3.653696455426719
-6.849466016380902e-16
0.5374772692168772
-0.012259840020928512
-0.7230877168518315
-0.31741977808354144
0.10263607578329384
0.5635775410940143
-0.02066741759471058
-0.7051723256734647
1.9712135151598675
0.703684513590588
-0.30782422289383016
-0.24963019360387595
-0.15235532190446344
-0.6115152232735381
0.5494176749143159
0.03337764510339947
-0.14039241839239258
0.21661607797918037
0.19362373865741317
0.13247075005319642
-0.661314928652649
0.032510324486418274
-0.09020463893257546
7.528699885739343e-16
0.6613149286526434
0.03251032448641747
0.1936237386574139
-0.13247075005319536
0.14039241839239516
0.2166160779791823
0.5494176749143223
-0.03337764510339955
0.15235532190446
-0.6115152232735406
-0.30782422289383415
0.24963019360387617
0.7035044371132443
-0.08522789915756013
-0.5888908849802457
0.3991022599939946
-0.26362951370186427
-0.42012808541135627
0.2362915874503453
-0.14584923652710924
-0.11776038908263434
-0.036613389438906796
-0.6628232230508957
0.4091955857499402
0.6258037620471919
-0.09711060233753077
1.188417152950515
1.27675647831893e-15
-0.6258037620471923
-0.09711060233753088
-0.6628232230508966
-0.4091955857499413
0.1177603890826354
-0.036613389438905464
0.2362915874503455
0.14584923652711046
0.2636295137018666
-0.4201280854113563
-0.5888908849802479
-0.3991022599939972
-0.7035044371132452
-0.08522789915756407
0.750198377025882
0.13758484279254224
0.555170761073696
-0.07701132581595582
-0.4161960016548907
0.227392699951451
-0.40095510245112187
-0.02097573812161671
0.250719392207427
-0.017624864686889397
0.4258326266548163
-0.2273000643359774
-0.33233677005458256
0.20606712751799863
0.016960888133451785
0.02660547780641892
0.6201043118233269
-6.661338147750939e-16
-0.01696088813345084
0.026605477806420197
-0.3323367700545819
-0.20606712751799827
-0.42583262665481797
-0.22730006433597866
0.250719392207426
0.017624864686888175
0.4009551024511224
-0.020975738121617155
-0.41619600165488824
-0.2273926999514504
-0.5551707610736976
-0.07701132581595871
0.7501983770258828
-0.13758484279254624
-0.1126929185012264
-0.23202664683429852
0.16331120420000944
-0.198844146649369
0.35137541623587687
-0.047756511630140414
-0.2799168231884649
0.43484695057372535
-0.030846948755711645
-0.16688703775370495
0.7771355483882129
0.009878643027456807
-0.09975215806570381
-0.28974823534482375
-0.26998437816964904
-0.07944915087927613
-0.610304639361311
-0.12768029144406415
1.3200753180521703
1.942890293094024e-16
0.6103046393613119
-0.12768029144406468
-0.2699843781696475
0.07944915087928006
0.09975215806570309
-0.2897482353448236
0.7771355483882135
-0.009878643027455322
0.030846948755715142
-0.1668870377537039
-0.2799168231884623
-0.43484695057372635
-0.351375416235875
-0.04775651163013833
0.1633112042000091
0.1988441466493695
0.11269291850122842
-0.23202664683429997
0.20659961986774913
-0.10772475323382347
-0.08022126074960047
0.10321930179838956
0.24594025891054616
0.04869525541463138
0.393353050883487
-0.4134951536956477
-0.1423005195778168
0.14964066553160305
-0.018164284309516693
-0.05282730861040596
0.39499300747978444
0.07653470939101037
0.3503507778880187
-0.08712702919427123
-0.29459739247248246
-0.011190564890960944
-0.13385166418820815
0.17895169742167827
0.45023565433212775
-5.273559366969494e-16
0.1338516641882086
0.17895169742167938
-0.2945973924724819
0.011190564890960084
-0.3503507778880185
-0.08712702919427193
0.394993007479781
-0.07653470939100923
0.018164284309515277
-0.052827308610405535
-0.14230051957781525
-0.14964066553160382
-0.3933530508834848
-0.41349515369564843
0.24594025891054494
-0.04869525541462902
0.08022126074959768
0.10321930179838923
0.20659961986775083
0.10772475323382205
0.06668441679649355
0.18758099070484802
0.007980878956363138
0.055682800348911654
-0.22024826490259042
-0.07039803176112769
0.07611741745857883
-0.043082741643208286
0.08465213610518874
-0.0684829790264408
-0.20537852693933886
-0.02339422596744682
-0.24084677619546624
-0.04583195637147176
0.1823523860432401
0.013913842585417027
0.7342582815431614
-0.0044016212490374795
-0.01909478477087112
-0.22326291999384607
-0.0932837400517057
0.207952984229424
-0.49085529473082784
2.7755575615628914e-16
0.09328374005170453
0.20795298422942204
-0.01909478477086951
0.2232629199938452
-0.7342582815431604
-0.004401621249037868
0.18235238604324228
-0.01391384258541702
0.24084677619546518
-0.045831956371472034
-0.20537852693934114
0.02339422596744619
-0.08465213610518749
-0.06848297902644196
0.07611741745858022
0.04308274164320805
0.2202482649025923
-0.0703980317611278
0.007980878956359752
-0.0556828003489136
-0.06668441679649259
0.18758099070484668
-0.5272038495495931
-0.05929177107090422
0.13614655093655348
0.018595879543731042
0.12418301569155815
-0.0245463114001242
-0.023589132389549017
0.1277418885759568
0.06343656546919313
0.08853791558017618
0.34168693960009955
-0.07921480345397358
0.00046976243369106774
-0.019660587467355092
-0.36218385941472175
0.11796649140804774
-0.19668436303069253
-0.1433885545559562
0.4439788788117033
0.11787151849675054
0.5050528818108339
-0.31290533264345627
-0.6396570647753874
-0.09322336162397965
-0.46022269704485713
-6.38378239159465e-16
0.6396570647753866
-0.0932233616239776
0.5050528818108286
0.312905332643455
-0.44397887881170445
0.11787151849675143
-0.19668436303069298
0.14338855455595795
0.36218385941472336
0.11796649140804888
0.00046976243369106774
0.01966058746735455
-0.34168693960010366
-0.07921480345397247
0.06343656546919521
-0.08853791558017754
0.023589132389550183
0.12774188857595545
0.1241830156915581
0.02454631140012553
-0.1361465509365532
0.018595879543730126
-0.5272038495495923
0.059291771070904
-0.005820683867591603
0.27976615526918236
-0.1341550329862492
-0.18348087788343911
0.08618094805060894
0.0126543516210329
0.08294846854989327
-0.19209067630339002
-0.04009307106696064
-0.11175428325348488
-0.20506286642988453
0.057939084724059176
0.2678720794220094
0.04623805741761483
0.1885323057883509
-0.2190898250257698
-0.009323050932909083
0.21447073341103254
-0.7518978010615716
0.010714362367124586
-0.25485630875640086
0.17499842732295162
0.6110275925024229
0.030814544324107532
0.07094083640101512
-0.21997607574214073
-0.7036951267677005
-2.914335439641036e-16
-0.0709408364010144
-0.21997607574214073
0.6110275925024258
-0.030814544324106505
0.25485630875640086
0.174998427322951
-0.7518978010615713
-0.010714362367126806
0.009323050932908306
0.2144707334110338
0.1885323057883495
0.2190898250257699
-0.2678720794220081
0.04623805741761289
-0.2050628664298873
-0.05793908472405984
0.04009307106696153
-0.11175428325348438
0.08294846854989513
0.19209067630339094
-0.08618094805060672
0.012654351621031346
-0.1341550329862492
0.1834808778834369
0.005820683867589382
0.27976615526918436
0.021643793133604816
-0.48309353187293025
-0.23069140084121148
0.028537010996356693
-0.2811120449549126
0.0811235937519541
0.12572186724011686
0.1937468024113302
0.017212721431659528
-0.030794051790715038
-0.085118110246082
0.044033429428139606
-0.14498060389321854
-0.05598762660850877
0.005766460621856817
0.24502250044734059
0.12265261919574455
-0.03616099028087186
0.1895151433750062
0.0036839239522680756
-0.3661722455061806
0.14344761353034607
-0.496590740443395
0.14844733262613682
-0.1017759461753851
0.309021102345057
0.6241122545716147
-0.09219452968053254
-0.34218276873801046
6.245004513516506e-16
-0.624112254571616
-0.09219452968053066
-0.10177594617538638
-0.30902110234505686
0.4965907404433978
0.14844733262613807
-0.36617224550618016
-0.14344761353034724
-0.18951514337500552
0.0036839239522670486
0.12265261919574366
0.036160990280873634
-0.005766460621856706
0.24502250044734114
-0.14498060389321843
0.05598762660850872
0.0851181102460804
0.044033429428139925
0.017212721431659056
0.030794051790714427
-0.12572186724011558
0.19374680241133146
-0.28111204495491005
-0.0811235937519551
0.2306914008412117
0.028537010996354528
0.021643793133602554
0.483093531872931
0.022479554197218143
0.6427866331862206
0.24391507123771583
0.23492498398800063
0.007634757199866601
-0.08496023561958554
-0.12344326696901722
-0.07802165452529145
0.1466478741121433
0.04535544289162369
-0.10127739784906725
-0.04530087723814858
0.015918326539827277
0.06552228880443955
-0.04285404729717046
-0.135394986137376
-0.006419707969431851
-0.00872754908036244
-0.08599722901271012
0.06350724251844929
-0.0036931014304667498
-0.10058481406118805
0.38874828481964224
-0.11923740188637465
0.016849194457095262
-0.053117296619434484
-0.44080918157720717
0.19043489635210115
-0.12581623069215564
0.1715577787517535
0.5528938755867856
-1.915134717478395e-15
0.12581623069215614
0.171557778751754
-0.4408091815772066
-0.1904348963520997
-0.016849194457096095
-0.05311729661943512
0.38874828481964313
0.11923740188637466
0.003693101430467638
-0.10058481406118784
-0.08599722901270868
-0.06350724251844986
0.006419707969431712
-0.008727549080361996
-0.042854047297169906
0.13539498613737694
-0.01591832653982575
0.06552228880443961
-0.10127739784906925
0.045300877238148976
-0.1466478741121436
0.04535544289162352
-0.12344326696901706
0.07802165452529294
-0.0076347571998643116
-0.08496023561958632
0.24391507123771644
-0.23492498398800035
-0.022479554197221474
0.642786633186223
0.023455127989121194
-0.5756433531020732
0.014671216669979954
-0.23926942364632603
0.1200574210387978
0.058816608619795374
-0.28683882019593543
0.078426744872294
-0.2180793208935089
0.02102994728905011
0.20035417303897263
0.12998019135415312
-0.05121728518584979
0.10116398717344771
-0.22453023365142621
0.04673050753822319
-0.15576279351690264
0.030157139342454065
0.1263264976796176
-0.10391183794759937
-0.082289925983978
0.05412182316664063
-0.3401816058136746
-0.03558189969524314
0.13764568323644005
-0.034276451229952834
0.39703087195375
-0.2560783962640596
-0.11418037723438512
-0.0763240016943719
-0.5652292979079057
0.18518179141560037
0.4157584232662671
5.273559366969494e-16
0.5652292979079057
0.18518179141559898
-0.1141803772343844
0.07632400169437187
-0.39703087195375075
-0.2560783962640581
0.13764568323643925
0.03427645122995232
0.34018160581367646
-0.03558189969524486
-0.08228992598397736
-0.05412182316663934
-0.12632649767961707
-0.10391183794759827
-0.1557627935169028
-0.030157139342455563
0.22453023365142555
0.04673050753822344
-0.0512172851858486
-0.1011639871734478
-0.20035417303897218
0.12998019135415284
-0.21807932089351212
-0.021029947289050388
0.2868388201959348
0.07842674487229544
0.12005742103880232
-0.05881660861979654
-0.014671216669979364
-0.23926942364632464
0.023455127989118307
0.5756433531020723
0.2030129231868181
0.3119116783267618
-0.05471675763285308
0.18243057700005572
-0.08290201206031139
0.003236035366683876
0.16828885751908737
0.08725158075296391
0.075142639949629
0.08870995588112823
-0.07835723239986442
-0.06940872937275605
0.1067148506380304
-0.14764016971285218
0.12187555291590957
0.04801613522378767
-0.0851939535955353
0.06869608580136097
-0.11790219805407204
0.03770217268832282
0.09447687785151643
0.038461116582986746
0.2908924492107308
0.048123178936424454
-0.20397879248181672
0.042872798255443434
-0.32700035505724157
0.18283230793568803
0.16430554157989022
-0.031141796725868864
0.3491256023784168
-0.21492304764282102
-0.06042953624936437
-0.09681642687322177
-0.4087098348283189
6.938893903907228e-16
0.06042953624936409
-0.09681642687322231
0.34912560237841694
0.21492304764281933
-0.16430554157989083
-0.03114179672586842
-0.327000355057241
-0.18283230793568653
0.2039787924818165
0.04287279825544349
0.29089244921073115
-0.048123178936426564
-0.09447687785151654
0.038461116582986066
-0.11790219805407282
-0.03770217268832271
0.08519395359553408
0.06869608580136019
0.12187555291590907
-0.04801613522378645
-0.10671485063803071
-0.14764016971285313
-0.07835723239986436
0.06940872937275583
-0.07514263994962893
0.08870995588112818
0.1682888575190865
-0.08725158075296457
0.08290201206031345
0.0032360353666825437
-0.054716757632853
-0.18243057700005583
-0.2030129231868206
0.31191167832676014
0.04128668445307143
-0.25281837006922414
0.013922189918025109
-0.05823380558937177
0.024987069406466333
-0.019619489328353723
-0.08142699729369185
-0.1011562397257312
0.00972437299078728
-0.07493592862413832
-0.10382675862387958
0.0026800758416725134
-0.15488786361787835
-0.001654470031314581
-0.050416473140343566
-0.02333503362116332
0.1429982240597859
-0.11171859594744783
-0.012283573134085818
-0.033200662946013676
0.05826612203979187
0.004869284418276037
-0.07118809854164801
-0.06126030253224529
0.15835291533932797
-0.03137066770766034
0.1520603890265791
-0.009428613970321742
0.10038199244151952
-0.04750029665154192
-0.18695866120896343
0.1476877955015694
0.1856026468967976
-0.03363443429274823
0.1925709718894218
-0.17589555686319508
-0.25553510227837034
6.522560269672795e-16
-0.19257097188942388
-0.17589555686319414
0.18560264689679734
0.033634434292747956
0.18695866120896504
0.14768779550156846
0.1003819924415198
0.04750029665154107
-0.15206038902657848
-0.00942861397032091
0.15835291533932727
0.03137066770766022
0.07118809854164906
-0.06126030253224671
0.0582661220397927
-0.004869284418275749
0.012283573134084902
-0.0332006629460124
0.14299822405978527
0.1117185959474469
0.050416473140343906
-0.023335033621163986
-0.15488786361787876
0.001654470031314359
0.10382675862388085
0.0026800758416733877
0.009724372990786406
0.07493592862413952
0.08142699729369127
-0.10115623972573112
0.02498706940646983
0.01961948932835325
-0.013922189918024304
-0.05823380558937191
0.04128668445307007
0.2528183700692226
