52.324136754913155
2.6514587569798303e-16
6.466133299979065
-1.2265426241550688
1.4254507080597172
2.3626218480089626e-16
-6.466133299979068
-1.2265426241550623
3.7739809937300537
-0.5215222814263282
1.0270242457248946
-0.42821953138906776
4.622552563075374
-9.504581471921654e-16
-1.0270242457248828
-0.4282195313890668
3.7739809937300657
0.5215222814263326
2.826502727282043
0.2954924318939979
-0.25479961473767676
0.5683453565610682
-0.6451870591091013
0.015320345126575164
1.9773448926704411
-5.701396797119035e-17
0.6451870591090876
0.015320345126573692
-0.25479961473767054
-0.568345356561072
-2.826502727282044
0.29549243189400426
-0.726579244407099
-0.2520141935210212
-0.6244570952084176
0.2025758459233461
-0.16913734404123526
0.06360645620961491
0.21641638071154856
0.38287923848712435
-2.7928136024803054
4.749952511388654e-16
-0.21641638071155742
0.3828792384871275
-0.1691373440412367
-0.06360645620961566
0.6244570952084104
0.20257584592334696
-0.7265792444071142
0.25201419352102133
0.3375781041245179
0.24729843197386941
-0.7790865557524397
0.0516057735218642
0.12297247041892097
0.2321327119321856
0.47842724358505795
-0.19990524873162396
-0.4472986032917984
-0.007492034790747704
-0.605153317569177
-5.338320611955851e-16
0.44729860329179627
-0.007492034790746102
0.4784272435850613
0.1999052487316249
-0.12297247041891829
0.23213271193218443
-0.7790865557524422
-0.05160577352186141
-0.33757810412452455
0.24729843197386925
0.19365415604181818
0.22183360078394365
-0.18501741050288562
-0.17927143138267626
-0.8880946145338378
-0.07478455791086935
0.34006128725412776
0.16524384856410973
-0.3643361028756826
0.45857203900313237
-0.04242100999557297
0.021346845389952906
-0.8241902077620572
-6.661338147750939e-16
0.04242100999557172
0.02134684538995313
-0.36433610287568363
-0.45857203900313176
-0.3400612872541287
0.1652438485641111
-0.8880946145338348
0.07478455791086869
0.18501741050288373
-0.17927143138267587
0.19365415604181632
-0.2218336007839448
-0.4832059068240983
-0.04980343380141339
-0.03851038872699536
-0.27358896268764366
-0.31355630086448627
0.22119551848380103
-0.185087193819288
0.023075059262151143
-0.14420828998907095
0.28624053640296776
0.0798342912040726
0.08941651902913454
-0.38249472076190844
0.5787934086943493
-1.0378090302478327
1.942890293094024e-16
0.3824947207619081
0.5787934086943484
0.07983429120407187
-0.08941651902913533
0.14420828998907076
0.2862405364029673
-0.18508719381928912
-0.023075059262151247
0.31355630086448355
0.2211955184837999
-0.03851038872699605
0.2735889626876415
0.4832059068240986
-0.049803433801413124
0.23117666964473677
0.27100695318283263
0.12794743698686278
-0.022921609893105044
-0.15299756580630655
0.13605548979403706
0.08237320732241826
-0.08369209040586575
-0.4798108230145358
0.11991119467310049
-0.029784320366810696
0.012366208720645033
0.026409344802646118
-0.26142218277121654
-0.08239412530544094
-0.3353920091062529
-0.44310405608362236
-2.7755575615628914e-16
0.08239412530544121
-0.3353920091062538
0.02640934480264512
0.261422182771217
0.029784320366810755
0.012366208720644756
-0.4798108230145355
-0.11991119467309924
-0.08237320732241998
-0.08369209040586552
-0.15299756580630797
-0.13605548979403762
-0.12794743698686217
-0.022921609893104544
0.23117666964473704
-0.2710069531828318
-0.03543220925350847
0.031440015576653324
-0.050881978745356146
0.03017779645054193
-0.5522065287534652
-0.07189072312609344
-0.018224139199611855
0.014432929156037555
0.02765187648189038
0.0035070222615826534
0.19713519243256328
-0.00035350181859392094
-0.0046213798926024174
0.11105499118183265
-0.13401583411463305
0.14894123408106785
0.4830793127536164
-0.22773566239688744
0.7796978278446534
3.191891195797325e-16
-0.4830793127536163
-0.22773566239688664
-0.13401583411463233
-0.14894123408106696
0.004621379892602473
0.11105499118183322
0.197135192432566
0.0003535018185941985
-0.02765187648188916
0.00350702226158367
-0.01822413919961205
-0.014432929156037999
0.5522065287534641
-0.07189072312609306
-0.05088197874535627
-0.030177796450542957
0.03543220925350895
0.031440015576654934
-0.050958025664823714
-0.0160267535227554
-0.009251979414852618
0.1430677415253562
0.021112754309029702
0.13568310403894027
-0.014237287352305658
-0.025817382059868374
0.07164751266679686
-0.1368033508166381
0.0726245608647704
0.0866522609280912
-0.03160959744377856
0.06606641720807424
-0.0470269405965917
0.052470205328302245
0.25860114775756615
-0.011783228542278479
-0.094886456205721
0.39222158347195235
0.07156162672455896
-4.579669976578771e-16
0.09488645620572106
0.3922215834719528
0.25860114775756654
0.01178322854227859
0.04702694059659207
0.052470205328301975
-0.031609597443777615
-0.06606641720807455
-0.07262456086477034
0.08665226092809014
0.07164751266679711
0.1368033508166384
0.014237287352303986
-0.02581738205986804
0.021112754309029758
-0.1356831040389403
0.009251979414852285
0.14306774152535695
-0.050958025664822715
0.016026753522755816
0.10840037171790554
0.052432084575726234
-0.037885207520769404
0.04652028428350975
-0.0465965181739503
-0.09442977195110785
0.026258846596212082
0.017644560807880218
-0.038373766202556836
-0.07059878116101953
0.17345786821142853
0.010547785594466175
0.26887767021871567
-0.16921298443901026
-0.17981110634603925
0.08603370514139799
-0.15832355872366843
-0.26970740244617125
0.13458478720819272
-0.27113581504073764
0.21123924661584698
-0.3946186094826099
-0.5623535790944598
2.914335439641036e-16
-0.211239246615846
-0.39461860948260996
0.13458478720819195
0.27113581504073814
0.15832355872366832
-0.2697074024461705
-0.17981110634604042
-0.08603370514139869
-0.26887767021871456
-0.16921298443901026
0.17345786821142797
-0.010547785594465786
0.038373766202556836
-0.0705987811610187
0.026258846596210514
-0.017644560807879378
0.04659651817394958
-0.09442977195110824
-0.037885207520769
-0.04652028428350924
-0.10840037171790542
0.05243208457572751
-0.20514981611411234
-0.14878635486999775
-0.06117607231478163
0.04014436774705396
0.013972045572886525
0.035762932998052166
-0.04164074160808373
0.1285095206391128
0.0814937266524016
0.05389483449671626
-0.026545274589679813
-0.04693189297105461
0.13274922503825115
0.0018951435168789166
-0.09474441228626528
0.047374041745767176
0.45733174868529686
-0.0340481701343132
0.14889523945804778
0.057901968780307636
0.11285688468590939
0.05583006687061827
0.10085600715082352
-0.19555418596576404
0.7449445877978838
2.983724378680108e-16
-0.10085600715082305
-0.1955541859657647
0.11285688468590914
-0.05583006687061965
-0.14889523945804684
0.05790196878030808
0.4573317486852965
0.03404817013431305
0.09474441228626493
0.04737404174576772
0.13274922503825173
-0.001895143516879208
0.026545274589680062
-0.0469318929710542
0.08149372665240058
-0.053894834496716254
0.04164074160808362
0.12850952063911264
0.013972045572886116
-0.03576293299805164
0.06117607231478214
0.040144367747053766
-0.20514981611411295
0.148786354869999
-0.08954754793264108
-0.11072345748725804
0.019567670450619634
-0.02143515815326147
0.1549614330982736
0.022693620480299326
-0.006139957755601222
-0.058710096080716076
0.03524868010101212
-0.047498378836059396
0.042535979998486684
0.007844108619782738
0.10013016584361661
-0.11795447209558287
-0.032268908095777094
-0.06713734662877942
-0.024213106103455673
0.019158366821337716
-0.06126553387900069
0.0007638625037862251
0.17919921377017656
-0.04571576669736363
0.036531676230441595
0.08601873077964534
-0.44799921750353744
0.31584798640883127
0.12004882554684945
1.942890293094024e-16
0.4479992175035369
0.31584798640883227
0.036531676230441096
-0.08601873077964535
-0.17919921377017767
-0.045715766697364144
-0.06126553387900084
-0.0007638625037862945
0.02421310610345563
0.019158366821337335
-0.032268908095777246
0.06713734662877892
-0.10013016584361684
-0.11795447209558341
0.0425359799984877
-0.007844108619782523
-0.035248680101012536
-0.04749837883605884
-0.006139957755600917
0.05871009608071527
-0.1549614330982739
0.022693620480298993
0.019567670450620744
0.02143515815326079
0.08954754793264118
-0.11072345748725884
-0.054667760694214626
-0.03506133053279242
0.02850481765859686
0.02403131156690652
-0.09507453019798967
-0.043605609272757945
0.02377938112510325
0.04233493883919133
-0.004519458744142668
0.011834695899963998
0.029776988797909798
-0.037647401092318844
0.19416404323892797
-0.04749594927270233
0.014787120642709706
0.007733653947583796
0.05036999607024745
-0.011995173881017437
0.16698756311085644
-0.12456973692445264
0.07219513620727763
0.023456590789087794
-0.09887154990134395
-0.22532081936845355
-0.2250394027310924
-0.1462213188627458
0.04446943691556615
-0.1188475166392345
-0.36291122696913486
-4.996003610813204e-16
-0.04446943691556571
-0.11884751663923379
-0.22503940273109216
0.14622131886274678
0.09887154990134403
-0.22532081936845455
0.07219513620727815
-0.023456590789088044
-0.16698756311085575
-0.12456973692445208
0.05036999607024689
0.011995173881018117
-0.014787120642709588
0.007733653947583519
0.19416404323892833
0.04749594927270262
-0.029776988797909576
-0.03764740109231893
-0.004519458744142252
-0.01183469589996361
-0.02377938112510325
0.04233493883919169
-0.09507453019798931
0.043605609272758555
-0.028504817658596193
0.024031311566905293
-0.05466776069421451
0.03506133053279259
-0.2169510653548969
-0.1566640817007224
0.09840301753535322
-0.040200968539260355
0.02963763370635847
-0.11311712296425411
0.04312021065443102
-0.049962936756885096
0.10223182178470354
0.0038571120012392407
0.013857067046861127
0.06255999432584308
-0.015596338542916588
0.0636723350737745
-0.008033582130206747
0.014341596825866713
0.04435586125183405
-0.0018512729133652317
0.03398691945092894
0.0635853142547225
-0.043326146734347745
0.014449820445017386
0.3944560202535553
-0.038880882422892116
-0.0025284583269086502
0.11006542307909492
-0.11228696876845194
0.027144181880473822
0.18900661151331632
-0.12133301773632348
0.43038537207224087
-1.249000902703301e-16
-0.18900661151331583
-0.12133301773632307
-0.11228696876845165
-0.02714418188047396
0.002528458326908317
0.11006542307909573
0.39445602025355464
0.03888088242289157
0.04332614673434789
0.014449820445017483
0.033986919450928854
-0.063585314254722
-0.04435586125183477
-0.0018512729133646974
-0.008033582130206773
-0.014341596825866942
0.015596338542916699
0.06367233507377468
0.013857067046860946
-0.06255999432584378
-0.10223182178470393
0.00385711200123956
0.043120210654431834
0.04996293675688478
-0.029637633706357525
-0.11311712296425289
0.09840301753535302
0.040200968539260126
0.2169510653548966
-0.15666408170072307
-0.15250284625001798
0.032880124017354434
0.0483195593183115
-0.03319356437140221
0.021933908643621033
-0.04733732240447108
0.08556341613456708
-0.005672170725021963
0.011136739713398569
-0.05062755339614472
-0.04811465091648498
0.036936386601174376
-0.029920854143685435
-0.11381427527295018
0.0465590394487817
-0.05558998732828388
0.014088794455680231
-0.037566894000685455
-0.007721234539797971
-0.07328834541306786
-0.07088986386208543
-0.0028040631944025313
-0.02874065977186799
0.0918719360245127
-0.1928543617312302
-0.00926867652379526
-0.02218071004290398
0.10818309613458336
0.0015964942787639325
0.18761747651434982
-0.11257856543698257
0.2082804763404249
0.027716903423480932
4.718447854656915e-16
0.11257856543698244
0.20828047634042474
0.0015964942787634884
-0.18761747651435012
0.02218071004290406
0.10818309613458399
-0.19285436173123044
0.009268676523795587
0.028740659771868016
0.091871936024512
-0.07088986386208534
0.002804063194402323
0.007721234539797908
-0.07328834541306761
0.014088794455680259
0.03756689400068587
-0.04655903944878248
-0.05558998732828408
-0.02992085414368545
0.11381427527295064
0.04811465091648509
0.0369363866011746
0.011136739713397847
0.05062755339614451
-0.0855634161345675
-0.005672170725021061
0.021933908643620624
0.0473373224044717
-0.048319559318310806
-0.03319356437140289
-0.1525028462500187
-0.032880124017354184
-0.14684355814246297
0.09492878742933797
0.03400085352854215
-0.043772711325476055
-0.023162841902644893
-0.09331867109824232
0.1586728339328461
0.011981778900126305
0.04325606030331153
0.002655675723906195
-0.10012771233006405
0.007236129494052668
0.05465291895662895
0.07922827961287324
0.014163901489806993
0.005441004842356323
0.03206278813401456
-0.024016910628760185
0.08371879109204633
-0.03135161911147915
0.03321212009431705
0.09543720508149071
0.042446462382032035
-0.051006605588893264
-0.006479016833676909
0.025266768104659082
-0.2623406027186682
0.027782735684970555
-0.07252006476548209
-0.04488261318992011
0.041682153500498254
-0.07270582939881631
-0.05446733004878202
0.1532125382404453
-0.47785022865098614
2.1510571102112408e-16
0.054467330048782486
0.15321253824044562
0.04168215350049803
0.07270582939881562
0.07252006476548203
-0.04488261318992079
-0.2623406027186683
-0.027782735684970555
0.006479016833676576
0.02526676810465877
0.042446462382031876
0.05100660558889311
-0.033212120094316566
0.0954372050814903
0.08371879109204589
0.03135161911147921
-0.032062788134014794
-0.024016910628760546
0.014163901489807576
-0.005441004842355879
-0.05465291895662848
0.07922827961287304
-0.10012771233006398
-0.007236129494052043
-0.043256060303312305
0.0026556757239066253
0.15867283393284576
-0.011981778900126083
0.023162841902645087
-0.09331867109824338
0.034000853528542097
0.043772711325475444
0.14684355814246275
0.09492878742933841
-0.09686949549927981
0.10258881104000064
0.04110956492442717
-0.031646206748928526
-0.12219407268027249
0.085023940490013
0.05164481087828926
-0.050897716328570985
0.06875274014594684
-0.07615184525997502
-0.03489271240093379
-0.07075839517896845
-0.06802766820885171
-0.03661911896255993
0.001003514906967552
-0.02554507013411847
0.019540959433353093
0.05221240651457809
-0.004371768304067103
0.040980124349575986
-0.10534503309242177
0.026164445839506556
0.027651558541897103
0.04317737926359119
-0.04176102640273689
0.049861237370732
-0.038713891739503486
-0.03712165305432108
0.08677613151025373
-0.0065923650794785585
0.06416513153190805
0.027867365486987053
0.04236295306297788
-0.09285733061396534
0.1071972339875381
-0.1379320139564889
-0.07538321211657437
-1.6653345369377348e-16
-0.10719723398753736
-0.13793201395648796
0.04236295306297774
0.09285733061396553
-0.06416513153190814
0.027867365486986484
0.08677613151025379
0.00659236507947859
0.03871389173950354
-0.03712165305432086
-0.041761026402736906
-0.04986123737073189
-0.027651558541897325
0.04317737926359074
-0.10534503309242191
-0.026164445839506556
0.004371768304067519
0.04098012434957671
0.019540959433353038
-0.05221240651457815
-0.001003514906967165
-0.025545070134118303
-0.06802766820885137
0.03661911896255984
0.03489271240093393
-0.0707583951789688
0.06875274014594668
0.07615184525997482
-0.05164481087828959
-0.05089771632857172
-0.1221940726802726
-0.08502394049001358
-0.041109564924427466
-0.03164620674892889
-0.09686949549928003
-0.1025888110400004
