48.773175233969596
6.709197234995552e-15
1.8805578588773777
8.897460384874801
6.797741970749859
-7.178522558902116e-15
-1.88055785887736
8.8974603848748
0.9895240897956941
1.3699886343370147
0.8856237763227042
1.4791910010225051
6.925885974064441
3.191952653180085e-15
-0.8856237763227222
1.4791910010225149
0.9895240897956924
-1.3699886343370111
-0.3003842688994428
-1.379123745684088
-0.33035612158972594
0.17891748911586292
0.42879503773996547
1.6162047298940363
5.1028960252902165
1.4738709387754467e-15
-0.4287950377399537
1.6162047298940339
-0.33035612158972605
-0.17891748911586586
0.3003842688994496
-1.379123745684083
-0.08569884600051425
-0.34092596044785184
0.8164425199456198
-0.11697314395887828
0.3691644825576035
0.5706202869937403
-0.043302387149774524
1.377158940057907
0.07722502305543702
-3.0847664062604476e-15
0.04330238714977175
1.377158940057907
0.3691644825576045
-0.5706202869937403
-0.8164425199456268
-0.11697314395888868
-0.08569884600050404
0.3409259604478443
-0.7877544501494792
-1.202917524600922
-0.4373561231431806
0.21401478345362626
-0.3851950721100821
-0.8572970250358178
0.9087537848883371
-0.3382985898681543
-0.2123682808854349
-0.321889492882245
0.4778788434161969
9.918853589056903e-16
0.21236828088542964
-0.3218894928822412
0.9087537848883316
0.33829858986815586
0.3851950721100875
-0.8572970250358221
-0.43735612314318095
-0.214014783453625
0.7877544501494707
-1.2029175246009247
0.6096562311560462
-0.8323662244225154
-0.1984266680295489
-0.18552601745212688
-0.02408845860540554
-0.39531767126267287
0.3063041392657727
-0.13434680470245797
0.33927040695523975
0.17699391618443544
-0.2682253101440699
-0.37502185614693934
-0.4041227681371392
1.6930901125533637e-15
0.2682253101440706
-0.37502185614694117
0.3392704069552419
-0.17699391618443427
-0.3063041392657762
-0.13434680470245972
-0.02408845860540687
0.3953176712626739
0.1984266680295521
-0.18552601745212538
0.6096562311560465
0.8323662244225188
0.047991684052116464
0.25553538534064524
0.13941185818969837
-0.15971239356216965
-0.06357628312165176
-0.5470378473876534
0.11448307519513712
0.48018739993484094
-0.6332829715130729
-0.3316705728796593
0.6970914159194355
-0.23064053401827178
0.042410911301160925
-0.5394716495741365
-0.6987639359294693
7.216449660063518e-16
-0.042410911301161425
-0.5394716495741377
0.6970914159194346
0.2306405340182725
0.6332829715130717
-0.33167057287965884
0.11448307519513695
-0.4801873999348392
0.06357628312165209
-0.5470378473876523
0.13941185818969803
0.15971239356217024
-0.047991684052115666
0.2555353853406457
-0.40806041671352045
-0.04688170893010518
0.05689519778830343
-0.10501295216071838
0.3053684608567913
-0.24539424181407277
-0.6062783466015255
-0.34711363390277344
0.14895099734149306
-0.3804474789648444
0.3859402990255467
-0.2737559824249866
-0.028539086499775768
0.06631983149729245
-0.1562465004367865
-0.6658883827118282
-0.22329093075111084
3.0531133177191805e-16
0.15624650043678617
-0.6658883827118303
-0.02853908649977749
-0.06631983149729268
-0.3859402990255455
-0.27375598242498667
0.14895099734149309
0.3804474789648435
0.6062783466015225
-0.34711363390277383
0.3053684608567917
0.24539424181407143
-0.0568951977883041
-0.10501295216071878
-0.4080604167135213
0.046881708930104016
0.1149792869858231
0.1681889921920603
0.013459831355851548
0.04783723324056477
-0.2196328645352084
0.224522708793044
0.21894680635339725
-0.5861179442797639
0.018909687364813355
-0.26731888167644147
0.29773597375317334
0.20354290442510914
0.1994957779206903
-0.1082521021330127
0.17409846052789205
-0.056374738006931435
-0.3354387749113199
-0.39485826293137355
0.08202499031231453
1.457167719820518e-15
0.33543877491132024
-0.39485826293137277
0.1740984605278918
0.056374738006929936
-0.1994957779206905
-0.10825210213301312
0.2977359737531743
-0.20354290442510936
-0.018909687364813577
-0.26731888167644197
0.21894680635339894
0.5861179442797654
0.21963286453520597
0.22452270879304326
0.01345983135585048
-0.04783723324056394
-0.11497928698582383
0.16818899219206018
-0.3236140366881907
0.3569654002962678
-0.032713745434608296
0.15686042910807377
-0.16318147227863694
-0.13404538131829924
0.023201651367744547
0.1211993434067114
0.24989190040287268
-0.0419331940600553
-0.49687334553213724
-0.15270726913904115
-0.27391713038312704
-0.0901108573019416
0.16527191534960395
-0.2742945229879652
0.40674693360265846
-0.23416439135199407
-0.13529719322100914
-0.21920304244355615
-0.23990691871356531
-2.7755575615628914e-16
0.13529719322100858
-0.21920304244355632
0.4067469336026583
0.23416439135199452
-0.1652719153496059
-0.2742945229879661
-0.2739171303831276
0.09011085730194268
0.4968733455321367
-0.1527072691390395
0.2498919004028734
0.04193319406005469
-0.023201651367743603
0.12119934340671062
-0.163181472278638
0.13404538131830052
0.03271374543460878
0.15686042910807363
-0.3236140366881898
-0.3569654002962658
-0.21861560040052583
-0.1884619987958395
0.06149976905549176
-0.14034480276624
-0.025293266772782097
0.12709547154762446
0.20010722835376085
-0.05461759376521402
-0.33250936331172787
0.33147682287644087
0.16896601841020387
-0.43474509153113156
-0.02496301877445173
-0.19778588456834406
0.04523913114457975
-0.035335731375077756
0.07127697217845186
-0.028670283355493625
0.07206967485274732
0.0018636263488675808
-0.08012373664848621
-0.2516423366167996
-0.021177060386055352
3.3306690738754696e-16
0.08012373664848656
-0.25164233661679913
0.07206967485274668
-0.0018636263488661098
-0.07127697217845101
-0.028670283355494625
0.045239131144580114
0.03533573137507978
0.02496301877445245
-0.19778588456834462
0.16896601841020442
0.43474509153113056
0.33250936331172903
0.33147682287643954
0.2001072283537608
0.0546175937652128
0.02529326677278504
0.12709547154762468
0.061499769055492204
0.1403448027662398
0.21861560040052785
-0.18846199879583903
0.021374616027011933
0.16272917830715397
-0.15684010624758
0.12105162374117764
-0.07436762381170084
0.0777796410164957
-0.1750903835511753
0.20750071881460908
0.03919142357198252
-0.265284863692294
-0.07453602030643766
0.10663784501420707
0.17094406172660792
-0.06378649262009564
0.06385464368125457
0.014889133414669534
-0.014065882925252363
0.09213540994959818
-0.18878190225584016
-0.006062030086883274
-0.016348091754390448
-0.013401873084326665
0.1526442834380164
-0.04949644768383765
0.02276894215475614
7.216449660063518e-16
-0.15264428343801673
-0.04949644768383754
-0.016348091754392217
0.013401873084327026
0.18878190225584135
-0.006062030086883191
-0.014065882925252113
-0.09213540994959964
-0.06385464368125386
0.014889133414669187
0.170944061726608
0.06378649262009478
0.07453602030643863
0.10663784501420565
0.03919142357198371
0.2652848636922931
0.175090383551174
0.207500718814609
-0.07436762381170076
-0.0777796410164964
0.1568401062475802
0.1210516237411771
0.021374616027012655
-0.16272917830715494
0.1511925138824804
-0.0771136521783104
0.08643757911938243
-0.1121689060284565
-0.1833238792639568
0.047272115049784486
0.019884497710963678
-0.07558352871258661
-0.14634814991184017
0.12081989994918671
0.10698801518692058
-0.15881813830339378
-0.15804768089408666
0.14475688361117234
-0.025624723856054826
-0.08733866750007338
-0.09654561479226986
-0.07949991556788302
0.009552460157679785
-0.0836720350775138
-0.08345840996675452
-0.1075892042934073
-0.1660845795985515
0.028295703577731868
0.14076214297087508
0.054654790814599896
0.0939269207277203
-4.440892098500626e-16
-0.14076214297087497
0.054654790814600895
-0.1660845795985506
-0.02829570357773109
0.0834584099667541
-0.10758920429340774
0.009552460157679632
0.08367203507751386
0.09654561479226986
-0.079499915567884
-0.025624723856055423
0.08733866750007338
0.15804768089408497
0.14475688361117212
0.10698801518692008
0.15881813830339422
0.14634814991184078
0.12081989994918613
0.019884497710962762
0.07558352871258694
0.18332387926395705
0.04727211504978496
0.08643757911938132
0.11216890602845703
-0.151192513882482
-0.0771136521783114
0.0180654284236193
0.07819004812764507
-0.029794637938656568
0.07533775186875291
0.10826561243462088
0.0004162788267633444
-0.22011399025149997
0.1347923234254797
0.0962593128098802
0.010696564096841138
-0.23244761601991937
0.23720114844812298
0.08022374906715696
-0.16547929089409158
-0.2019415772305632
0.0805661258232524
0.0005758579069923275
-0.13769421761632383
0.03138948797478385
0.004105688861132897
0.08867486354819376
-0.052807961280925506
0.07888344602746256
0.06783565093712735
-0.38821456273302235
0.1067442180880745
-0.011206021743265099
0.08857399352768708
0.06871303071886978
-6.38378239159465e-16
0.01120602174326657
0.08857399352768752
-0.388214562733021
-0.10674421808807419
-0.07888344602746203
0.06783565093712757
0.08867486354819554
0.05280796128092667
-0.0313894879747838
0.004105688861132495
0.0005758579069915504
0.13769421761632428
0.2019415772305622
0.08056612582325129
0.08022374906715643
0.16547929089409114
0.23244761601992023
0.2372011484481239
0.09625931280988045
-0.010696564096840649
0.2201139902515003
0.13479232342548075
0.10826561243462127
-0.0004162788267621925
0.02979463793865697
0.0753377518687534
0.018065428423619967
-0.07819004812764319
0.17669405757898526
-0.009186933612069681
0.04213555858261289
-0.055067542673585754
0.0005953071314674374
0.026164528010946125
0.13168446696511876
-0.20011996885472239
-0.1452748459328051
0.04835958749669613
0.017917837965875566
-0.01513463114153446
-0.0840670592612809
0.13005922568745806
-0.04115710446949383
-0.10355748748054464
-0.044919591983163046
0.007360788524603312
-0.017971806826568293
0.027616357225757754
-0.009608364355359389
0.029625377808602138
-0.17207564622588067
0.05537407786452048
-0.053712447500885135
-0.15904244466055367
-0.08353366244087757
0.03122407388832321
-0.036349743901626264
0.0011714787615595967
-0.017090912914550255
-2.498001805406602e-16
0.036349743901626236
0.0011714787615593192
-0.08353366244087845
-0.03122407388832235
0.053712447500884886
-0.1590424446605549
-0.17207564622588112
-0.05537407786452181
0.009608364355359944
0.02962537780860075
-0.01797180682656896
-0.027616357225757143
0.0449195919831627
0.00736078852460316
-0.04115710446949539
0.10355748748054518
0.08406705926128094
0.1300592256874597
0.017917837965876163
0.015134631141533711
0.14527484593280574
0.048359587496696804
0.13168446696511896
0.20011996885472189
-0.0005953071314669933
0.026164528010947152
0.04213555858261281
0.05506754267358575
-0.17669405757898501
-0.009186933612069625
-0.0035747217243449203
0.12939278287499617
-0.01763980689231648
0.006178433196733529
0.028009742869567852
0.07148307943869975
-0.06732901720501422
0.08899479060365201
0.072232355060322
0.03441003069101986
-0.2090207213511916
0.09016418278090937
0.0652857518140833
-0.0464325990185116
-0.11838802136986737
0.1349083727954338
0.013549909957937312
-0.1745304774280979
-0.06621146850919621
0.13039868403734206
-0.14538959041895935
-0.011560563540452914
0.056650084610265716
-0.02827501766610127
-0.19440246107643527
-0.05664776342688699
-0.006181973988285294
0.04781794624832997
-0.14201651559761783
0.009337690788282588
0.05598838065688261
0.13087444037170656
-0.21377891144131167
-3.885780586188048e-16
-0.05598838065688183
0.13087444037170698
-0.14201651559761816
-0.009337690788282567
0.006181973988284933
0.04781794624832894
-0.19440246107643527
0.05664776342688771
-0.056650084610265994
-0.028275017666100716
-0.14538959041895916
0.011560563540453012
0.06621146850919693
0.13039868403734356
0.013549909957938588
0.17453047742809896
0.11838802136986501
0.13490837279543413
0.06528575181408355
0.046432599018512016
0.2090207213511915
0.0901641827809089
0.07223235506032105
-0.03441003069102115
0.06732901720501375
0.08899479060365166
0.028009742869568255
-0.07148307943870025
0.017639806892316312
0.006178433196733099
-0.0035747217243450313
-0.12939278287499464
0.019246551495851694
0.08983235962745073
-0.019143208983309526
0.0485508786933756
0.16105670425220514
0.007368699810260143
0.07767059394932295
-0.049120428100401944
0.019610579616311796
0.08267955353083427
0.1407233879949254
-0.15162909035189936
-0.2472151424382053
0.1614778263756248
0.09343053555886682
-0.16451036729873747
-0.10310643142943543
0.2502330586445573
0.006940027538791305
-0.18712280677162593
-0.23862204028979941
0.04997622288773079
-0.025018230169550126
-0.07694396540178522
0.11393722545390447
0.047123546861889964
-0.13314148856157462
0.010744490112244653
-0.09992100675080526
0.0010238482615488875
-0.1299365337600515
0.03048834639599169
0.0011285543402093645
0.020138709460805253
-0.1237247689586922
-2.7755575615628914e-16
-0.0011285543402092674
0.020138709460805107
-0.12993653376005082
-0.030488346395991156
0.09992100675080551
0.0010238482615493871
-0.13314148856157448
-0.010744490112243321
-0.11393722545390367
0.04712354686189099
-0.02501823016954946
0.07694396540178511
0.2386220402898003
0.049976222887730376
0.0069400275387908605
0.18712280677162585
0.10310643142943515
0.25023305864455764
0.09343053555886743
0.16451036729873691
0.24721514243820458
0.16147782637562305
0.1407233879949255
0.15162909035189936
-0.01961057961631278
0.08267955353083492
0.07767059394932219
0.049120428100402125
-0.16105670425220436
0.0073686998102597545
-0.01914320898330961
-0.04855087869337482
-0.01924655149585079
0.08983235962745016
0.042809698996371076
-0.24976294590879686
0.021893227391666686
-0.014425190260873272
0.004972666398157577
0.021311681714614908
0.07128053906741931
0.055488161657865215
0.05271938268822718
-0.032550862201441044
-0.10518178224332023
0.09020502660154289
0.23697677056389851
-0.12146737569148554
-0.20324350960737092
0.1377171014069378
0.14830857377801013
0.07174057798069894
-0.2829225923378689
0.1329483036768878
0.1469112254234904
-0.19688498472059948
-0.10144409893211737
0.11155611277928101
-0.14549925812877568
0.11973346881096514
0.0781094929579306
0.03197362829767453
-0.1007199760400597
-0.02027510943971146
-0.11601891056821001
0.06804649145816033
0.0681549324234266
-0.048881074366857014
0.05142420692871569
0.04456517783968819
-0.06643732881456615
-2.7755575615628914e-17
-0.05142420692871599
0.04456517783968711
0.06815493242342671
0.04888107436685751
0.11601891056821005
0.06804649145816066
-0.1007199760400595
0.020275109439710975
-0.07810949295793038
0.03197362829767386
-0.14549925812877534
-0.11973346881096544
0.10144409893211699
0.1115561127792804
0.14691122542349033
0.19688498472059968
0.28292259233786965
0.1329483036768883
0.14830857377801082
-0.07174057798069924
0.20324350960737114
0.1377171014069387
0.23697677056389876
0.12146737569148616
0.10518178224331927
0.09020502660154278
0.052719382688226714
0.03255086220144149
-0.0712805390674198
0.055488161657865784
0.00497266639815741
-0.021311681714615255
-0.02189322739166699
-0.014425190260873133
0.04280969899637074
0.24976294590879716
