62.783156022170026
8.578192284720212e-16
0.9413842433286739
3.1436622885328385
7.848799720618286
1.4530809932657778e-15
-0.9413842433286774
3.1436622885328465
2.845029468023595
-0.7434997732877361
0.15445639049087495
1.8540105422889537
-4.61267445037663
1.843518820704025e-16
-0.15445639049087162
1.854010542288955
2.8450294680235824
0.7434997732877432
-0.7459293103605452
-1.4610954366439002
-0.9445620975950477
0.9415968151301208
-0.3404975736464958
-1.5386084778850375
2.5085328506880904
-5.277193417629786e-16
0.34049757364648686
-1.5386084778850369
-0.9445620975950499
-0.9415968151301183
0.7459293103605364
-1.4610954366439015
-2.852008002821757
0.3613119611813965
1.0256188968843705
0.5422259632043701
1.2811045339598708
-0.4410449797160843
-1.0158521495127322
-0.33601351226888937
-4.362279846348762
1.8249314241376346e-16
1.0158521495127355
-0.3360135122688917
1.281104533959872
0.4410449797160901
-1.0256188968843725
0.5422259632043659
-2.8520080028217474
-0.361311961181396
-0.41028992233168504
-0.6499815181902033
-0.8541087097979072
0.019078825873935126
-0.15426889254574672
-0.9324098907854216
-0.05979440313984097
0.4090646350565108
0.44468556416106464
-0.14899433917452679
-2.5779414636687585
-7.860458078879726e-16
-0.44468556416106764
-0.14899433917452748
-0.05979440313983342
-0.40906463505651025
0.1542688925457509
-0.9324098907854208
-0.8541087097979094
-0.019078825873932392
0.4102899223316868
-0.6499815181902048
-0.13516226090105044
0.18682089496588317
0.238006745556112
-0.4374799802600832
0.026216105519522137
-0.31681550220864985
-0.24143575378292792
0.15004419710439143
-0.27044070965029954
-0.1436611790116301
0.13190845981356963
-1.0335762904327885
0.8113589604843441
2.7755575615628914e-17
-0.1319084598135698
-1.0335762904327894
-0.2704407096503032
0.14366117901162667
0.24143575378292942
0.15004419710439293
0.026216105519522137
0.31681550220865196
-0.23800674555611231
-0.4374799802600832
-0.13516226090104944
-0.1868208949658854
0.3014107650919083
0.11803745949666854
-0.2696227228256564
-0.23994128107360718
0.014358428887837102
-0.030222690741825015
-0.26600633734750856
0.27551838751521485
0.24751558335597423
-0.08824105894159771
-0.16470827578523883
-0.3469018653449658
-0.16060780191003532
0.5817038320904859
0.32657101564221047
-1.5543122344752192e-15
0.1606078019100392
0.5817038320904864
-0.16470827578523728
0.3469018653449653
-0.2475155833559753
-0.08824105894159669
-0.26600633734751
-0.2755183875152147
-0.01435842888783781
-0.030222690741825348
-0.2696227228256569
0.23994128107360585
-0.30141076509190806
0.11803745949666826
0.5835289056974013
-0.4392897309560135
-0.3529521531364833
-0.026760890803028292
-0.13614778647096398
-0.10322466018985138
-0.12228663909484894
-0.11689805682220805
0.1270286871909988
-0.2353953204467304
-0.5133694801080555
-0.035405541964107556
-0.09473143608486811
0.27657651194221267
0.473112932168377
0.5878999462136807
0.35147831330120627
2.7755575615628914e-16
-0.47311293216838085
0.5878999462136807
-0.09473143608486861
-0.27657651194221367
0.5133694801080552
-0.03540554196410717
0.1270286871909987
0.23539532044673062
0.12228663909484767
-0.11689805682220678
-0.13614778647096343
0.1032246601898532
0.35295215313648315
-0.026760890803028695
0.5835289056974018
0.4392897309560152
0.06867099555927814
0.386200985741159
0.15440318851260215
0.1356538759544341
0.1258862751265224
0.16297597501000108
-0.1735027287418106
-0.05107394142545581
0.3377007135506355
0.21754412838487056
0.2844077335410409
0.11152219809604993
-0.04069606940086862
0.25470049685203483
-0.08747972253465486
-0.05815465467105947
0.15702302538055807
-0.1504948088798863
0.8318691358403694
-3.0531133177191805e-16
-0.1570230253805568
-0.15049480887988692
-0.08747972253465441
0.05815465467106101
0.040696069400870116
0.2547004968520358
0.2844077335410402
-0.11152219809605131
-0.33770071355063447
0.2175441283848723
-0.17350272874180886
0.05107394142545606
-0.12588627512652314
0.16297597501000113
0.1544031885126033
-0.13565387595443473
-0.0686709955592778
0.3862009857411605
-0.11962410347164107
-0.008223219851558716
-0.18345324621985654
0.15145233711676476
0.06781007548653759
-0.08286041302846578
-0.36870481592084925
0.10807398312064612
0.015092327678247641
-0.13183401568756753
-0.1336423487090077
0.40201845429263633
0.271794200550069
0.07921879434605839
0.05206261862215983
0.19513795789021654
-0.13977453558560105
-0.010107294652733745
-0.00979929780063915
0.2509500439323161
0.31487112969288955
9.992007221626409e-16
0.009799297800638151
0.2509500439323147
-0.1397745355856007
0.010107294652732468
-0.05206261862215972
0.19513795789021554
0.271794200550068
-0.07921879434605805
0.13364234870900782
0.402018454292635
0.015092327678246642
0.13183401568756722
0.3687048159208477
0.10807398312064598
0.06781007548653717
0.08286041302846564
0.18345324621985742
0.15145233711676503
-0.11962410347164028
0.008223219851557828
0.0252805391139993
0.12825000814713153
0.19259985013200054
0.16953742154446508
0.15027218145929014
0.14206820758321703
0.08056680261678872
0.12820552493442638
0.20382620569113652
0.02686875111444026
-0.027492685741566936
0.09242396324397244
0.03989332363102133
-1.5165087943802558e-05
-0.00427640086229697
-0.07250492311523646
0.1047463505238847
0.02015217691039428
0.06634864285848507
0.03844663404174245
-0.14516503014004634
0.027386621937794953
-0.4404758494692056
-1.915134717478395e-15
0.1451650301400471
0.02738662193779484
0.06634864285848696
-0.03844663404174137
-0.10474635052388415
0.0201521769103951
-0.004276400862297247
0.07250492311523499
-0.039893323631020466
-1.5165087944871147e-05
-0.02749268574156616
-0.09242396324397317
-0.20382620569113574
0.02686875111444051
0.08056680261678795
-0.1282055249344281
-0.15027218145928917
0.1420682075832184
0.19259985013200012
-0.16953742154446558
-0.02528053911399958
0.1282500081471315
-0.20060184460032832
0.16547299864679366
-0.07240061963810412
-0.03505670058794338
-0.006961554926688818
0.005256008059693396
-0.07684581673958496
0.15431784932415796
0.11052312118250085
-0.01705782878751308
-0.07455580886103255
0.16873413979326435
0.14493871027385363
0.02410240714998995
0.022544015900134384
-0.09018187190380175
0.13226123889278224
-0.012986898987996667
0.056427476872947524
-0.024813157070533887
0.05572436439662437
-0.04893520377544529
-0.09622700713891819
-0.3831485725070227
-0.2635351256748082
2.1094237467877974e-15
0.09622700713891848
-0.38314857250702355
0.05572436439662444
0.04893520377544497
-0.05642747687294952
-0.02481315707053547
0.13226123889278152
0.012986898987996737
-0.022544015900132455
-0.09018187190380214
0.1449387102738537
-0.024102407149988805
0.07455580886103207
0.16873413979326451
0.11052312118250113
0.017057828787513538
0.0768458167395856
0.15431784932415724
-0.006961554926689484
-0.0052560080596952
0.07240061963810385
-0.035056700587942684
-0.20060184460032804
-0.16547299864679266
-0.0007486716574349739
-0.22557481004645816
0.07853991005673461
0.042577904399480754
0.18434031706178866
0.02677842022559742
-0.012645125116904521
0.07878323641397601
0.010788410402918142
-0.10997903728480014
-0.10043048392706916
0.052947649965223983
0.16581272451353188
-0.08077247731859899
-0.047265017883721394
-0.1426123355693265
-0.17371104527657144
-0.020925975695667245
-0.24828157333464682
0.08197729505780524
0.15199857890499271
-0.09107620523948237
0.12273651163208388
-0.02664307341121567
-0.315508683779839
0.0045228038674590965
0.013393150756308647
-1.1934897514720433e-15
0.31550868377983865
0.004522803867459652
0.12273651163208407
0.026643073411216044
-0.15199857890499147
-0.09107620523948264
-0.24828157333464546
-0.08197729505780563
0.17371104527657102
-0.0209259756956669
-0.04726501788372091
0.14261233556932654
-0.16581272451353177
-0.08077247731859921
-0.10043048392706738
-0.0529476499652238
-0.010788410402918558
-0.10997903728480081
-0.012645125116905326
-0.07878323641397603
-0.18434031706178866
0.026778420225596206
0.07853991005673495
-0.04257790439948059
0.0007486716574351404
-0.22557481004645819
0.023274992091037394
0.024443489199850038
-0.033526618301935485
-0.10533562782869418
-0.05346200724139613
-0.01751462880382343
0.0019697360488800664
0.01829384306771939
0.16312762538915265
0.11585218268480543
-0.00012097022363843045
-0.1235676097551165
0.06865169591671405
-0.06473055511495868
-0.012654257729325807
-0.039001968262975695
-0.007651189194467459
0.17856163178005166
0.06247449999076159
-0.18743765785276123
-0.06623264488965791
-0.08685804753003477
-0.08061766607250978
-0.16013499523674643
-0.09376998782226446
0.10485531671569853
0.11844870424805246
0.04303568762077756
0.0768608846514827
6.106226635438361e-16
-0.11844870424805079
0.04303568762077692
-0.09376998782226431
-0.10485531671569874
0.08061766607250778
-0.1601349952367469
-0.06623264488965955
0.0868580475300356
-0.062474499990760754
-0.18743765785276234
-0.0076511891944683885
-0.1785616317800524
0.012654257729325762
-0.039001968262977166
0.06865169591671261
0.06473055511495798
0.00012097022363813381
-0.12356760975511709
0.16312762538915254
-0.11585218268480456
-0.001969736048879872
0.018293843067718918
-0.05346200724139642
0.017514628803824442
0.033526618301935096
-0.10533562782869425
0.02327499209103734
-0.0244434891998494
0.08546986651391185
-0.05160170838336475
-0.0001765280578645903
-0.05154844763719979
0.031105417914498223
-0.0922271773001167
-0.05127081510603018
0.02471804013391986
0.1111242410852844
-0.09474326602979713
-0.179608658319449
-0.08375413254797376
-0.0749883359559369
-0.0938271411525419
-0.14824692011139373
0.03540418297489095
0.12286081673091734
0.039114910879878784
0.08873665018997215
-0.15925714935577107
-0.16493376399532347
-0.1407790266956951
-0.057402493112710715
0.08076179424632585
0.20186881110761484
-0.006894488151186068
0.20430782570128578
-0.05023309802758452
-0.11569013658245264
-0.1651588951040985
-0.22117651760579626
2.7755575615628914e-16
0.1156901365824521
-0.1651588951040991
0.20430782570128492
0.05023309802758452
-0.20186881110761423
-0.006894488151185721
-0.05740249311271062
-0.08076179424632704
0.1649337639953227
-0.14077902669569528
0.08873665018997198
0.15925714935577148
-0.12286081673091831
0.03911491087987949
-0.1482469201113928
-0.03540418297489137
0.07498833595593721
-0.0938271411525419
-0.17960865831944905
0.08375413254797448
-0.1111242410852846
-0.09474326602979691
-0.05127081510602984
-0.024718040133919317
-0.031105417914498695
-0.09222717730011736
-0.00017652805786400397
0.05154844763720029
-0.08546986651391139
-0.05160170838336489
0.17001240300631976
-0.13511495834061255
0.009089068122552418
-0.022922353949738686
0.009056670650734164
-0.007163464705320477
0.018311496425811508
-0.11060052598250969
0.05823861251799056
-0.04802751000480618
-0.0421741246850631
0.001789334639873283
0.06628430104671526
0.1722114089820884
0.10073708916533164
-0.08434172520111222
-0.028514672608559277
-0.015346978037702477
-0.1144919642859146
-0.1807437370066398
-0.11667648417189136
0.14722567367796816
0.0805914684013706
0.17093753539739132
0.10299875739223327
-0.05959363568193393
-0.13251669795249593
-0.020774808771533426
-0.09371842155757143
0.0027762544425543045
0.13244042123001273
0.13078168826147674
0.22915784409403195
5.551115123125783e-17
-0.13244042123001304
0.13078168826147607
-0.09371842155757133
-0.002776254442555276
0.13251669795249488
-0.020774808771533593
0.10299875739223197
0.059593635681934015
-0.08059146840136966
0.17093753539739165
-0.11667648417189147
-0.1472256736779676
0.11449196428591439
-0.18074373700663926
-0.028514672608560165
0.015346978037702318
-0.10073708916533164
-0.08434172520111176
0.06628430104671525
-0.17221140898208748
0.042174124685063014
0.0017893346398735119
0.05823861251799006
0.048027510004805096
-0.018311496425811535
-0.11060052598250933
0.009056670650734788
0.007163464705320144
-0.009089068122553084
-0.02292235394973919
0.17001240300632003
0.13511495834061304
0.0018908116909091555
0.022451196789504836
-0.11657562878460903
-0.06452998818008648
-0.039129777342041844
-0.04697709472965978
-0.0044071512269608926
-0.1355189097364277
-0.061554086191369956
-0.005923517107707471
-0.130387990993378
-0.023834891822862525
0.15137230790223288
0.005329729914678921
-0.06745547574157565
-0.09397017107577388
-0.0642719565433473
-0.01803685872636053
-0.0038200022977508408
-0.020108068678228175
0.1409786657282222
0.16258929547964493
0.12341010455562476
-0.013720243865893711
0.11513230709336775
-0.10123934863462664
-0.06608153451347842
-0.04076109979114792
-0.18164039041813929
0.08717973277608226
-0.01533014310503212
-0.009797843728238026
0.238243121750651
0.15629828363804144
-0.19083160933013404
0.0
-0.2382431217506512
0.15629828363804088
-0.015330143105031918
0.009797843728238533
0.1816403904181396
0.0871797327760819
-0.06608153451347765
0.040761099791148045
-0.11513230709336796
-0.10123934863462715
0.1234101045556247
0.013720243865893426
-0.1409786657282225
0.16258929547964635
-0.003820002297750341
0.020108068678227994
0.06427195654334693
-0.01803685872636182
-0.06745547574157569
0.0939701710757745
-0.15137230790223336
0.005329729914679254
-0.1303879909933784
0.023834891822863684
0.061554086191370566
-0.005923517107707169
-0.004407151226960615
0.13551890973642797
0.03912977734204143
-0.04697709472965983
-0.11657562878460939
0.06452998818008576
-0.001890811690909877
0.022451196789504718
-0.07345851442386384
0.01000838242341251
0.07645325137214792
0.15013353746384636
0.09352181596402215
0.027447754258570704
-0.07635204765361085
-0.05407991179480148
0.050858256292803175
0.056171713975987594
0.022596335171998334
0.07807414323805266
0.06909006435941756
-0.037667250997008135
-0.1263818783229686
-0.11120742361867783
0.011932666030268043
0.08820694297721632
0.07044310408441098
0.0813235630717938
0.03968620449634125
-0.04325478526941881
-0.10727403327960872
-0.14544217839918874
-0.08691655442775398
-0.06014428372106384
-0.08121017567885266
0.14493006745689424
0.1212904635811547
0.042371914358825535
0.052859274282244864
0.05343309437007393
-0.03458992071234668
-0.03313972821520164
-0.11167274459909887
-0.010412307520941189
-0.09170390233511544
-8.743006318923108e-16
0.11167274459909898
-0.010412307520940953
-0.03458992071234687
0.0331397282152021
-0.05285927428224557
0.05343309437007482
0.12129046358115458
-0.0423719143588254
0.0812101756788533
0.14493006745689416
-0.08691655442775542
0.060144283721063896
0.10727403327960906
-0.14544217839918927
0.03968620449633997
0.043254785269418755
-0.07044310408441051
0.08132356307179381
0.011932666030267852
-0.08820694297721687
0.12638187832296813
-0.11120742361867783
0.06909006435941761
0.037667250997008045
-0.022596335171998695
0.07807414323805259
0.05085825629280298
-0.0561717139759874
0.07635204765361048
-0.054079911794800706
0.09352181596402159
-0.027447754258572155
-0.0764532513721484
0.15013353746384595
-0.07345851442386317
-0.010008382423412121
