43.63651917549442
4.3076972448214407e-16
0.4698421565835975
2.361473455328936
4.142522002141464
-1.0455358909615997e-15
-0.46984215658359174
2.361473455328947
-4.012103908725679
-1.0079770010683506
-0.3879596503573608
1.1843064197777622
6.011709259519312
-7.476756676108118e-16
0.3879596503573576
1.1843064197777562
-4.012103908725673
1.0079770010683506
-1.790037586174912
0.12309013669927697
-0.4211251963526943
-0.4071324003189063
0.6280051300294074
0.49555877365143103
2.3688080810165677
-1.4964570254235808e-15
-0.6280051300294093
0.495558773651428
-0.4211251963526976
0.40713240031890713
1.7900375861749145
0.12309013669928093
0.8686224879311734
-1.355156381272072
0.13293953848228018
-0.2462440525820136
-1.6349893115644436
-0.6475529053995309
-0.1627732890464362
0.6771031476879968
-1.5289111102809774
-7.867032012356585e-16
0.16277328904643973
0.6771031476879993
-1.634989311564444
0.6475529053995304
-0.1329395384822758
-0.24624405258201287
0.8686224879311738
1.3551563812720684
-0.9632662144102218
1.4492567971584551
-0.003044001458031409
-0.25135466040773846
-0.022938913257439353
-0.26057356812775306
-0.9615089662910931
-0.37405251058072025
0.27229642009681126
-0.35210258685127727
-0.38842069827815984
1.3985441857374249e-15
-0.27229642009681715
-0.3521025868512792
-0.9615089662910941
0.374052510580719
0.022938913257436744
-0.2605735681277526
-0.003044001458032519
0.2513546604077376
0.9632662144102169
1.4492567971584525
1.2595804042121346
-1.212328264312208
-0.2786586395991122
-0.0004688059111679216
-0.08303994020815564
-0.3480042706827151
0.12363652562268386
-0.24611683482493527
-0.19603641902380314
-0.12920040333516833
0.1507913573338581
-0.4459272607226975
-1.1400914713156123
2.7755575615628914e-16
-0.15079135733385668
-0.4459272607226955
-0.19603641902380303
0.12920040333516766
-0.1236365256226879
-0.24611683482493601
-0.08303994020815497
0.3480042706827138
0.2786586395991119
-0.0004688059111697604
1.259580404212132
1.212328264312211
0.13379185439251204
1.104827861583536
0.019379393912410003
0.05567289253591645
-0.5845483953801858
0.4814293843747664
0.05580210925002266
-0.2422427731428063
0.4696691067828005
-0.13269077191245546
-0.6944767470573956
0.13020120062530707
-0.05956360137630019
-0.23600964294107143
-0.6073191499257851
-6.938893903907228e-17
0.05956360137630129
-0.2360096429410699
-0.6944767470573963
-0.13020120062530677
-0.4696691067828005
-0.13269077191245449
0.05580210925002149
0.24224277314280485
0.5845483953801847
0.4814293843747642
0.019379393912412612
-0.0556728925359152
-0.13379185439251384
1.1048278615835367
-0.5073063703222359
-0.5200944968804387
-0.035148267056102835
0.22374586412176883
0.6519452483252658
-0.4155129148171679
-0.3022510075769882
0.06438017572655574
-0.43862087696339974
0.26137579858085214
0.14134116990009227
-0.030074657079937894
0.4969163920552292
0.23567462687216095
-0.01361004481333937
-0.46459590369537346
-0.19458536401551055
1.3183898417423734e-15
0.013610044813339259
-0.4645959036953747
0.49691639205522997
-0.235674626872161
-0.1413411699000917
-0.030074657079938893
-0.4386208769633998
-0.2613757985808519
0.3022510075769863
0.0643801757265547
0.6519452483252641
0.415512914817168
0.035148267056103244
0.2237458641217675
-0.507306370322233
0.5200944968804384
-0.12528993355419082
0.42940946793055024
0.09237781093842642
-0.08519013801893963
-0.02062285147545162
0.5951930556416728
0.13090154614601857
0.0015007393621939147
-0.09964848010036538
0.08230569514779601
0.08609755171172889
-0.03479156525007404
0.1768769809542873
0.009822308356199492
0.076562782523827
0.17791172515802778
-0.05300819421349018
0.03987551457997322
0.07991952443028154
3.608224830031759e-16
0.05300819421349051
0.03987551457997418
0.07656278252382775
-0.17791172515802786
-0.176876980954287
0.009822308356199572
0.08609755171172906
0.03479156525007428
0.09964848010036631
0.08230569514779784
0.13090154614601782
-0.0015007393621933873
0.02062285147545012
0.5951930556416732
0.09237781093842568
0.08519013801893946
0.12528993355419105
0.42940946793054985
0.2294124517659892
-0.49589847752481564
0.03923658059546671
-0.019539427324921685
-0.21405780691206816
-0.2770839602948223
-0.128036758434759
0.3355944648833531
0.3073034075803235
-0.028975267804778604
-0.056018739404611995
0.10340174269595392
-0.19149073158890062
0.171122595576416
0.16646330496096312
0.04658011953840219
0.35245358654740055
0.07514162219649612
-0.22719746152938156
0.11708287564225422
-0.20124165355527904
5.273559366969494e-16
0.22719746152938175
0.11708287564225511
0.3524535865474008
-0.07514162219649556
-0.16646330496096354
0.04658011953840205
-0.19149073158889962
-0.17112259557641568
0.056018739404612966
0.103401742695955
0.3073034075803239
0.02897526780477845
0.12803675843475892
0.3355944648833534
-0.21405780691206888
0.2770839602948233
-0.03923658059546699
-0.019539427324922816
0.2294124517659908
0.49589847752481186
-0.10136660204726156
0.2380410167623208
-0.08768916545313482
-0.0483171945974407
0.00550522168780071
0.2139834510847166
0.09343764497299009
-0.1574769132385786
-0.13406451516098172
0.042127039206800325
0.14091264440613482
-0.021476306659174133
0.054135856984205866
0.07389305706041066
0.01187730833998657
0.06788984464722991
-0.012965757849169368
-0.05843543224764504
0.30968761715451965
-0.06073237086206884
-0.10139309952250108
0.054765234239468115
0.1177516622167478
-1.3877787807814457e-16
0.10139309952250111
0.054765234239467525
0.3096876171545199
0.060732370862068175
0.012965757849169146
-0.05843543224764475
0.011877308339986223
-0.06788984464722986
-0.0541358569842042
0.0738930570604103
0.14091264440613452
0.021476306659172224
0.13406451516098045
0.042127039206800804
0.09343764497298812
0.15747691323857768
-0.00550522168780114
0.2139834510847157
-0.08768916545313432
0.04831719459744149
0.10136660204726144
0.23804101676231915
0.18333154810318625
-0.3141269744948315
-0.0367723679634719
0.04437691716250208
0.06685099391825261
-0.24623330647285352
0.06311029014357294
0.0666304677427074
-0.09520872816254179
-0.11215416523363501
-0.0514954894191893
0.1333879962517502
0.08581441572703799
0.09215933854998332
0.03525282443378577
-0.0017982823197806863
-0.02668329358598609
-0.046975023644622006
0.016876212158231874
-0.01058477934054658
0.136725856640846
-0.0030073431669317904
-0.06979282646389177
0.19167561212217848
-0.12257977238647882
3.0531133177191805e-16
0.0697928264638916
0.19167561212217848
0.1367258566408448
0.003007343166931964
-0.01687621215823143
-0.01058477934054608
-0.026683293585984938
0.04697502364462133
-0.03525282443378569
-0.0017982823197794096
0.0858144157270362
-0.09215933854998361
0.05149548941918933
0.13338799625175082
-0.09520872816254157
0.11215416523363464
-0.06311029014357268
0.06663046774270945
0.0668509939182532
0.24623330647285402
0.03677236796347143
0.04437691716250189
0.18333154810318608
0.3141269744948306
-0.2544005536512486
0.22442368424160797
0.05304540312405141
0.06415189025162538
-0.12585553367376556
0.07369894032283059
-0.14078516758067966
-0.1035696865848294
0.036193221314705745
0.1810761593842288
0.029470909341906937
-0.0845812087313607
-0.06284454189004515
-0.2361770899298264
0.013457820285453781
0.042957184457572045
-0.04593913558921642
0.07759166806536122
-0.012461033369181473
0.053918970533652744
0.003533588920891839
-0.05636543239378421
0.046813262010389295
0.011984390295103953
-0.1078472022907776
-0.02833616288044441
0.11193822492093856
2.498001805406602e-16
0.10784720229077771
-0.0283361628804433
0.046813262010389156
-0.011984390295104536
-0.003533588920892783
-0.056365432393784276
-0.012461033369180807
-0.05391897053365373
0.045939135589216945
0.07759166806536057
0.013457820285453705
-0.04295718445757124
0.0628445418900449
-0.23617708992982622
0.02947090934190788
0.08458120873136067
-0.036193221314706384
0.18107615938422986
-0.14078516758068044
0.10356968658482987
0.12585553367376479
0.07369894032283117
0.05304540312405136
-0.0641518902516253
0.2544005536512469
0.2244236842416077
0.18443439607244794
0.2050153730050952
0.041375936461279995
-0.021482446366604235
0.1850085610283226
-0.06293407882888075
-0.013442821287032454
0.06942710125744594
0.03397094593155858
-0.05336803780725746
-0.0250552591574681
0.06404441422963833
0.025087654420176325
-0.019509105553394634
0.08045213771815946
-0.04386625778177067
-0.03166646856233954
0.07045156545770204
0.051344272836317484
-0.08811489031727167
-0.013841079008842794
-0.03552854044407221
-0.1080178993285848
-0.07398188698329339
0.03419714413282876
0.06109131111329774
0.1402063573818474
-0.09621466353613302
0.158178120003101
-6.591949208711867e-16
-0.14020635738184736
-0.0962146635361329
0.034197144132829205
-0.06109131111329788
0.10801789932858463
-0.07398188698329297
-0.013841079008843071
0.03552854044407287
-0.05134427283631801
-0.08811489031727127
-0.03166646856233865
-0.0704515654577022
-0.08045213771816032
-0.043866257781770945
0.02508765442017527
0.019509105553394496
0.025055259157467452
0.06404441422963719
0.03397094593155858
0.05336803780725813
0.013442821287032863
0.06942710125744608
0.18500856102832242
0.06293407882888069
-0.041375936461280294
-0.021482446366604166
0.1844343960724483
-0.2050153730050963
-0.22280490929097077
-0.037966595960252064
-0.002559308758998246
-0.057147551069712886
-0.1241226893054187
0.09285591897932857
0.08835837649866032
0.06606278702762457
-0.08111556562625083
-0.030548250611000083
-0.06366967664348261
-0.10290462582464
-0.00239771808281411
0.0777457469373995
0.008700542225012653
0.05317727451901327
0.059122177092907985
-0.09602920837553179
-0.008459036571927286
0.016378854624142597
-0.048441594908334884
-0.00603211703024914
0.047198013037886996
-0.05668727578240598
0.042942061545842625
0.0012820537467660431
-0.09159523987242504
0.006842975861943837
-0.10361595592059412
-0.028593535484731702
0.02042027158583859
1.6653345369377348e-16
0.1036159559205937
-0.02859353548473159
-0.091595239872425
-0.006842975861943844
-0.04294206154584257
0.0012820537467665392
0.04719801303788716
0.056687275782404956
0.04844159490833477
-0.006032117030248349
-0.008459036571927484
-0.016378854624142763
-0.05912217709290757
-0.09602920837553167
0.008700542225011987
-0.05317727451901352
0.002397718082814859
0.07774574693740038
-0.06366967664348205
0.10290462582463994
0.08111556562625091
-0.03054825061100029
0.08835837649865944
-0.06606278702762408
0.12412268930541925
0.09285591897932925
-0.0025593087589981384
0.05714755106971284
0.22280490929097005
-0.03796659596025259
0.4287293509876771
-0.2006748847524238
-0.05921238302826397
-0.011217776286784224
0.13921802304526185
0.1036167622745178
0.037140490928234585
-0.02645093690982453
0.1616978722542589
-0.018787092039243364
-0.013951441892720406
0.05147301827493639
-0.00928665731134505
0.013526450962822567
-0.045644661159594035
-0.08153796243309833
0.05627991342714567
-0.05447916068983849
-0.06416225393676939
-0.06781697798496848
-0.07574696930027591
0.06700949478184862
0.16315122680462424
0.0121471552112708
0.051285423819738093
-0.036215379273939474
-0.18658450054855866
-0.0800409963123042
-0.0639084191243571
-0.06528803491398161
0.19358879976569907
-0.08861078258060578
0.019771000947637368
1.734723475976807e-16
-0.1935887997656991
-0.08861078258060562
-0.06390841912435602
0.0652880349139818
0.18658450054855827
-0.08004099631230417
0.0512854238197375
0.03621537927393889
-0.1631512268046238
0.012147155211270681
-0.07574696930027622
-0.06700949478184846
0.0641622539367695
-0.06781697798496863
0.056279913427146167
0.054479160689837436
0.04564466115959326
-0.08153796243309819
-0.009286657311344731
-0.013526450962822123
0.013951441892720517
0.05147301827493625
0.16169787225425938
0.018787092039243322
-0.037140490928235376
-0.02645093690982385
0.1392180230452622
-0.10361676227451697
0.0592123830282637
-0.011217776286784154
0.42872935098767634
0.20067488475242282
-0.30328805753574156
-0.1896731313997806
-0.06263684392372926
0.06427312578067296
-0.16765818673159166
-0.02619189647841272
0.03862969841465237
-0.12922286714496217
-0.17069272593376952
0.04551411045794762
0.09260325335380598
0.05778417948191865
-0.06485044386957446
-0.023180061474161698
-0.03910804412429546
-0.05397928264582677
-0.0015374272918989573
-0.03038999223353614
0.025238554869927807
0.0912727643303437
0.023146412992096743
-0.04222011451978339
-0.03680922838845643
-0.03352138507717656
-0.06108818822955586
-0.023913770247104754
0.05956837897871712
0.03228793423209364
0.06984200113512994
0.013460262236563103
0.013422630142142844
-0.10245570005524657
-0.05174808766574174
-0.05431052650676285
-0.10350061477995758
-1.6653345369377348e-16
0.05174808766574201
-0.054310526506762255
0.013422630142142178
0.10245570005524637
-0.06984200113512987
0.013460262236562631
0.05956837897871771
-0.03228793423209381
0.06108818822955642
-0.023913770247104282
-0.03680922838845688
0.03352138507717661
-0.0231464129920963
-0.04222011451978336
0.025238554869927265
-0.09127276433034284
0.0015374272918994292
-0.03038999223353664
-0.039108044124295305
0.0539792826458263
0.064850443869575
-0.02318006147416097
0.09260325335380562
-0.05778417948191794
0.17069272593376883
0.04551411045794733
0.038629698414652705
0.12922286714496123
0.16765818673159222
-0.02619189647841294
-0.06263684392372962
-0.06427312578067304
0.30328805753574184
-0.18967313139978106
0.07161745983506651
0.07499721827068646
0.03474829542540676
0.04454480729025102
0.20580602661185668
-0.08383930801709949
-0.13581362823663384
-0.003893051390305685
0.11138862376884995
0.1431146339797279
0.049523870465346356
-0.0208304426469183
0.0625119355171089
-0.10073091108002824
-0.2213720559865351
0.09076054907752136
0.0031422007511128502
0.11461887158544548
0.19857032663876062
-0.062371673435028335
0.03458216872987796
-0.10104860908353111
-0.2310034823222043
0.00249306932303317
-0.10460992420184619
0.03379375088462794
0.1407288809686283
-0.005284057740516712
0.0733475321804672
0.05144758635462346
-0.08992499918112559
0.089547515965791
-0.0460415555993369
-0.05968597999364936
0.12228909221052359
-0.0048637160514493905
0.07449277286593048
6.245004513516506e-17
-0.12228909221052353
-0.004863716051449474
-0.04604155559933598
0.05968597999364955
0.08992499918112551
0.08954751596579127
0.07334753218046702
-0.05144758635462311
-0.14072888096862857
-0.005284057740516712
-0.10460992420184609
-0.03379375088462683
0.23100348232220386
0.0024930693230333784
0.03458216872987757
0.10104860908353111
-0.19857032663876015
-0.0623716734350281
0.0031422007511138494
-0.11461887158544615
0.22137205598653498
0.09076054907752079
0.06251193551710893
0.10073091108002824
-0.04952387046534589
-0.0208304426469188
0.11138862376884945
-0.14311463397972804
0.1358136282366338
-0.0038930513903054353
0.20580602661185743
0.08383930801710016
-0.03474829542540771
0.044544807290250364
0.07161745983506528
-0.07499721827068576
