43.78993176339353
-9.58333752847787e-16
-4.809214109234018
-2.7631139646137592
-3.644957817644321
-4.1011895118990935e-16
4.809214109234025
-2.763113964613755
-6.692659136200554
1.197327188373178
-0.3037743495904994
-1.3812473572142387
-7.344457193481996
-8.691332098626619e-16
0.3037743495904861
-1.3812473572142339
-6.692659136200568
-1.1973271883731766
1.5889511408417907
0.28944130993335365
0.1035554217366898
1.1292330964727944
1.0666014495181044
0.796904257223999
-0.6808163568234811
-8.323760290175481e-16
-1.0666014495181035
0.7969042572239956
0.10355542173668969
-1.129233096472799
-1.5889511408417962
0.28944130993336004
-0.8319201911767224
-0.06528617095386237
1.0778843481278721
0.17557201092839889
1.0732180092084171
-0.36179996963364436
-0.08736488209221815
0.6174893298834901
-0.9303915088354769
-2.4036598597104905e-16
0.08736488209222015
0.6174893298834888
1.0732180092084205
0.3617999696336445
-1.0778843481278724
0.17557201092840047
-0.8319201911767272
0.06528617095386398
1.2693586500233556
0.14702059384275826
0.03306941993219695
-0.2779531794897243
0.004925145645907181
0.5321971388087464
-0.4319266223131176
-1.0394847575369317
0.21304741957030338
0.13160747987550617
0.4807053339179873
-1.198012321926383e-15
-0.21304741957030493
0.1316074798755079
-0.43192662231311274
1.0394847575369357
-0.004925145645908735
0.532197138808747
0.03306941993219853
0.2779531794897241
-1.2693586500233631
0.1470205938427574
0.5420802205285322
-0.34980600468083256
-0.25635937394891634
-0.0991058609673941
0.012609804720084938
-0.18781520833582732
0.1650146476220159
0.6953198447521395
0.4502275501311135
-0.36463568202783087
-0.47669024643126584
0.6855598367226752
0.756443483110913
-6.661338147750939e-16
0.4766902464312688
0.6855598367226751
0.45022755013111326
0.36463568202783203
-0.1650146476220169
0.6953198447521391
0.012609804720085105
0.1878152083358257
0.2563593739489178
-0.09910586096739493
0.5420802205285331
0.34980600468083367
-0.7284548019684582
0.5058108685560824
-0.31444350800873927
-0.47143945320025754
-0.09691932966096256
-0.236945477395459
0.11387116085145832
0.18717551566216115
-0.08405772684359863
0.2809707204137346
0.19951171922393973
-0.09586555338412195
-0.3785539836396723
0.291701775648996
0.0035222966797740507
-1.249000902703301e-16
0.37855398363967296
0.2917017756489979
0.19951171922394112
0.09586555338412206
0.08405772684359689
0.28097072041373305
0.11387116085145658
-0.18717551566216056
0.09691932966096092
-0.2369454773954579
-0.3144435080087364
0.4714394532002566
0.7284548019684581
0.5058108685560825
0.009544540610204225
-0.2020918265998654
-0.07995135966990152
0.4901525693685972
-0.07677632076198299
-0.04506927899071478
-0.00905920464458243
-0.191808317473303
0.11329863543036478
0.11696962520539775
-0.08702845109765164
0.0317730007302431
0.06855492889853598
-0.19271158460895166
0.23442994247371932
-0.7456599755297664
-0.17162226723745594
-2.1094237467877974e-15
-0.2344299424737185
-0.7456599755297666
0.06855492889853754
0.19271158460895393
0.08702845109765328
0.03177300073024175
0.11329863543036428
-0.11696962520539594
0.00905920464458243
-0.19180831747330357
-0.07677632076198329
0.0450692789907145
0.07995135966990091
0.49015256936859647
0.009544540610205154
0.2020918265998676
-0.04212585080152598
-0.14620200082477627
0.19817205228550822
0.03308365725200542
-0.015427543693513929
0.15534154207288972
-0.04808658960402446
-0.12833844239747672
-0.10721519391425727
-0.07884894836349793
0.09439622255474009
-0.20853602075996802
-0.10385867694400183
0.1310791497311831
0.3383003385618682
0.20632061353007622
-0.03784620446538475
-0.3050338372849251
-0.3260194775824934
-7.7021722333370235e-16
0.03784620446538281
-0.3050338372849233
0.33830033856186886
-0.20632061353007652
0.10385867694400164
0.1310791497311833
0.09439622255473934
0.20853602075996708
0.10721519391425638
-0.07884894836349865
-0.048086589604025926
0.128338442397477
0.015427543693516059
0.15534154207288897
0.19817205228550988
-0.033083657252005405
0.04212585080152592
-0.14620200082477453
0.05650861843977001
0.00827117509924069
0.11330131653203993
-0.08767707335635133
0.04285232342109194
0.10416253536171677
-0.043354158388439715
0.2105031115569208
0.01222835460083277
-0.3107501067133228
0.05477878535894504
0.015160250474340164
0.05160513413633652
-0.15451387916349207
-0.46138809105427203
0.1012921570615089
0.17759623766951788
0.3474238175038914
0.1383946925657059
0.5202055001060164
0.06737397741846052
-1.0685896612017132e-15
-0.13839469256570686
0.520205500106019
0.17759623766951838
-0.3474238175038911
0.46138809105427114
0.10129215706150785
0.05160513413633633
0.15451387916349124
-0.05477878535894361
0.015160250474339332
0.012228354600832214
0.310750106713322
0.04335415838843959
0.21050311155692153
0.042852323421093075
-0.10416253536171602
-0.11330131653204148
-0.08767707335635203
0.05650861843977034
-0.00827117509924058
0.19902196933173844
0.02816457929314098
-0.11419852352386226
-0.032699837486409145
0.04631115988601228
-0.07585421932664571
0.07074711816893967
-0.10092051660143611
-0.09545486067062539
0.19657287931198697
0.2508165912050878
-0.02235346939687377
-0.03599150963565839
0.055868764756927036
0.06393192955266985
-0.04599639626806226
-0.020895638130550398
-0.1283171451228557
0.2740507103057642
-0.03497205227531944
0.10679628969691142
0.040569892940029495
0.5697790842802464
-1.366962099069724e-15
-0.10679628969691304
0.04056989294003094
0.27405071030576256
0.03497205227531909
0.02089563813055012
-0.1283171451228553
0.06393192955267069
0.045996396268062636
0.03599150963565917
0.05586876475692737
0.2508165912050872
0.02235346939687534
0.09545486067062602
0.19657287931198417
0.07074711816893914
0.1009205166014353
-0.04631115988601281
-0.07585421932664493
-0.11419852352386123
0.032699837486408756
-0.19902196933174082
0.0281645792931417
0.03901549332710505
-0.059568507232224344
-0.11738340845413114
0.06452620493268257
0.04657353600443692
-0.17630854934905035
0.03306732642438341
0.07554756413140762
0.008676253246526034
0.01670594562898292
-0.35059437402262833
-0.038830987216447066
0.18583453447156395
0.06342092636434893
0.04652896981877361
0.058116210104441346
0.08847109953727207
-0.1108812182287946
0.12500377706398452
-0.24443272960170154
-0.041125305577259075
-0.11488446401122107
-0.1612404468737993
-0.4566715368802042
-0.022033979574493934
-1.2177758801357186e-15
0.1612404468737965
-0.45667153688020334
-0.04112530557725935
0.11488446401122188
-0.12500377706398413
-0.24443272960170076
0.08847109953727167
0.11088121822879397
-0.04652896981877261
0.05811621010444097
0.18583453447156328
-0.06342092636434882
0.3505943740226297
-0.03883098721644718
0.008676253246526558
-0.016705945628983324
-0.03306732642438401
0.07554756413140928
0.04657353600443706
0.17630854934904855
0.11738340845413126
0.06452620493268224
0.03901549332710649
0.05956850723222468
-0.35829770864560445
0.12794059878838915
0.08028665398611554
0.035311244242318796
-0.18111817422058676
0.10442884655512145
0.10413173297960829
-0.07114022683130206
0.022515542209419898
0.03884637205362748
-0.06054214551146426
0.11508520361627184
-0.15533696482934417
-0.12138366821602187
0.06496771529220394
-0.07015701262848593
-0.1102088557932068
-0.017684510454093222
-0.057425023610665094
0.030573783553417805
-0.08079462995264429
-0.13599137262834493
-0.42197661189777735
0.04883509406586871
0.005953749239999417
-0.0741153751245823
-0.6364290059810418
-8.951173136040325e-16
-0.005953749240000972
-0.07411537512458177
-0.4219766118977759
-0.04883509406586942
0.08079462995264391
-0.135991372628344
-0.05742502361066468
-0.030573783553418526
0.11020885579320536
-0.01768451045409295
0.06496771529220263
0.0701570126284865
0.15533696482934467
-0.12138366821602267
-0.060542145511464196
-0.11508520361627082
-0.022515542209419342
0.03884637205362772
0.10413173297960882
0.07114022683129995
0.18111817422058796
0.10442884655512308
0.08028665398611412
-0.03531124424231957
0.3582977086456025
0.12794059878838793
0.16925097349142504
-0.1126663251889041
0.08458052211671471
0.03765745961008271
0.12111429251112743
0.0775966995433029
-0.2018309157834949
-0.03830518630583618
0.13185594918198512
0.0183331449106508
0.07177288545726995
-0.01157087473150556
-0.006135055358820682
0.036956636256716885
-0.044951654823561615
-0.11071797347698151
-0.005859929897315541
0.07017900939428989
-0.24596723736990572
-0.13863923054986782
-0.04837595600165562
0.22514004400053145
0.15125214127208395
-0.027133778978605527
-0.02655987383959016
0.018999940334569143
0.045056731660281596
0.10573013285345066
-0.02080644842025281
-7.771561172376096e-16
-0.04505673166028196
0.10573013285344998
-0.026559873839589188
-0.018999940334568796
-0.15125214127208314
-0.027133778978605305
-0.04837595600165712
-0.22514004400053367
0.2459672373699061
-0.1386392305498671
-0.005859929897316193
-0.0701790093942895
0.044951654823562726
-0.11071797347698047
-0.0061350553588192525
-0.036956636256715775
-0.07177288545727045
-0.011570874731506184
0.13185594918198523
-0.01833314491065166
0.20183091578349543
-0.03830518630583625
0.1211142925111267
-0.0775966995433039
-0.08458052211671455
0.037657459610082655
0.16925097349142423
0.11266632518890649
-0.22632552478179663
-0.0032409243054792314
0.07240195364776775
-0.11933987435636184
-0.027891912726162982
-0.03572757390609599
0.03939551835257077
0.03159987087545363
-0.15632637804860766
-0.10005532191460895
0.13811531021792667
-0.042826223977354805
-0.05654983266673397
0.04601328221458967
-0.029534262516491584
0.14763348790300046
-0.06590300130499138
-0.07284750496031447
-0.09071835848341911
0.1327873761817692
0.11955297322705223
-0.11913119801767666
-0.09155759039479774
0.097960704370959
0.07014704266762851
0.030110674509502444
0.195982829988603
-0.03221720507854577
0.033567140931551026
-0.046986522024967045
0.23919648012645567
-8.743006318923108e-16
-0.033567140931551866
-0.04698652202496652
0.19598282998860345
0.03221720507854614
-0.07014704266762832
0.030110674509501334
-0.09155759039479702
-0.09796070437095943
-0.11955297322705191
-0.11913119801767617
-0.09071835848341847
-0.1327873761817691
0.06590300130499172
-0.07284750496031428
-0.029534262516491674
-0.14763348790300113
0.056549832666733774
0.04601328221458928
0.13811531021792667
0.04282622397735453
0.15632637804860833
-0.10005532191460836
0.039395518352570935
-0.03159987087545352
0.027891912726163787
-0.03572757390609532
0.07240195364776747
0.11933987435636133
0.2263255247817969
-0.0032409243054805914
0.2920418282394286
0.3495589241400155
-0.16532618592812323
-0.043396024807452194
0.044347933168561296
-0.023273546986111282
0.0528747372563092
-0.0005297462309295647
0.029415468039718173
0.0340046212069367
-0.10404946916019275
-0.08445203446887302
0.09853204568992133
0.08379883441480843
-0.123903456757822
-0.014273398526550109
0.01699280833632983
0.18486118241839244
0.2120820922780836
0.07015774981160891
-0.14274015754171648
-0.03944447613536478
0.11512743017667798
0.04350067433316791
-0.17624982310171758
-0.11871256158831595
-0.1118349537356533
0.17475738954876938
-0.12687971557764174
-0.038915913635978766
0.05519896845203687
0.11936523723652838
-0.29598743461341837
-7.632783294297951e-16
-0.05519896845203673
0.11936523723652889
-0.12687971557764238
0.038915913635979404
0.11183495373565466
0.17475738954876996
-0.17624982310171805
0.11871256158831557
-0.11512743017667702
0.04350067433316846
-0.1427401575417166
0.03944447613536492
-0.21208209227808372
0.07015774981160877
0.016992808336329615
-0.18486118241839375
0.12390345675782248
-0.014273398526549852
0.09853204568992194
-0.08379883441480726
0.1040494691601935
-0.08445203446887309
0.029415468039717813
-0.03400462120693709
-0.05287473725630926
-0.0005297462309293011
0.04434793316856117
0.023273546986110505
0.16532618592812326
-0.04339602480745197
0.2920418282394275
-0.34955892414001527
0.12475286243647599
-0.16980752405177318
0.03239923120046463
0.1116986513504418
-0.10789733770464141
-0.153414763029237
0.14718549006246068
-0.00698158255099901
-0.009270831229466536
0.07229921997763097
-0.03126559736656978
0.07669136016700365
0.06696918902748408
-0.10757149294154872
0.12209342235294834
0.1761663238953389
0.03795069163890248
-0.10330309826654893
0.02957614494538844
-0.008715967224000754
0.0850088452001137
0.11975456390820394
0.0321920366848682
-0.052601916436095575
-0.06668200609303426
0.10298643740739048
-0.0201815157857805
-0.1461978737087001
0.0592687349659311
0.28108867411367455
-0.0512184436064515
-0.12230288060544574
0.10699872723736606
0.4110166833422221
-0.09260633925697759
-3.7470027081099033e-16
-0.10699872723736514
0.4110166833422217
-0.05121844360645089
0.12230288060544539
-0.05926873496593031
0.2810886741136758
-0.0201815157857803
0.14619787370869994
0.06668200609303339
0.10298643740739044
0.0321920366848677
0.05260191643609602
-0.08500884520011343
0.11975456390820427
0.029576144945388974
0.008715967224001003
-0.03795069163890241
-0.1033030982665478
0.12209342235294857
-0.17616632389533968
-0.06696918902748433
-0.10757149294154919
-0.03126559736656984
-0.07669136016700384
0.009270831229466495
0.07229921997763067
0.14718549006246026
0.006981582550999094
0.10789733770464177
-0.1534147630292366
0.03239923120046431
-0.11169865135044221
-0.12475286243647499
-0.16980752405177313
-0.04374647273366829
0.23952869001403404
-0.04547020299447433
-0.14976680529676348
-0.03776646354469912
0.06153643220260856
-0.10089007392347499
-0.16441445536862143
0.05884507744315609
0.07157359344669639
-0.10250002197723174
-0.05365551401296531
-0.03252893401862253
0.03438293443029311
0.3097805530987241
-0.09390241598263353
-0.07395775049615416
0.0002594449752456318
-0.020008690688250064
-0.040312005340385926
-0.10491048840584871
-0.07193348145425474
-0.11261577540844722
0.11068788099318842
0.11984663146636634
0.07017416060360898
0.09001510018683795
0.030776697970937156
0.0012495021809083365
-0.07532101711259476
-0.09081117003385403
0.04236549535523369
0.2655925927109087
-0.1618885628286294
-0.020434859121592944
0.08698603640976754
0.2978157935823413
9.159339953157541e-16
0.020434859121594262
0.08698603640976674
0.2655925927109095
0.16188856282862868
0.09081117003385436
0.042365495355233984
0.0012495021809075246
0.07532101711259451
-0.09001510018683778
0.030776697970938405
0.1198466314663661
-0.0701741606036091
0.11261577540844768
0.11068788099318756
-0.10491048840584874
0.07193348145425521
0.02000869068824962
-0.040312005340385926
-0.0739577504961538
-0.0002594449752466449
-0.30978055309872365
-0.09390241598263388
-0.03252893401862311
-0.034382934430292125
0.10250002197723253
-0.053655514012964985
0.05884507744315612
-0.07157359344669684
0.10089007392347493
-0.16441445536862143
-0.03776646354469965
-0.06153643220260896
0.04547020299447421
-0.14976680529676373
-0.043746472733669606
-0.23952869001403454
