42.69962904686498
-3.6154045649032426e-15
9.479893512179009
0.9897646104920708
1.388131960577911
-2.7602493145522117e-16
-9.47989351217903
0.9897646104920607
-3.790648035035922
0.07288137083278963
0.5847728422773293
-0.07476951125882304
-5.156236026529346
9.308129910274614e-16
-0.5847728422773245
-0.07476951125882846
-3.79064803503592
-0.07288137083279422
-0.7452664624112897
-0.029375798459309543
-0.3223660337752354
0.11577761149702659
-2.2871644955890487
-1.53729075885076
-0.07874655597985487
1.5269257770620439e-15
2.287164495589059
-1.537290758850756
-0.3223660337752313
-0.11577761149702794
0.7452664624112977
-0.029375798459321752
0.328213275939499
0.2473532162128931
-0.3836937928878593
-0.2263234990741593
-0.0533196880594905
-0.7135880617781523
-0.1425451623984554
-0.44703710069046393
0.12886244152846327
-1.985886203071734e-15
0.1425451623984534
-0.44703710069046426
-0.053319688059478454
0.7135880617781527
0.38369379288785826
-0.22632349907416055
0.328213275939498
-0.24735321621289685
-0.7738805178273778
-0.3771506122015764
0.21797855055552645
-0.09599069026281214
0.6860087348072927
0.12938945251748368
-0.0016278531549297481
-0.5632146246291069
-0.4623484623054326
0.6265611463040982
-0.18495106839725012
-5.114463662820433e-16
0.46234846230543186
0.6265611463040957
-0.00162785315492453
0.5632146246291099
-0.6860087348072912
0.129389452517485
0.21797855055552884
0.09599069026281147
0.7738805178273751
-0.3771506122015814
-0.38297927143156496
-0.4112716381778752
-0.039033875172588495
0.15222881962247198
0.3079770903471442
0.22776598518516866
0.144893175195545
0.022384660967608272
0.3679869777774182
0.2606669019109131
0.16051202685089183
-0.1476671268880392
0.9012470133434949
8.326672684688674e-16
-0.1605120268508926
-0.14766712688804073
0.36798697777741785
-0.2606669019109148
-0.14489317519554334
0.02238466096760927
0.3079770903471446
-0.22776598518516566
0.039033875172589605
0.1522288196224728
-0.3829792714315686
0.41127163817787293
0.44456489080467804
-0.06813627831535975
-0.07496326359481628
-0.2740575268534241
-0.09932095629475776
0.08527333646138832
-0.019338036791077214
0.1156158153689407
0.11814913036775126
0.05241728048458691
0.3399920553715931
0.09575100529391908
0.5752620244438686
0.011408175040167723
0.4628435719364028
-2.3592239273284576e-16
-0.5752620244438699
0.011408175040169
0.3399920553715924
-0.09575100529391793
-0.11814913036775009
0.05241728048458394
-0.019338036791076804
-0.1156158153689397
0.09932095629475818
0.08527333646139017
-0.07496326359481506
0.274057526853424
-0.44456489080467965
-0.06813627831536134
0.5355880620295995
0.20055499472664365
0.251121699897386
-0.002512679938565243
0.00659581743273252
0.13418091966143747
0.1584806694760736
-0.09115781343157672
-0.19955479413591393
-0.11867000770228567
0.058419334708377034
0.0792360849497322
0.021247708227825735
-0.06507738488563025
0.0873011923515753
0.35336382672494715
-0.7928227279367811
-1.942890293094024e-16
-0.08730119235157463
0.35336382672494565
0.021247708227823597
0.06507738488563214
-0.05841933470837797
0.0792360849497328
-0.199554794135913
0.11867000770228422
-0.15848066947607292
-0.09115781343157603
0.0065958174327331864
-0.13418091966143486
-0.2511216998973833
-0.0025126799385663534
0.5355880620295964
-0.20055499472664562
-0.1151667959899576
0.10829228169052596
-0.06645102436084022
0.1262219222851343
0.009655766966147512
0.15502911029174019
0.08025135290705425
0.06512615565245547
0.046977870491080875
-0.11288920038811195
0.04472072681765671
-0.019339165188572226
-0.12084624344132339
-0.16025173559654837
-0.06274680378103276
0.14495176756383657
-0.25346277142947116
-0.42764281040940305
-0.21900781898657656
5.342948306008566e-16
0.25346277142946916
-0.427642810409404
-0.0627468037810312
-0.14495176756383676
0.12084624344132233
-0.16025173559654682
0.044720726817657264
0.01933916518857287
-0.046977870491079377
-0.11288920038811195
0.08025135290705489
-0.06512615565245494
-0.009655766966147172
0.1550291102917403
-0.06645102436083888
-0.1262219222851354
0.11516679598995416
0.10829228169052618
-0.03712731868254428
-0.42769171151648844
-0.0033282109984694025
-0.09415476812631035
-0.08075510874411568
-0.04347706808366022
-0.04360185695750375
-0.006124214478449477
0.18099753845993238
-0.03573927300566199
0.044456097709143896
-0.020020320606599862
-0.009039511262284042
-0.08853234759893862
-0.06162836459720175
0.04166779400440983
0.05642403421002157
-0.1342890405793681
-0.05294254181633041
-0.2642208721095401
0.5065353112341703
-6.245004513516506e-17
0.052942541816330166
-0.2642208721095387
0.05642403421002229
0.13428904057936822
0.061628364597201
0.041667794004408926
-0.009039511262285749
0.0885323475989385
-0.04445609770914333
-0.02002032060660014
0.1809975384599335
0.03573927300566221
0.043601856957504626
-0.0061242144784483254
-0.0807551087441167
0.04347706808366064
0.0033282109984700825
-0.09415476812631124
-0.0371273186825474
0.42769171151649
-0.0771732842300702
0.06768786010189323
0.061994356429736386
0.07559507980798372
-0.055397051393571914
-0.15169810635567862
0.10068143012588457
0.004420937462745911
0.012906817467637444
0.024344755893611514
-0.033252181910454065
0.01909553968102473
0.06377345899263903
-0.07630794837441578
0.06523644058607195
-0.07510508387966076
0.0901338163999709
0.13831258607908425
-0.22204016221368045
-0.15668159215921962
0.12931736695588297
0.30821550345278054
0.315626638860101
-3.642919299551295e-16
-0.12931736695588225
0.30821550345278015
-0.22204016221367934
0.15668159215922223
-0.09013381639997023
0.13831258607908384
0.0652364405860712
0.07510508387966011
-0.06377345899263992
-0.07630794837441597
-0.03325218191045326
-0.019095539681025286
-0.012906817467637388
0.024344755893613235
0.10068143012588515
-0.004420937462746605
0.055397051393571775
-0.15169810635567854
0.06199435642973644
-0.07559507980798272
0.07717328423006564
0.06768786010189454
-0.669761580930806
0.13761466606433811
-0.11208875805279667
0.05411257051798109
0.05337146997240813
-0.021867912223430874
-0.03631269541750248
-0.0011712485576813036
-0.08446703902513976
-0.09480185643591102
-0.049067870961160734
0.10545240425027327
-0.00040474886627310525
-0.053039980288201394
0.014655164501856055
-0.09218497912375848
0.1790867990054132
0.10763900506388363
-0.006470411110698598
-0.02665870200120126
-0.016874751131627508
0.20815067989500968
0.06193408092745049
0.023521707406252756
0.09073106388461621
4.718447854656915e-16
-0.06193408092745098
0.023521707406251813
-0.01687475113162664
-0.2081506798950107
0.006470411110698307
-0.026658702001200116
0.17908679900541352
-0.10763900506388387
-0.01465516450185722
-0.09218497912375906
-0.00040474886627337933
0.053039980288201276
0.04906787096116289
0.10545240425027355
-0.08446703902513898
0.09480185643591328
0.036312695417502316
-0.0011712485576819698
0.053371469972408436
0.021867912223430874
0.11208875805279589
0.05411257051798204
-0.6697615809308101
-0.13761466606433775
-0.06272683831977509
0.22907077664646158
0.059553248209035375
-0.08281858484816867
0.057229171433692716
-0.06364853287869304
-0.05392372720464845
-0.0374273077463866
0.023327142716424443
-0.03171552704580105
0.03110532273990691
-0.004086258146748137
0.01962213996786144
-0.012709216728824656
-0.03977694024420242
-0.025639232808460914
0.08687759072681212
0.0749423197423918
0.09560424885279324
0.05453931722921099
-0.09511419297408125
0.10944126404270568
0.14871102649731954
0.03358297018574319
0.03461416743828977
-0.030494575712402217
-0.016652089586564583
2.8796409701215e-16
-0.03461416743828977
-0.03049457571240133
0.1487110264973197
-0.03358297018574358
0.09511419297408204
0.1094412640427061
0.09560424885279352
-0.05453931722920995
-0.08687759072681212
0.07494231974239095
-0.039776940244202585
0.025639232808460047
-0.019622139967861663
-0.012709216728824635
0.031105322739908278
0.004086258146748709
-0.02332714271642436
-0.031715527045800634
-0.0539237272046482
0.03742730774638523
-0.05722917143369122
-0.06364853287869184
0.059553248209034904
0.08281858484816945
0.06272683831977177
0.22907077664646108
0.5098940108382357
-0.04246787479384162
-0.06009113034139005
0.11031898180510691
-0.12210841624972119
0.06796821937231781
0.02404717495238226
0.06696848507490984
0.0010111444458063557
0.13617942685222548
0.04786838365189916
-0.04914977121290507
0.11525568188751734
0.08497280022597958
0.0050702899280409275
-0.01679133132582014
-0.03653939142560151
0.1013314227538734
0.06109677643969656
0.06630369425977256
-0.056746079975454444
-0.005094176238809648
-0.0005911415113655782
0.09125077981880689
-0.03968750666522211
-0.13380074285940416
0.061545633704345515
0.09902862643470517
-0.17090151628054956
1.942890293094024e-16
-0.0615456337043469
0.099028626434705
-0.039687506665222916
0.13380074285940427
0.0005911415113661334
0.09125077981880707
-0.05674607997545317
0.005094176238810644
-0.061096776439695966
0.06630369425977317
-0.03653939142560152
-0.10133142275387336
-0.005070289928039914
-0.01679133132582117
0.11525568188751734
-0.08497280022597858
-0.04786838365189783
-0.04914977121290398
0.0010111444458061752
-0.13617942685222517
-0.02404717495238201
0.06696848507490863
-0.12210841624972002
-0.06796821937231581
0.060091130341388715
0.11031898180510724
0.5098940108382313
0.042467874793840066
0.06424507135127072
0.0017255855372526052
0.011847616084965207
-0.1724765334872406
0.012036327125521384
0.004647613941491505
-0.03518249562536728
0.05304727477795507
0.03140223373870227
0.04920694542176231
-0.023758364988936964
-0.010500876096385309
0.10782607689679563
0.03499606891559576
0.08323320486759507
0.0143023957892843
-0.06711639800770851
0.05778159170414349
0.0025953471426710256
0.018982880128520674
-0.04346727560770934
-0.03823056591386367
-0.002493459896121042
0.027594294319782664
0.046949068741468813
-0.09722720763188894
-0.05030074757723735
0.08981558102362802
-0.06428535291303948
-0.07049482156718322
0.11204034142934088
4.163336342344337e-17
0.06428535291303905
-0.07049482156718245
-0.0503007475772384
-0.08981558102362787
-0.0469490687414688
-0.09722720763188888
-0.0024934598961207366
-0.02759429431978277
0.04346727560770932
-0.03823056591386427
0.0025953471426717056
-0.01898288012852075
0.06711639800770822
0.05778159170414298
0.08323320486759528
-0.014302395789284536
-0.1078260768967955
0.034996068915595924
-0.02375836498893613
0.010500876096386572
-0.03140223373870189
0.0492069454217631
-0.03518249562536649
-0.053047274777955185
-0.01203632712551933
0.004647613941492032
0.011847616084964721
0.1724765334872404
-0.06424507135127372
0.0017255855372516615
-0.19015587878044915
-0.09007488718864654
0.026184696897856376
0.15977056303216502
0.20619004693725806
0.17040356630683565
-0.00018599460202878282
-0.046038353725320974
0.09777779708888945
-0.10616963117753103
-0.003715140710707915
0.04072079245381815
-0.03083813939831058
0.02182999249956892
0.043352485967003446
0.006389773829041434
0.04414181608234295
0.018142746025771622
0.1032264515168095
-0.0005755206515250799
0.008881395616961253
-0.04024498940839827
-0.09799461481493084
-0.02447310384106334
-0.01867553065534233
-0.029750485025853854
0.1823336411537459
-0.018624553927900273
0.0453281081598928
0.059723107345750856
-0.307649960891591
-0.0669870718043008
0.20619416959160658
0.0
0.30764996089159097
-0.0669870718043013
0.04532810815989252
-0.059723107345750495
-0.18233364115374628
-0.018624553927900633
-0.018675530655341444
0.0297504850258549
0.09799461481493084
-0.024473103841062473
0.008881395616961607
0.04024498940839827
-0.10322645151680816
-0.0005755206515256212
0.044141816082341856
-0.018142746025771816
-0.04335248596700403
0.006389773829041323
-0.030838139398310448
-0.02182999249956874
0.0037151407107081647
0.04072079245381925
0.0977777970888892
0.10616963117753152
0.00018599460202881057
-0.046038353725320696
0.20619004693725906
-0.17040356630683573
-0.026184696897857063
0.1597705630321644
-0.19015587878045026
0.0900748871886447
0.23920102817318584
0.3734126206764296
-0.0508521559515273
-0.1163406182991067
-0.10899185602503175
-0.23626994532629014
0.0027717000681413695
0.021523340564926344
0.07401887803622487
0.03640502547826277
0.06132997174501753
-0.03478499226018854
-0.05459930731523514
0.02728821845363333
-0.04916208972293443
0.0458718161652458
-0.011698476689708179
0.0018289799669120171
0.030229044215988488
-0.029863103950426018
0.08935593147186863
-0.007577146912673763
0.016643914672509086
0.07981626763290846
-0.004556073840060612
-0.0400681274845619
0.04831921341768
-0.06536117604640923
0.07565585763201865
0.0244729881893012
0.034782526518520554
-0.16367957370775904
-0.009196739167235984
0.12250499339475035
0.03415311712333535
-2.636779683484747e-16
0.009196739167235679
0.12250499339475124
0.034782526518521206
0.16367957370775923
-0.0756558576320185
0.02447298818930213
0.04831921341767986
0.06536117604640955
0.0045560738400603484
-0.040068127484562385
0.016643914672509308
-0.07981626763290808
-0.08935593147186854
-0.0075771469126736934
0.030229044215989265
0.02986310395042492
0.011698476689708276
0.0018289799669116424
-0.04916208972293494
-0.045871816165244966
0.054599307315235435
0.02728821845363341
0.06132997174501825
0.034784992260189024
-0.07401887803622417
0.03640502547826335
0.0027717000681411197
-0.021523340564926094
0.10899185602503136
-0.23626994532628953
-0.050852155951527575
0.1163406182991059
-0.23920102817318584
0.37341262067642866
0.23369923288564853
-0.12376257310083003
0.05283590329500562
0.08216875091044276
-0.09395086161925126
0.13916010680056917
0.0001581988215934374
-0.004203887674678632
-0.03788272401381221
-0.001431518510841695
-0.004598710609925935
0.007302683301990548
0.047235647467966435
-0.010704481932334642
0.0609653630095604
-0.027859047602935623
0.023737293280917893
-0.11013358849649757
-0.07009498434616276
0.007304314534542458
-0.0778262543306441
-0.07456406006453578
0.05578872488381903
0.05684260691418844
-0.01920556585625053
0.02342987417397341
-0.05972347694001551
0.0059709988657227625
0.11645333195762458
0.005454641390432582
0.007970940006586408
0.012534028222226393
-0.02924658800999551
0.12942424241696732
0.2520169163854368
0.07150345559878768
-0.08484415684804339
-6.591949208711867e-17
-0.25201691638543733
0.07150345559878732
-0.029246588009996292
-0.12942424241696718
-0.00797094000658638
0.01253402822222685
0.11645333195762486
-0.005454641390431919
0.05972347694001584
0.005970998865722582
-0.019205565856249312
-0.02342987417397356
-0.05578872488381892
0.056842606914188014
-0.07782625433064451
0.07456406006453627
0.07009498434616293
0.0073043145345424755
0.02373729328091831
0.1101335884964974
-0.0609653630095599
-0.027859047602935227
0.04723564746796648
0.010704481932334475
0.0045987106099264485
0.007302683301990576
-0.03788272401381182
0.001431518510841355
-0.00015819882159317372
-0.004203887674677867
-0.09395086161925092
-0.1391601068005694
-0.052835903295005864
0.0821687509104419
0.23369923288564787
0.12376257310082997
