55.40518324661226
1.747006680808789e-16
2.943282509604119
-2.5812020521726824
3.4173969740563495
-8.863396049164699e-16
-2.9432825096041237
-2.581202052172688
-5.055859284738409
0.23948580183580634
0.4231539069416014
-0.6394868525643219
-1.8831884199755022
-6.032082228854771e-16
-0.42315390694160193
-0.6394868525643237
-5.055859284738397
-0.23948580183580503
0.4908625604716178
1.018375286211256
-1.770120955784612
0.7137349899187896
-0.677242904648848
-0.18917628517119212
-0.20195769676834985
-1.851422720343473e-16
0.6772429046488462
-0.18917628517118779
-1.7701209557846134
-0.7137349899187909
-0.4908625604716163
1.0183752862112456
-0.9165285675181214
0.2437866760081052
0.5724569794069496
0.5886751312780262
0.6241800568268046
0.46506309087755343
-0.2759077032011521
1.2497627438388763
-2.895485286882092
-5.735210399271579e-16
0.2759077032011472
1.249762743838874
0.624180056826805
-0.46506309087755293
-0.5724569794069542
0.5886751312780273
-0.9165285675181176
-0.24378667600810675
-1.1275589840053644
-0.4577065930027632
-0.2618806047517497
-0.48583553359105996
0.6253408147819906
-0.5238092412211449
-0.41697036596860837
-0.3207866366512775
-0.48768000783947874
-0.21919556739062251
-1.6909595445304073
-3.5011883072763906e-16
0.4876800078394715
-0.2191955673906248
-0.4169703659686051
0.3207866366512744
-0.6253408147819884
-0.5238092412211441
-0.2618806047517485
0.4858355335910601
1.1275589840053648
-0.45770659300276084
1.310984075340606
0.26157414493893155
-0.3176683974798237
0.25432533913784616
-0.28069044318618847
-0.3118644736108117
0.09959770242839125
0.38526391139691846
1.1932768357531085
-0.04573079406372116
-0.11809771561657562
0.22137301948422056
1.0444784373951608
1.8041124150158794e-16
0.11809771561657612
0.22137301948422078
1.1932768357531087
0.045730794063721825
-0.09959770242839197
0.3852639113969188
-0.28069044318618996
0.3118644736108128
0.31766839747982356
0.25432533913784644
1.3109840753406048
-0.26157414493893266
0.8752251278341137
-0.37366986393164714
0.08406747046944435
0.1335866948329707
-0.11199387471258611
-0.12729626391805154
-0.33718592056492924
0.08763860279770447
0.08226807186925228
-0.7223939801406665
0.41115587839888124
0.2921879229951828
0.1574143778949436
-0.6614745588261258
0.3943215876257359
3.400058012914542e-16
-0.15741437789494273
-0.6614745588261264
0.41115587839888346
-0.29218792299518304
-0.08226807186925236
-0.7223939801406657
-0.3371859205649297
-0.08763860279770386
0.11199387471258568
-0.12729626391805104
0.08406747046944366
-0.13358669483297092
-0.8752251278341107
-0.3736698639316482
-0.34027892182050523
-0.4471319639037399
0.15912694486872625
-0.004718046710645324
0.18563432952690925
0.07776948709692841
-0.10776848161101178
0.11422045031178227
0.06195531385250297
0.20124044951971753
0.08763584084992687
0.25116371686393246
-0.4224728383391543
-0.0939716538019933
-0.11445179837464817
0.0820196846940287
-0.18310831280220297
-2.636779683484747e-16
0.11445179837464721
0.08201968469402826
-0.42247283833915406
0.09397165380199157
-0.08763584084992604
0.25116371686393363
0.06195531385250286
-0.2012404495197176
0.10776848161101206
0.11422045031178225
0.18563432952690895
-0.07776948709692777
-0.15912694486872672
-0.0047180467106446855
-0.3402789218205056
0.4471319639037402
0.08959713286151731
0.1676215556094362
0.06530460902455545
-0.24051906521962838
0.21479222482484767
-0.0008541438807588841
0.2405386533084916
-0.14772025697219338
0.16599561037550534
-0.18935271597347664
0.07195422320993126
-0.17911540261527867
-0.06001496774653736
0.16480305656724092
0.04531222020541076
-0.2582742217318523
0.3562723599852301
0.19804377818150404
0.39120107680767924
9.159339953157541e-16
-0.3562723599852302
0.19804377818150487
0.04531222020541037
0.2582742217318516
0.060014967746536224
0.16480305656724037
0.07195422320993167
0.17911540261527878
-0.16599561037550462
-0.18935271597347664
0.24053865330849136
0.1477202569721951
-0.2147922248248485
-0.0008541438807582596
0.06530460902455537
0.24051906521962957
-0.08959713286151744
0.1676215556094352
-0.08205708068941925
0.16282660668392313
-0.1772227558134405
0.061444674762589496
0.009885253027414054
-0.20192196019684294
0.11242088974678693
0.14804207610189102
-0.2571771283688721
-0.00553332192477346
0.07145249645681395
0.22996048202461805
0.0021280780482135497
-0.15726352871819627
0.04840839008024311
0.008869771336494636
-0.29552293241267474
0.16205119921077
0.30571765577766663
-0.06791534686105766
0.027668033673302284
-9.992007221626409e-16
-0.3057176557776671
-0.06791534686106071
-0.2955229324126759
-0.162051199210771
-0.048408390080243155
0.008869771336494449
0.0021280780482133
0.1572635287181951
-0.07145249645681334
0.22996048202461694
-0.2571771283688716
0.005533321924774071
-0.1124208897467871
0.14804207610188932
0.009885253027413485
0.20192196019684266
0.1772227558134402
0.06144467476258947
-0.08205708068941997
-0.1628266066839232
-0.3833332156426502
0.06736950753662291
-0.05017758026768382
0.12440173091167624
0.017992708391091072
0.138401825663578
-0.0549745853998766
-0.09887336736862942
-0.20742257870118208
0.06506818698336547
-0.14495867197372259
0.006023173085712083
0.06843551343553919
-0.02899692864411199
0.07479940394239866
0.07442697340326349
-0.1967213088721829
0.02672346596531073
-0.1214807685285978
0.029094206710998327
-0.21638569584160172
0.21207940957815974
-0.3574513998040562
-1.304512053934559e-15
0.2163856958416021
0.21207940957815807
-0.1214807685285974
-0.02909420671099691
0.19672130887218303
0.026723465965310722
0.07479940394239995
-0.07442697340326537
-0.06843551343553914
-0.028996928644113143
-0.1449586719737232
-0.006023173085713249
0.2074225787011812
0.06506818698336558
-0.05497458539987665
0.09887336736862978
-0.017992708391092474
0.13840182566357775
-0.05017758026768421
-0.124401730911675
0.38333321564265166
0.06736950753662319
0.205736756245251
0.07787833320815732
0.04823932855998046
-0.04267340296918224
-0.05104984915961347
0.05748355559085905
-0.030113464746770322
-0.002719153559736731
0.0963424755697618
0.08487749285797737
-0.10341721601058462
0.03908726657485176
-0.06856440267723735
0.012049954489161824
0.09796887996210335
-0.007924267132732837
0.13782055724258052
0.002915873651518998
-0.2674966023059081
0.19132071812798235
0.041383111756866875
-0.11432773750950231
0.009279600085811149
0.1774072379351314
0.04781535016113628
-7.771561172376096e-16
-0.009279600085810913
0.17740723793513336
0.041383111756866375
0.11432773750950227
0.2674966023059068
0.19132071812798224
0.13782055724257944
-0.002915873651519546
-0.09796887996210209
-0.00792426713273249
-0.06856440267723772
-0.012049954489162268
0.10341721601058407
0.039087266574851814
0.096342475569762
-0.08487749285797644
0.030113464746770992
-0.0027191535597369254
-0.051049849159614025
-0.05748355559085999
-0.048239328559980435
-0.042673402969181644
0.20573675624525206
-0.07787833320815585
0.05331598787984032
-0.17226506726330382
0.03477021425394683
-0.003810250285097294
-0.10259104709622169
0.02108982253953151
-0.01614515749894471
0.07053922039929605
0.03239810791096154
-0.040500655125634
0.053747414961538745
-0.05234247258137739
0.001618491199341085
0.046603184198796666
-0.06855612466708288
-0.03284102138503239
-0.08011052130156754
-0.01410158865422767
-0.02528570998800611
-0.162787654824528
0.2627266427610394
0.035930928594853584
-0.0664853427182448
0.03912785910961074
0.034164396868592906
-0.1796433560183938
-0.023018658835595174
1.1102230246251565e-16
-0.03416439686859224
-0.17964335601839398
-0.0664853427182456
-0.039127859109612195
-0.26272664276103874
0.03593092859485236
-0.02528570998800711
0.16278765482452848
0.08011052130156773
-0.014101588654227698
-0.06855612466708266
0.032841021385032615
-0.001618491199341654
0.046603184198796055
0.0537474149615384
0.05234247258137644
-0.03239810791096154
-0.040500655125633916
-0.016145157498944795
-0.07053922039929607
0.10259104709622087
0.021089822539529957
0.03477021425394633
0.003810250285097183
-0.053315987879840265
-0.17226506726330448
-0.037812479548837014
-0.11837551624857967
-0.024490845561788627
-0.032595488825905516
0.11954952783836272
-0.020435737432658696
-0.06327256445597278
0.01894407346862481
0.036815311115142135
0.024747486011444123
0.03748678376469389
0.019394773455266214
0.04818644757027764
-0.020560594778193497
-0.01899350766623613
0.1120622932654118
0.07934774187578647
0.034796677647479665
-0.037215805009092426
0.00392812155184688
0.008164400111445813
0.046217352513108656
0.20763050058480392
-0.2383422922355095
0.28679940455491887
0.037750136919605
-0.16985991211791043
-0.10096141540884479
0.22368939563615686
5.689893001203927e-16
0.16985991211791002
-0.10096141540884415
0.2867994045549188
-0.037750136919604826
-0.20763050058480303
-0.23834229223551048
0.008164400111445147
-0.04621735251310871
0.03721580500909268
0.003928121551847019
0.07934774187578741
-0.03479667764747932
0.018993507666235573
0.1120622932654124
0.048186447570278096
0.02056059477819369
-0.03748678376469315
0.01939477345526583
0.036815311115142746
-0.024747486011443415
0.06327256445597314
0.018944073468625283
0.11954952783836309
0.020435737432658384
0.024490845561788765
-0.03259548882590507
-0.03781247954883679
0.11837551624858031
0.016002361268523613
0.02363088288950041
-0.0918518369435949
-0.01853116766596556
0.007239803507309933
-0.060283943871518024
0.019107234238743234
-0.014789452233887793
-0.018839438530396782
-0.023887227071929737
-0.08887430871959501
-0.04503965118644329
-0.09340735399815323
-0.005557051184281514
-0.018197016578035963
-0.03139841744108263
0.11032342125789274
-0.07977059052223914
-0.08808967969209339
0.07665815440348328
-0.1436364011551407
-0.031867930376118916
-0.06657090580811975
0.03319626189260023
-0.18812542596589366
-0.0399724356087765
0.07171448934128397
-0.08167732956038311
-0.043369745482368965
0.06304093736601894
0.07184732172138154
-6.071532165918825e-16
0.04336974548236777
0.06304093736601876
0.07171448934128416
0.08167732956038405
0.18812542596589368
-0.03997243560877664
-0.06657090580811986
-0.03319626189260029
0.1436364011551412
-0.03186793037611982
-0.08808967969209475
-0.0766581544034821
-0.11032342125789193
-0.07977059052223995
-0.01819701657803635
0.03139841744108285
0.09340735399815267
-0.005557051184281261
-0.08887430871959498
0.045039651186443375
0.018839438530397143
-0.023887227071929987
0.019107234238742915
0.01478945223388893
-0.007239803507310016
-0.06028394387151753
-0.09185183694359489
0.018531167665965825
-0.016002361268524112
0.023630882889500382
0.035006511415377306
0.14964785173370787
0.06032588542954695
0.033947314056841676
-0.02620107303842728
-0.029764963946742565
0.05117056391195263
-0.03957076221318155
0.10562708650973351
0.006237380187089671
-0.009286199185261024
0.0087564712479678
0.07502761560625244
0.02684889938503529
-0.008187488141707527
-0.06170450298630044
0.06577559540206901
-0.03577844920303687
0.13380574755273192
-0.07941210927027273
0.19105230518168068
0.014455144404757314
-0.16525291740751394
0.0023025067424258527
0.08411735061132253
-0.07962824931869625
0.10190059669900788
0.1714232476331859
-0.06587580160590126
-0.026652596819614877
0.02504932783352737
-0.006022259975089567
-0.15318736369413355
-4.163336342344337e-16
-0.02504932783352759
-0.006022259975090139
-0.06587580160590076
0.02665259681961482
-0.10190059669900864
0.17142324763318556
0.08411735061132128
0.0796282493186969
0.16525291740751424
0.002302506742426394
0.1910523051816807
-0.014455144404758105
-0.1338057475527318
-0.07941210927027283
0.06577559540207006
0.03577844920303816
0.008187488141707347
-0.061704502986300314
0.07502761560625222
-0.026848899385034597
0.00928619918526144
0.008756471247967301
0.10562708650973289
-0.006237380187089442
-0.0511705639119521
-0.03957076221318154
-0.02620107303842778
0.029764963946741795
-0.060325885429547615
0.033947314056842426
0.035006511415377695
-0.14964785173370826
-0.21224585136112914
-0.10236507247864296
0.058070979269491396
-0.07385411753030192
0.10700571126356545
0.07331530503897812
-0.013979037126123417
-0.017139884391115405
-0.13129547078052323
-0.01972493519657137
-0.0027846236138726263
-0.022207504898639763
0.0727117653455268
0.03209974489397413
-0.038991016101810966
-0.00867450968517769
-0.07738577899418236
0.03774498582286488
-0.033720397123214674
-0.053098281029074344
-0.012766896570048467
0.013886821807347682
-0.013520720066162617
-0.0932270714323753
0.13746734362472188
0.06369875411707632
-0.058073356941723095
0.04667567392072386
0.13729990250600788
-0.10443458598247637
-0.12686289029910772
0.08615452205419266
0.0019346372125278455
-0.03698318431313147
-0.032937932140768456
6.279698983036042e-16
-0.0019346372125278455
-0.036983184313130815
-0.12686289029910833
-0.08615452205419324
-0.13729990250600865
-0.10443458598247646
-0.05807335694172294
-0.04667567392072333
-0.13746734362472135
0.06369875411707582
-0.013520720066163394
0.09322707143237512
0.012766896570048591
0.013886821807348154
-0.0337203971232148
0.05309828102907449
0.07738577899418184
0.03774498582286519
-0.038991016101810716
0.008674509685177745
-0.07271176534552713
0.0320997448939741
-0.0027846236138724667
0.02220750489864
0.1312954707805239
-0.01972493519657087
-0.013979037126123792
0.0171398843911149
-0.10700571126356512
0.07331530503897887
0.05807097926949112
0.073854117530301
0.21224585136112986
-0.10236507247864263
0.000905386619974885
0.2584003213899161
-0.07000790836114407
-0.05040307604583438
0.013844059515188786
-0.01533809833103418
0.07994053066226645
0.04642949679550364
0.004682357527124537
0.052251592042350914
-0.0268204440505892
-0.008969584265788977
0.03067021413910484
-0.04026209812771819
0.07143590341946707
-0.02105562575484482
0.060178764792312156
0.011823343365299721
-0.09223610672498898
0.05732854538043908
0.03383793698251992
-0.027743143684797522
0.04595740656631906
0.09570485875028845
-0.030090562824387768
-0.0011056250590326666
0.046814756918262576
-0.008138008280909936
0.09711410300444087
0.03135322415304935
-0.18802050911234036
0.15249132628542011
0.16464209409801212
-0.005818853605060903
0.045013992950548976
0.2935700658456488
0.21314041219704746
-8.257283745649602e-16
-0.045013992950548906
0.29357006584564865
0.16464209409801156
0.005818853605060917
0.18802050911234033
0.1524913262854203
0.09711410300444122
-0.03135322415304934
-0.04681475691826212
-0.008138008280910013
-0.03009056282438713
0.001105625059032972
-0.045957406566318804
0.09570485875028831
0.033837936982519606
0.027743143684797272
0.09223610672498955
0.057328545380439244
0.06017876479231246
-0.011823343365299985
-0.07143590341946729
-0.02105562575484507
0.03067021413910527
0.04026209812771814
0.02682044405058883
-0.008969584265788935
0.0046823575271239815
-0.05225159204235011
-0.07994053066226697
0.04642949679550352
0.013844059515188193
0.015338098331034236
0.07000790836114434
-0.05040307604583433
0.0009053866199754124
-0.2584003213899161
