65.62983838388895
1.943173369625129e-15
5.2488762292920175
-2.4298114919192937
1.7887325601250852
-1.248436882706312e-15
-5.248876229292007
-2.429811491919284
-3.176676948647423
-0.5147768986488721
0.22566885075417964
-0.1216517153879623
2.52629761441289
-8.527405499672461e-17
-0.22566885075418086
-0.12165171538796196
-3.1766769486474464
0.5147768986488871
0.692068033406313
0.9630126030989616
-0.11075185806725968
-0.03185633306674621
-0.4545509746615629
0.5551559498589049
0.8326790250037204
-4.595678240628089e-16
0.4545509746615394
0.5551559498589027
-0.11075185806725527
0.031856333066746706
-0.6920680334063172
0.9630126030989659
-2.4782311102285846
0.3540711956774885
0.006817608697806787
0.04237168522421513
-0.5400431495602682
0.02783653009437983
0.11889913771010491
-0.014217708566757109
-5.033248579462936
-2.8260966453695633e-16
-0.11889913771010184
-0.014217708566758157
-0.5400431495602651
-0.027836530094380554
-0.006817608697808009
0.04237168522421388
-2.478231110228586
-0.3540711956774783
-1.5388893729820037
0.23598584248693202
-0.10287146591121081
0.03011888852201042
0.6159128195616408
0.24060944445032395
-0.13883646466876293
-0.008314859192015857
-1.288107787614365
0.4840599147506455
-0.419711708400183
-5.591686876209275e-17
1.288107787614364
0.48405991475064447
-0.13883646466876182
0.008314859192016124
-0.6159128195616403
0.24060944445032292
-0.10287146591121124
-0.03011888852200903
1.5388893729819988
0.23598584248693139
0.7907596734763617
0.33291842693839047
-0.051329942738954776
-0.022706512207936812
-0.7518983333095344
0.08637084931370964
0.05618903545496544
0.05238833325951692
0.6584156320687925
0.1717946241090776
-0.1771842638673602
0.0941104459960444
-0.4057151856744714
4.3021142204224816e-16
0.17718426386735997
0.09411044599604382
0.6584156320687927
-0.1717946241090767
-0.05618903545496627
0.05238833325951762
-0.7518983333095363
-0.08637084931371113
0.0513299427389545
-0.02270651220793611
0.790759673476362
-0.3329184269383899
0.21406411223771477
-0.43809103026712737
0.0453645425410556
0.03897834854956583
-0.5539047899757052
0.016148653804477803
-0.11828355329827357
0.017808555645096542
0.10586298013682716
-0.15212415983274488
0.05058248090394443
0.04284206202656832
0.049378259728365126
-0.2270878493785477
-0.32006322001267873
1.1102230246251565e-16
-0.04937825972836468
-0.22708784937854729
0.05058248090394413
-0.04284206202656847
-0.1058629801368261
-0.152124159832745
-0.11828355329827242
-0.017808555645096806
0.553904789975705
0.016148653804479662
0.04536454254105589
-0.03897834854956561
-0.214064112237714
-0.438091030267127
0.20385951126979004
-0.20964125893734792
-0.007757103443982255
0.004069797263744887
0.3931781504380012
-0.018078121946827286
-0.11317904688933694
0.020249990094960785
0.18015603417774528
-0.11309733320912324
0.04761470998807468
0.01433442562721568
0.27033013085385943
-0.09364898564274576
-0.13132276759295458
0.042520313769614
1.1590973671399272
-7.771561172376096e-16
0.1313227675929543
0.04252031376961295
0.27033013085386015
0.09364898564274692
-0.047614709988075765
0.014334425627214487
0.18015603417774645
0.11309733320912368
0.11317904688933653
0.020249990094960868
0.39317815043800153
0.018078121946826675
0.0077571034439821995
0.004069797263743874
0.20385951126979063
0.20964125893734853
0.6216683620545953
-0.06672197065277663
-0.01696250221498455
-0.03978752415972541
0.039375473366150715
-0.11905035360187635
0.058606358634264
-0.006384175234205411
0.2805195101212302
-0.13989186241181883
-0.028765361708588955
-0.04900420024116405
-0.250022252807703
-0.17052168642510024
0.06852493939048669
-0.031016776364073614
0.5847152841146461
-0.26555537856368905
0.13881746344780058
1.6653345369377348e-16
-0.5847152841146462
-0.2655553785636899
0.06852493939048705
0.03101677636407356
0.2500222528077017
-0.1705216864250985
-0.028765361708588923
0.04900420024116435
-0.28051951012122944
-0.13989186241181967
0.05860635863426432
0.006384175234205369
-0.039375473366149494
-0.11905035360187546
-0.016962502214983792
0.039787524159724454
-0.6216683620545945
-0.06672197065277552
-0.19812908438465482
-0.2136999255661155
0.06714578542484728
-0.006045600147168886
0.0634458394155159
-0.061618145363072974
0.03328002416046097
-0.003206551685148995
0.022549975928340238
-0.010747213986434606
0.025691679994676808
-0.012415484577289464
0.24616782582845004
-0.008573716962584403
0.02683754672193521
-0.08592370782707727
-0.18699778459916533
-0.05529564452222373
0.13677303500666
-0.14296484630043266
0.004816057149930955
3.3306690738754696e-16
-0.1367730350066604
-0.14296484630043338
-0.18699778459916527
0.055295644522223214
-0.026837546721935432
-0.0859237078270774
0.2461678258284497
0.008573716962584466
-0.025691679994677558
-0.01241548457728884
0.02254997592833924
0.010747213986435071
-0.03328002416046055
-0.003206551685148551
0.06344583941551626
0.06161814536307342
-0.06714578542484637
-0.006045600147168428
-0.19812908438465415
0.21369992556611495
-0.1491635927755275
0.20529194363889752
-0.030632043772749085
0.0357022968730372
0.2653837434851778
-0.06069166313407806
-0.013757043490402382
-0.011253406352546735
-0.16756778735775169
-0.004649135116838121
0.01873816530215386
0.03148493847372018
0.30467370636221064
-0.004874759534610862
0.07800889643733146
0.038858714416664
-0.18956164146872245
0.08131331433597609
0.03645962692705536
-0.005569876773151433
0.051079451014024835
0.1611898551550933
0.17240909762884216
-2.220446049250313e-16
-0.05107945101402506
0.16118985515509324
0.03645962692705497
0.005569876773150642
0.18956164146872362
0.08131331433597463
0.07800889643733136
-0.03885871441666434
-0.30467370636221147
-0.004874759534609918
0.0187381653021534
-0.031484938473720095
0.1675677873577511
-0.0046491351168379685
-0.013757043490402965
0.011253406352546486
-0.2653837434851769
-0.060691663134078144
-0.03063204377274842
-0.035702296873038525
0.14916359277552543
0.2052919436388981
-0.09918615275921772
0.23986282335914372
-0.029289780970130158
-0.022257920667880654
-0.007590207043967401
-0.10766247438971646
0.04067145627154242
-0.035724660428479466
0.015212570983050067
-0.005301745062759683
-0.049467191677470185
-0.04124677626124858
-0.13493813298305812
-0.008720451221261097
0.05128979810013977
-0.033100435356332725
-0.049288322753559266
0.06815977297872237
-0.10697538042324284
0.01504511390074062
-0.13938218494443577
0.08406594583843091
0.08946163620460866
0.020264123921776275
-0.3175983245455293
-7.91033905045424e-16
-0.08946163620460876
0.020264123921775512
-0.13938218494443597
-0.08406594583843054
0.10697538042324284
0.015045113900740606
-0.049288322753558836
-0.0681597729787225
-0.051289798100139755
-0.033100435356332475
-0.13493813298305893
0.008720451221260597
0.04946719167747002
-0.04124677626124819
0.0152125709830504
0.0053017450627590584
-0.04067145627154254
-0.035724660428479826
-0.007590207043966561
0.10766247438971678
0.02928978097013052
-0.022257920667880148
-0.09918615275921994
-0.23986282335914505
-0.17061432075085314
0.016830836094984897
0.030791791078042544
-0.02806031782984028
-0.11384785978604572
0.1575544738041229
0.017924285314610877
0.0049862574431652484
0.08435942973350269
0.050989826409345546
0.042720734497994406
-0.027343144332772337
-0.0920871672556753
0.06273519573286787
-0.00816972620698668
-0.02943685215868229
-0.10369317871606548
0.09996020254745032
0.003372189928172606
-0.0038112904501214073
0.0986593980372136
0.1278959354691987
-0.05057437788909555
0.02144186079077222
-0.2736131588575579
0.16430002627677948
-0.11051095607276579
-4.85722573273506e-16
0.2736131588575578
0.16430002627677912
-0.05057437788909548
-0.021441860790772885
-0.09865939803721503
0.12789593546919906
0.003372189928172911
0.0038112904501220388
0.10369317871606554
0.09996020254744994
-0.008169726206986347
0.029436852158682428
0.09208716725567473
0.06273519573286762
0.042720734497993754
0.027343144332772615
-0.0843594297335025
0.050989826409346524
0.017924285314610697
-0.0049862574431647905
0.11384785978604539
0.1575544738041231
0.030791791078041864
0.028060317829840253
0.1706143207508541
0.016830836094985552
0.01147145937952937
-0.008915599574652877
0.012944235793830007
0.05877898707726076
-0.06961841908659558
0.14511673183765594
-0.04115413753656419
0.02669183081751128
-0.04203744465449879
-0.01012556441009027
0.0359218998065329
0.03419511336926792
0.012753758855532371
0.028758993779099434
-0.02586927583488879
0.016207918627990356
-0.05420651630607209
0.0032047820930138013
0.029765454997032613
0.032738993997922676
-0.0623959958804039
-0.025495709359072583
-0.040443812641942856
0.064404863853986
0.012168270536735776
-0.00348314415027998
-0.06630609812922975
0.11781264374213823
0.07762637644677894
3.3306690738754696e-16
0.06630609812922972
0.117812643742138
0.01216827053673572
0.0034831441502807606
0.040443812641943036
0.06440486385398583
-0.06239599588040491
0.02549570935907298
-0.02976545499703245
0.03273899399792338
-0.05420651630607182
-0.0032047820930141135
0.025869275834888683
0.016207918627990217
0.012753758855532149
-0.028758993779098282
-0.03592189980653304
0.03419511336926768
-0.042037444654498685
0.010125564410089966
0.041154137536564314
0.026691830817510948
-0.06961841908659466
-0.14511673183765617
-0.012944235793830167
0.05877898707726045
0.011471459379529023
0.008915599574654043
0.14444535925757432
0.08605623415867436
-0.048610870368138305
-0.006518326870391347
-0.11352741772916204
-0.06848860955321234
-0.015704759288408435
-0.01879499732527673
-0.016885270155095833
0.03756566215497384
-0.021719557135142023
-0.009938138794444579
-0.07147396393275256
0.06789871983759081
-0.018402098725779872
0.023645598826823683
0.11479017767144974
0.040093808826953056
-0.0250470208228293
-0.017212519720263005
-0.19237021687947875
0.006909588503142126
-0.047243555161935395
-0.02195907297624185
0.19681383429176602
-0.07508791273312704
-0.06599066224209404
-0.008062528596978438
-0.05976387157326271
-0.15133781516741646
-0.06618427300336815
-1.3322676295501878e-15
0.059763871573262545
-0.15133781516741657
-0.06599066224209453
0.008062528596978175
-0.19681383429176627
-0.07508791273312682
-0.04724355516193564
0.021959072976241334
0.19237021687947922
0.006909588503142522
-0.025047020822829405
0.017212519720262956
-0.11479017767144996
0.040093808826952404
-0.018402098725779987
-0.023645598826823655
0.0714739639327526
0.06789871983759066
-0.021719557135141676
0.009938138794445335
0.016885270155095944
0.03756566215497317
-0.015704759288409254
0.018794997325276702
0.11352741772916256
-0.06848860955321215
-0.04861087036813849
0.006518326870391673
-0.14444535925757523
0.08605623415867497
0.011834563758701067
-0.30879484210975416
0.011077469103395868
-0.03883208427594406
0.03463671459986051
0.04416110934506601
0.03162967016266506
0.016471741625146488
0.010621733642875358
0.08123539945836265
-0.025985266246020627
-0.007872422723527117
-0.0683884190479433
0.028183380943753573
0.00902312107752555
0.025264148986633348
0.005732332575102944
0.006467751567859267
0.015262091124168976
0.048835029974384596
0.019330894344372462
0.012360342011918019
-0.02877152748711226
0.029803027348982686
0.04920261975774415
-0.030601821972917186
0.12884816371822286
-0.020042472407210334
0.05887791233135997
-0.05952464959368334
-0.0632042550037385
-0.06364565640053968
0.1084260853870738
-1.249000902703301e-16
0.06320425500373894
-0.06364565640053987
0.058877912331360416
0.05952464959368242
-0.12884816371822186
-0.020042472407210764
0.04920261975774463
0.030601821972917137
0.028771527487112203
0.029803027348983283
0.019330894344372324
-0.012360342011918185
-0.015262091124168382
0.04883502997438459
0.0057323325751027845
-0.00646775156785874
-0.00902312107752622
0.025264148986633324
-0.06838841904794249
-0.028183380943753375
0.025985266246019476
-0.007872422723527166
0.010621733642874165
-0.08123539945836206
-0.03162967016266491
0.016471741625146953
0.03463671459986095
-0.04416110934506684
-0.011077469103395986
-0.038832084275944076
0.011834563758700605
0.30879484210975383
0.05040453043189859
-0.03599762597205117
0.04918341248460838
0.021345891223050716
0.05680236534845773
0.05110520262836506
-0.0333449490871051
0.022735177128773654
-0.09185328954732142
-0.07364731347145814
0.023409057879312314
0.03480205052801928
0.09549199846023862
-0.054477934349276586
-0.031044112753417338
-0.0028958483860033746
-0.09125257955459466
-0.06131782395893264
-0.0156984697658369
0.027618075404901604
0.10162860200274845
-0.06815792140155477
-0.02902296338593742
0.05816790002373124
0.04137371174818469
-0.10295747793938917
0.03671856028121369
0.029916978331066352
-0.040856019940054875
-0.10725770584119519
0.050174501150593534
-0.004016690270388739
0.1287634065614762
-0.11812000184422067
0.13572087951709755
-2.7755575615628914e-16
-0.12876340656147628
-0.11812000184422061
0.0501745011505943
0.00401669027038884
0.040856019940054195
-0.10725770584119552
0.03671856028121383
-0.029916978331065866
-0.04137371174818487
-0.10295747793938889
-0.029022963385936712
-0.05816790002373132
-0.10162860200274856
-0.06815792140155491
-0.015698469765837185
-0.02761807540490202
0.09125257955459438
-0.06131782395893262
-0.031044112753418028
0.0028958483860030693
-0.09549199846023786
-0.054477934349276586
0.02340905787931266
-0.034802050528019234
0.09185328954732191
-0.07364731347145884
-0.033344949087105474
-0.022735177128773626
-0.0568023653484572
0.051105202628365536
0.04918341248460929
-0.021345891223051177
-0.05040453043189918
-0.03599762597204981
0.07120957734278677
0.03243850488470301
-0.04540730180271403
0.025859393633434105
-0.004270468277920755
-0.22325246473946458
0.010783068009637256
-0.03045295726568574
0.025932076690286923
0.041487393360055025
-0.032598661936285356
0.0008186759073006283
0.03460523254552304
-0.023722344341534002
0.03201633714843133
-0.00823003628643107
0.02390777998002873
0.024202301656625555
-0.055126523124457566
-0.03466411899451473
0.011022066322678048
-0.02250886600757429
0.023931275494087814
-0.035449699422338665
0.044596162310942544
-0.00043511427161892907
-0.0770650690511317
-0.03658192189580392
0.020465044573673166
0.032757090759313906
0.008440517300145396
-0.03473277866262321
0.04376408360518415
0.03107410924200308
0.023311092003743955
-0.05964922440298809
-0.08844049770881951
2.0816681711721685e-17
-0.02331109200374369
-0.059649224402987575
0.04376408360518383
-0.03107410924200229
-0.008440517300145438
-0.03473277866262288
0.020465044573673298
-0.03275709075931407
0.07706506905113139
-0.03658192189580439
0.04459616231094228
0.00043511427161967153
-0.02393127549408726
-0.035449699422338866
0.011022066322677706
0.022508866007573944
0.055126523124457955
-0.0346641189945152
0.023907779980028486
-0.024202301656624847
-0.032016337148430704
-0.008230036286431291
0.03460523254552364
0.023722344341533766
0.03259866193628527
0.000818675907301121
0.0259320766902872
-0.041487393360053776
-0.010783068009637936
-0.030452957265686337
-0.004270468277920922
0.22325246473946436
0.04540730180271368
0.02585939363343482
0.07120957734278582
-0.032438504884702846
