46.9760572469603
9.613580977489557e-16
4.397520435924664
1.68944111012351
2.4347449297821617
-1.2987883362869744e-15
-4.397520435924651
1.689441110123515
-2.5705262137671383
0.44116768549555707
0.172431174636973
0.009285438091414359
9.171618368473922
1.428748099516961e-15
-0.1724311746369782
0.009285438091416255
-2.5705262137671476
-0.4411676854955566
0.05727729694129143
-0.701587332410211
0.05781227437392045
-0.11881917268726945
1.0823157733425597
0.09355142085282676
2.5889837131011046
-8.208228576922153e-16
-1.0823157733425568
0.09355142085282872
0.057812274373921224
0.11881917268727171
-0.05727729694128825
-0.7015873324102085
-1.6489363264390167
-0.32385849066733496
0.16056188501587632
0.09725753188390607
-1.0264723526751678
0.08803028442420767
0.26316193861491693
0.3018740350744905
-0.5773719620504182
-4.688630605261451e-16
-0.2631619386149162
0.30187403507448995
-1.0264723526751642
-0.08803028442420914
-0.16056188501587226
0.09725753188390518
-1.6489363264390269
0.32385849066733263
-0.7804228244933282
-0.15739660259922275
-0.1601429654195346
0.2632578746183883
0.1921938836242139
-0.27108018957473573
-0.36736973882795243
0.06362806009005739
-0.3162485173660212
-0.272164810175507
0.8861552906514328
4.2062949428556357e-16
0.3162485173660226
-0.27216481017550614
-0.36736973882795176
-0.06362806009005917
-0.1921938836242122
-0.27108018957473556
-0.16014296541953277
-0.2632578746183869
0.7804228244933276
-0.15739660259921867
0.6780228466378906
-0.024219229034157574
-0.24323463452241076
0.0015174118060847022
-0.9027207008557361
-0.130549203073889
0.0069684823252535305
-0.17699008597397473
-0.02252491358596287
-0.0214128895175493
-0.02215322652389412
-0.143356459055762
-1.6875841924347692
-2.7755575615628914e-17
0.022153226523891845
-0.14335645905576178
-0.022524913585962203
0.02141288951754869
-0.006968482325256306
-0.17699008597397542
-0.9027207008557311
0.130549203073889
0.24323463452240893
0.00151741180608439
0.6780228466378873
0.024219229034157776
-0.022519833029236658
0.31161576238446687
-0.03291759699895461
-0.2796598137622825
-0.4654579308094556
-0.07505927644673732
-0.16918255920359515
-0.03257847150090945
0.3767039996255177
-0.0329843830253318
-0.4361151709682318
-0.0660946541211973
-0.48301682549366365
-0.10825608104502245
-0.3884034676516647
5.551115123125783e-17
0.48301682549366287
-0.10825608104502285
-0.43611517096823077
0.06609465412119837
-0.3767039996255188
-0.03298438302533191
-0.1691825592035968
0.032578471500909575
0.4654579308094574
-0.0750592764467369
-0.032917596998955634
0.2796598137622836
0.022519833029237935
0.31161576238446653
0.0017498477564402704
0.07787933000790342
0.17730540219922705
-0.18773877293083188
0.45375343108721045
-0.015875642199206376
-0.1268126938476261
-0.008219338686995635
-0.37042090862936433
-0.02319920673204448
0.0364326380109147
-0.1212644329182177
0.4061283524980772
0.01162493179853219
-0.2729160937114022
-0.15557507832615147
-0.6746788113683095
5.551115123125783e-17
0.2729160937114004
-0.15557507832615097
0.4061283524980749
-0.01162493179853255
-0.03643263801091293
-0.121264432918217
-0.3704209086293635
0.023199206732044272
0.12681269384762664
-0.008219338686996605
0.4537534310872099
0.015875642199204426
-0.17730540219922858
-0.18773877293083188
0.0017498477564398818
-0.07787933000790236
0.41496152169362793
-0.12898740376232548
0.15113231509090327
0.11711752598117857
0.017284052738544265
0.19128131353092953
0.00591275122781533
-0.07002038225070635
-0.2742418749314067
-0.016431836991475483
-0.2089610470086587
0.022287663315012834
0.2726774138474083
0.06049563690235488
-0.2800085038491327
-0.021660177305655278
-0.23205153999807068
-0.0013474965912369796
-0.5580661511650511
-2.7755575615628914e-17
0.2320515399980715
-0.001347496591237618
-0.2800085038491321
0.021660177305655115
-0.2726774138474076
0.060495636902355654
-0.20896104700865817
-0.022287663315012807
0.2742418749314067
-0.01643183699147492
0.005912751227816607
0.07002038225070593
-0.017284052738543366
0.19128131353093017
0.15113231509090347
-0.11711752598117917
-0.4149615216936276
-0.1289874037623261
0.03361218962290888
0.09561150814535899
-0.06312199644582443
0.24721308054199514
-0.007990426772124054
0.059475795470081305
0.026713208752949334
-0.01979955711291652
0.2344208106586882
0.0045159317299680035
-0.18249620692976015
0.04895283756936224
-0.08215175515090753
0.000257144510385561
0.03239439933860647
-0.029523434609072904
0.3010377402693085
-0.006991937869921874
-0.22208924451483308
-0.058427133900433414
-0.038581966482886476
2.220446049250313e-16
0.22208924451483386
-0.058427133900434636
0.30103774026930913
0.006991937869922207
-0.032394399338606966
-0.029523434609072557
-0.08215175515090843
-0.00025714451038595654
0.18249620692976004
0.0489528375693625
0.23442081065868806
-0.004515931729966907
-0.02671320875294836
-0.01979955711291668
-0.007990426772123388
-0.0594757954700806
0.06312199644582357
0.24721308054199484
0.033612189622908045
-0.09561150814535935
-0.08889085176065159
0.05718146794420456
-0.1725445488690362
0.08273473370385917
0.23992457803409278
-0.07530439992835607
0.06018538978810592
0.05563697174624446
-0.02303166186389506
0.12210288250483614
0.04900345466595299
-0.047689621520868836
-0.08704083476693165
-0.03199886344383624
-0.07026508878491566
-0.028152681110636527
0.06748840265813782
0.02909355955800505
0.13869254903088402
-0.024869404108833676
-0.06679033971206537
0.017693023883236486
0.07664554796636303
-1.1796119636642288e-16
0.06679033971206591
0.017693023883236868
0.1386925490308843
0.02486940410883344
-0.06748840265813755
0.029093559558004477
-0.07026508878491561
0.028152681110635666
0.08704083476693165
-0.03199886344383629
0.04900345466595252
0.04768962152086965
0.023031661863895533
0.12210288250483536
0.060185389788106045
-0.05563697174624385
-0.2399245780340924
-0.07530439992835594
-0.17254454886903636
-0.0827347337038592
0.08889085176065198
0.057181467944204034
-0.07391134269837119
-0.10646518027805549
-0.05384738822786833
-0.14005966969248146
-0.0003545364708853263
0.0533857669335194
0.016306589290531665
0.08471369612591616
-0.008721471862498581
0.013795399807575548
0.046114254806583925
-0.015162220855898634
0.07552395372054414
-0.04624388220940455
-0.030059829796693527
0.06038206112769905
0.020664489308371885
-0.01040736967937908
0.10504232220272322
0.08994570564842144
0.018740164796945194
-0.017657307909680064
0.11424435950603085
0.15525061104640012
0.06842609483345248
2.0816681711721685e-16
-0.11424435950603173
0.15525061104640014
0.018740164796944195
0.017657307909680925
-0.10504232220272267
0.08994570564842023
0.020664489308372426
0.010407369679378428
0.030059829796693943
0.06038206112769956
0.07552395372054405
0.04624388220940416
-0.046114254806584244
-0.015162220855898391
-0.008721471862497943
-0.013795399807576603
-0.016306589290531998
0.08471369612591659
-0.0003545364708855067
-0.053385766933519346
0.05384738822786829
-0.14005966969248235
-0.0739113426983703
0.10646518027805407
-0.2457098488205415
-0.07201256466651955
0.10620854494547485
-0.1694873263025407
-0.054324795056379965
0.019985352897221267
-0.058073411155093735
0.040733168230726854
0.19346656625718506
-0.09156997982371023
0.09879137945160865
0.04744624813226049
-0.05088565731378286
0.053180693186704264
0.1533874052543949
0.06398214497788016
0.015135576282911456
-0.012770809976528567
0.06513002147117339
0.0636565528406499
-0.05526134977495434
0.0318263818203533
0.2486601229881681
0.06365056265211635
-0.044694709634205965
0.057112654585345146
0.19084219860704071
-2.914335439641036e-16
0.044694709634206076
0.05711265458534445
0.24866012298816834
-0.06365056265211717
0.05526134977495378
0.03182638182035366
0.06513002147117303
-0.06365655284064933
-0.015135576282911567
-0.012770809976528838
0.15338740525439518
-0.0639821449778806
0.050885657313782584
0.05318069318670507
0.09879137945160868
-0.047446248132260324
-0.19346656625718575
-0.0915699798237102
-0.058073411155093985
-0.040733168230726396
0.05432479505638012
0.019985352897222072
0.10620854494547385
0.16948732630254074
0.24570984882054178
-0.07201256466652095
-0.035210630835250334
-0.08330976347689457
0.1077460466098811
-0.014812261700002091
-0.03297629770012317
-0.08560704697007945
-0.020449427957066738
-0.05282861149778827
0.012635718569603549
0.027326625188968404
0.07462074868031571
0.0724401741585374
-0.016269432988156973
0.04132393925469573
0.012329569894921288
0.05640857914185391
-0.04878708521227482
-0.03667028502160741
0.060939332796309253
0.07092965064789925
0.04034677681176718
0.01219131677404911
-0.07475340294361738
0.03671871670264765
-0.10384450958197183
0.01457479948139185
0.25547955564769553
0.05099302184464069
0.174399109048736
1.8041124150158794e-16
-0.255479555647696
0.05099302184464194
-0.10384450958197194
-0.014574799481391718
0.07475340294361699
0.03671871670264795
0.04034677681176735
-0.012191316774049485
-0.06093933279630931
0.07092965064789915
-0.04878708521227437
0.036670285021607546
-0.012329569894921455
0.05640857914185298
-0.016269432988157362
-0.04132393925469515
-0.07462074868031449
0.07244017415853712
0.012635718569604742
-0.027326625188967946
0.020449427957066765
-0.052828611497788794
-0.032976297700122364
0.08560704697007968
-0.1077460466098806
-0.01481226170000205
-0.03521063083524989
0.08330976347689309
0.2139167829843328
0.011656723824116866
-0.016917786924547068
0.12909765294564168
-0.16353864526009843
-0.05634019980344963
0.055968003294683724
-0.08208506602345245
-0.08820341170995652
0.029020231907619792
-0.049009298115053695
0.02490449798464739
0.11512780465759054
-0.040860959455048265
0.04119296844895991
0.00204222285397751
-0.06927203151458708
0.02929347414006339
0.1296398888499234
0.019682575737987068
0.04127557033838464
0.013998812089250946
0.05049006907830003
-0.0114309908707865
-0.008702742407758673
0.03278567310881625
0.1907554627769384
0.00959595975673884
-0.004197124285149317
0.04079249943332315
-0.02087608129028698
-5.134781488891349e-16
0.004197124285148592
0.04079249943332378
0.19075546277693828
-0.009595959756738479
0.008702742407759034
0.032785673108816346
0.05049006907830031
0.011430990870786847
-0.041275570338384485
0.013998812089250917
0.12963988884992345
-0.019682575737986527
0.06927203151458769
0.029293474140063086
0.04119296844895956
-0.0020422228539776627
-0.11512780465759037
-0.04086095945504828
-0.04900929811505353
-0.02490449798464743
0.08820341170995619
0.02902023190762018
0.05596800329468342
0.08208506602345328
0.16353864526009826
-0.056340199803448766
-0.016917786924547068
-0.12909765294564252
-0.21391678298433334
0.011656723824115561
0.0671544828541374
0.18295870328323943
-0.07647495311288603
0.0866109136209231
-0.030401196040799466
-0.024993672704848188
0.039000482872471876
-0.0164164558263888
-0.03727994222770187
-0.057455426930939024
-0.030146434140122497
-0.053017276490262194
-0.02501303716874135
0.020931529902085383
0.12356525328177963
-0.04470603103667295
0.007789525265977371
0.06101196944659491
0.005141051971012001
-0.0025395992393010824
-0.048954795775639014
-0.005220473618904951
0.16718640362444184
0.023895658223787915
0.08701192730373894
0.00180167068316172
-0.16528203555022136
0.006075465164120164
-0.0899797765900054
0.004774583093546031
0.18351147611821522
-0.001882380690748378
0.21655311931483567
-1.5959455978986625e-16
-0.18351147611821497
-0.0018823806907490234
-0.08997977659000501
-0.004774583093545268
0.16528203555022164
0.006075465164119512
0.08701192730373913
-0.0018016706831610607
-0.16718640362444218
0.023895658223787447
-0.048954795775639964
0.005220473618905333
-0.0051410519710114455
-0.0025395992393016653
0.0077895252659771486
-0.061011969446595496
-0.12356525328178021
-0.04470603103667352
-0.02501303716874092
-0.020931529902085258
0.030146434140122816
-0.05301727649026263
-0.03727994222770195
0.05745542693093875
-0.039000482872471764
-0.016416455826389106
-0.030401196040799376
0.024993672704848008
0.07647495311288677
0.0866109136209226
0.06715448285413683
-0.18295870328323982
0.028134464382780486
0.08764141336163916
-0.05560992903424654
-0.004011836053430876
0.16841770119412092
0.005036390564341103
-0.004230746800122795
0.06622620842187266
-0.20226245824828903
-0.0009741815030226975
0.03906914127614075
-0.12010013447329881
0.017090318643367963
-0.014072246033560692
-0.025448475495058742
0.03907870838317288
0.03124552915720183
0.010818565281398074
-0.020574800743468413
-0.06048651850549222
-0.07423912249639085
-0.032882119853254344
0.08182974602924997
0.050109174677897134
0.04517422577277597
-0.017520942508021532
-0.11791102366046753
-0.023684905037898385
-0.06277409847229087
-0.009818028519888063
0.04837864283954932
-0.017091144131129443
0.12582813011782454
-0.01457743987646154
-0.3051242904889099
-5.273559366969494e-16
-0.1258281301178239
-0.014577439876461318
0.04837864283954879
0.017091144131129207
0.06277409847229094
-0.009818028519887875
-0.11791102366046721
0.023684905037899218
-0.04517422577277588
-0.01752094250802199
0.08182974602924929
-0.05010917467789767
0.07423912249639121
-0.03288211985325444
-0.020574800743468222
0.060486518505492554
-0.031245529157201773
0.010818565281398226
-0.02544847549505805
-0.039078708383172955
-0.017090318643367797
-0.014072246033560859
0.039069141276140334
0.12010013447329916
0.2022624582482891
-0.000974181503022864
-0.004230746800122143
-0.06622620842187255
-0.16841770119412092
0.005036390564341409
-0.05560992903424687
0.004011836053431528
-0.028134464382779806
0.08764141336163839
-0.035667706381100936
-0.056761947436695825
0.019658744627989874
-0.1085492052787919
0.08674116246546958
0.17514531203103295
-0.055934079843971515
0.06809934661126599
0.01823737825297843
-0.08441246198100133
0.020371156751432168
0.0010048076970743253
-0.013503608673822255
-0.005531353265447056
-0.10504149323786571
-0.0018654917363900847
-0.05814033494309438
-0.02347830618734103
0.10723294279861212
-0.04130164105738738
0.01250337443278804
0.04623773354983557
-0.08353646473802695
-0.019688253155378213
-0.12350259790623072
-0.003790289863359164
0.0915252424469948
-0.020663999987969972
0.07900429393295783
0.00787667487542243
-0.08931227174656481
-0.05808138947960487
-0.1715702456946538
-0.004707576849139999
-0.08437712878844061
-0.0975964458495854
0.10251071257739466
-2.7755575615628914e-17
0.08437712878844027
-0.09759644584958516
-0.17157024569465382
0.004707576849139944
0.08931227174656481
-0.05808138947960492
0.07900429393295746
-0.00787667487542279
-0.09152524244699455
-0.020663999987970236
-0.12350259790622961
0.0037902898633591225
0.0835364647380264
-0.01968825315537813
0.012503374432787484
-0.046237733549835514
-0.1072329427986124
-0.04130164105738701
-0.058140334943094785
0.023478306187341022
0.10504149323786538
-0.0018654917363903623
-0.013503608673822054
0.005531353265447084
-0.020371156751432223
0.0010048076970741587
0.01823737825297808
0.08441246198100216
0.05593407984397149
0.06809934661126668
0.08674116246547003
-0.17514531203103242
-0.019658744627990152
-0.10854920527879242
-0.03566770638110052
0.056761947436695964
