59.13716267564768
3.598331304324418e-16
-4.984508591100672
-0.0044831454514968755
-9.857485217869623
-1.5454936617970432e-16
4.984508591100644
-0.004483145451502845
-0.5315106867193002
0.0872457288735358
2.034798996313518
0.05671340525931274
-4.137997418355662
5.593446995136129e-16
-2.034798996313511
0.056713405259309756
-0.5315106867193091
-0.0872457288735378
-0.9270377118670896
0.032371424129335365
0.5455639693548304
0.004263863824581726
0.9448862330633538
-0.08530731790447124
-2.1635010044227965
3.90636865973731e-16
-0.9448862330633525
-0.08530731790447567
0.5455639693548344
-0.00426386382458192
0.9270377118670875
0.03237142412933874
-2.188677334359581
0.05503339972898096
0.5603289237886465
0.04304334111785722
-0.23191617594840014
0.06762516350295478
-0.5123094808840254
0.02795188313672108
-2.5613213470281693
-4.267402309151712e-17
0.5123094808840267
0.027951883136721402
-0.23191617594840008
-0.0676251635029538
-0.5603289237886472
0.04304334111785426
-2.1886773343595807
-0.05503339972898133
1.490985520510391
0.008420897807397075
0.810052748767325
0.06139645217277748
-0.38493596673906494
-0.08191073174013548
-0.2722257462681902
-0.11252185857900482
0.28356373850040856
-0.017561054720900672
3.670610940547076
-6.057005904086795e-16
-0.2835637385004106
-0.017561054720902712
-0.27222574626818746
0.11252185857900474
0.3849359667390695
-0.0819107317401363
0.8100527487673294
-0.06139645217277648
-1.490985520510384
0.008420897807394634
0.21275359167254226
0.006715778107348136
-0.3720278519019465
-0.005730689536951314
-0.13094816978851032
0.03899530189125555
0.07151838443347203
-0.019216318350218697
0.28791392281925443
0.05839018581711834
-0.2922538332527791
0.032906722931166796
0.8703194202569806
-3.434752482434078e-16
0.2922538332527769
0.032906722931166005
0.2879139228192536
-0.05839018581711718
-0.07151838443346925
-0.019216318350218184
-0.13094816978851273
-0.038995301891255676
0.37202785190194687
-0.005730689536952233
0.2127535916725412
-0.006715778107348067
0.33394088024525526
-0.007995352770833491
-0.0110769919571998
0.040583396455399115
0.09157350406429332
-0.01210556971393395
0.2667143991333499
-0.001072494016183284
-0.039467837089014246
-0.056499734983672466
0.004839134751821295
-0.01630418647355089
-0.16910316288371974
0.039080674520272425
-0.7213904630021349
-8.326672684688674e-17
0.16910316288371957
0.03908067452027232
0.004839134751820129
0.01630418647355175
0.03946783708901569
-0.056499734983671834
0.2667143991333496
0.0010724940161831453
-0.09157350406429306
-0.012105569713933062
-0.01107699195719919
-0.04058339645539977
-0.333940880245253
-0.007995352770833158
0.32281012085185884
0.014345317226872767
-0.07519899957771747
-0.009215981574906024
0.2083076377914369
0.043356623403204786
-0.2607271413620462
-0.06542704981355638
0.0854903394728414
-0.006469926029791736
0.12954664370421964
0.07520580565151078
0.39660396547339183
0.004710603005186168
0.2070721700611356
-0.06333914011930507
-0.5747099348136044
2.8449465006019636e-16
-0.20707217006113615
-0.06333914011930429
0.39660396547339194
-0.004710603005185533
-0.12954664370422025
0.07520580565151096
0.08549033947284207
0.006469926029791309
0.26072714136204517
-0.06542704981355685
0.2083076377914374
-0.04335662340320462
0.07519899957771725
-0.009215981574906246
0.32281012085185656
-0.014345317226872545
-0.6427850979329297
0.03167746679634559
-0.05714891204044059
0.04042874233213445
0.17771189229647258
0.007507047098340158
-0.08055901177695601
0.07079950826139461
-0.2296326084223643
-0.014985401887550098
-0.25462662221962357
0.01778421690014162
0.25766646311785674
0.04071916587911334
-0.5030871992706747
0.0015505429735081788
-0.27134650699211244
0.02079159021440702
-0.4935754598871287
1.3877787807814457e-17
0.2713465069921103
0.020791590214407435
-0.5030871992706757
-0.0015505429735094486
-0.2576664631178581
0.040719165879113395
-0.25462662221962346
-0.01778421690014148
0.22963260842236488
-0.01498540188754982
-0.08055901177695696
-0.07079950826139492
-0.17771189229647227
0.007507047098339437
-0.05714891204043937
-0.04042874233213359
0.6427850979329308
0.03167746679634578
0.0970507858839581
0.05697494689647915
0.2526230743916827
0.041378597057410066
0.08101850968591436
0.04344317739320287
-0.06948769440536828
-0.037010971417046026
-0.0353899123535687
-0.013434441833699184
0.244468597779612
-0.04780016044727581
0.06562036338549661
-0.024878093175698557
-0.24866656095787693
-0.012634022151437108
-0.26644452114918277
-0.06468496522165897
0.24882579503794813
-0.026768188804116785
0.4945351660682434
-1.942890293094024e-16
-0.24882579503794805
-0.026768188804116966
-0.26644452114918227
0.06468496522165815
0.24866656095787537
-0.012634022151437427
0.06562036338549834
0.02487809317569739
-0.24446859777961102
-0.04780016044727656
-0.035389912353568635
0.013434441833699878
0.06948769440536773
-0.03701097141704662
0.08101850968591359
-0.04344317739320235
-0.2526230743916827
0.04137859705740998
0.0970507858839581
-0.05697494689647957
0.004091135574346705
0.06413241189262027
0.08022597212129351
0.07696952962097348
-0.12015968780731898
0.01862858124929751
-0.07156125925364668
0.044590998461474865
0.01756650717489394
-0.026357442125216457
-0.12937446792434393
0.02672542375737289
0.056986674328234094
0.06937816507163208
0.008836833832495117
0.0040803384471011644
-0.1290813570374716
0.001436298317809545
0.2026023406494204
0.06975978318805517
0.279203169889918
0.02447492286608309
0.5388533942638893
-2.914335439641036e-16
-0.2792031698899183
0.024474922866082736
0.20260234064942023
-0.06975978318805573
0.129081357037471
0.0014362983178092814
0.008836833832496116
-0.004080338447101442
-0.056986674328234205
0.06937816507163189
-0.12937446792434437
-0.026725423757372524
-0.017566507174894608
-0.02635744212521629
-0.07156125925364828
-0.04459099846147539
0.12015968780731925
0.018628581249297567
0.08022597212129413
-0.07696952962097348
-0.004091135574347982
0.06413241189261978
0.12167381951439682
0.05734770210419929
0.15137703293283605
0.08217403370814809
-0.02333108407547771
0.04314900275815044
0.19882336522010102
-0.03372002632438792
-0.06342376046065809
-0.0033960643175153793
-0.09647549684145665
-0.07436825930242437
-0.05440018436508309
-0.04787151081418638
0.09329532814750433
-0.0015599626153035423
-0.06252529154228961
-0.058554306551179484
-0.02141061523012816
-0.043275810012034954
0.20333821759438336
0.003551471310818878
-0.2909909283586407
0.010086801178737337
-0.326920771002822
-1.457167719820518e-16
0.29099092835864104
0.010086801178736976
0.2033382175943833
-0.0035514713108183577
0.02141061523012866
-0.04327581001203429
-0.06252529154228803
0.05855430655117906
-0.09329532814750452
-0.0015599626153040905
-0.05440018436508279
0.047871510814186544
0.09647549684145734
-0.07436825930242327
-0.06342376046065762
0.0033960643175156846
-0.1988233652201009
-0.033720026324388586
-0.02333108407547782
-0.043149002758150604
-0.1513770329328362
0.08217403370814859
0.12167381951439432
-0.057347702104198886
0.38924765696961733
0.0362802426783128
0.0960975914674046
0.07413654778805297
0.03108212241785749
0.03415604666642852
-0.061019140028107335
-0.010993757271523595
0.0012936830071479388
-0.04757945011505581
0.003404127799638501
0.017933513941647522
-0.0038527123999641533
0.016785046238443402
0.21266011631746928
0.028156581534972906
0.004388490754716812
0.06004627824978945
0.0961817184236286
0.02490829852198396
0.09815173002061539
0.02319824552168792
0.3129276983598087
0.015466037364221554
-0.0946828258832007
-0.02866174471227169
-0.25819054065516434
4.85722573273506e-16
0.09468282588320004
-0.028661744712272157
0.3129276983598086
-0.015466037364221974
-0.09815173002061509
0.02319824552168806
0.09618171842362865
-0.024908298521983355
-0.004388490754716146
0.06004627824978967
0.21266011631746878
-0.02815658153497403
0.0038527123999637647
0.016785046238443443
0.0034041277996398334
-0.01793351394164705
-0.0012936830071480498
-0.047579450115056404
-0.06101914002810743
0.010993757271523262
-0.031082122417857266
0.03415604666642845
0.09609759146740621
-0.07413654778805343
-0.38924765696961683
0.036280242678312945
-0.10426299495032582
0.010774148089324337
-0.0038898655940948768
0.05098015164003769
0.06934091426517774
0.03761981773490766
-0.00792128740042533
-0.029954868227129783
-0.1313507955870343
-0.025792002308319545
-0.02389312213430425
-0.041330753368437514
-0.014928335781220298
-0.005729825590734594
0.06041449126588458
0.01763256621991041
0.0078972386530681
-0.03262302307948742
-0.25531967556457846
-0.030743293879316735
-0.07008212037717604
0.01637433459764312
0.22006067357988754
-0.00926285772192488
-0.2643650509161751
-0.02211645452786777
-0.11526099133702913
0.025213303378770285
0.004551961046728947
-3.469446951953614e-16
0.11526099133702998
0.02521330337876991
-0.2643650509161745
0.022116454527866758
-0.22006067357988773
-0.00926285772192486
-0.07008212037717632
-0.01637433459764321
0.25531967556457846
-0.03074329387931654
0.007897238653067074
0.03262302307948653
-0.06041449126588505
0.01763256621991109
-0.014928335781219382
0.0057298255907344275
0.02389312213430414
-0.041330753368437535
-0.13135079558703364
0.025792002308319587
0.007921287400424804
-0.029954868227130373
0.06934091426517819
-0.037619817734907704
0.0038898655940942106
0.05098015164003833
-0.1042629949503262
-0.01077414808932492
-0.008457740227524907
-0.011108802986472002
0.052432407903454714
0.019121727242840225
0.18497026356052304
0.028916470496083077
-0.08254073818003553
-0.027663250393852142
-0.057446489460366706
-0.055906539883052886
0.07968433174563497
0.01165649504700994
0.05812808545845222
0.009229798798090404
0.03312737032953464
0.028863041753204307
0.02655651326996883
0.059370454087823064
0.02997977542846901
-0.010619866808536965
0.06904367879107798
-0.00470611541245336
0.013698885714938158
0.030298161234105767
-0.1605839856399405
-0.0217442336005296
-0.3667964429810929
-0.03779317120251807
0.197481059787194
-0.009508902758215781
0.13494398012677455
2.8796409701215e-16
-0.19748105978719468
-0.009508902758216226
-0.3667964429810927
0.03779317120251739
0.16058398563994072
-0.021744233600529003
0.013698885714937714
-0.03029816123410575
-0.06904367879107742
-0.004706115412453721
0.029979775428468594
0.010619866808536188
-0.026556513269969884
0.05937045408782309
0.03312737032953461
-0.02886304175320483
-0.05812808545845302
0.00922979879808982
0.079684331745635
-0.011656495047009552
0.05744648946036643
-0.055906539883053094
-0.08254073818003564
0.027663250393851882
-0.18497026356052296
0.028916470496082994
0.05243240790345499
-0.01912172724284053
0.008457740227525545
-0.011108802986471641
-0.1386105822295502
-0.0209795815229242
-0.024415593682289793
-0.006394979624151035
-0.00595767269176517
0.01738738870115071
-0.14909345453943262
-0.01073164774805465
-0.06942785418400849
-0.03906492365799973
0.042279148745899935
-0.0018134229276325908
0.03233374471422153
0.04183658238945598
-0.11441284102796934
0.004754974364746957
0.0003379612409648014
-0.008134335440693308
0.03133705284480556
0.025644578393667572
-0.12379029755301066
-0.013676791497475804
0.06204272333966145
-0.01869096428334968
0.040877026196771665
0.025964060368925707
-0.12390056812484904
0.025158614979685176
0.12878832591985112
0.029521356673720467
0.21681218363836977
0.014822192160571783
0.15779943451094902
2.636779683484747e-16
-0.21681218363837
0.014822192160572484
0.12878832591985065
-0.029521356673720356
0.1239005681248493
0.025158614979684968
0.040877026196771686
-0.025964060368926067
-0.062042723339661016
-0.01869096428334968
-0.12379029755301114
0.013676791497475527
-0.03133705284480509
0.025644578393667794
0.0003379612409642758
0.008134335440693474
0.11441284102796957
0.004754974364747699
0.032333744714222054
-0.04183658238945587
-0.042279148745899386
-0.0018134229276332153
-0.06942785418400901
0.03906492365799999
0.1490934545394326
-0.010731647748054733
-0.005957672691765892
-0.017387388701150794
0.02441559368228932
-0.0063949796241506845
-0.1386105822295501
0.020979581522924732
-0.17876415925740918
-0.015041534468112622
-0.005981085183543122
-0.017848739936156335
-0.0005946112076000432
0.011208233106527687
0.04292328036252151
-0.004116886467748597
-0.0048008065343578266
-0.030572927470863768
-0.06264726518841732
-0.009619454972880952
0.08546296373504073
0.018734755583269348
0.008995356331814919
0.0177789099973005
0.028773446268607172
0.010502221043240306
-0.009734314835946722
-0.029278675424449813
-0.08070427372067324
-0.02595654305317839
-0.17761170211253002
-0.0026923066229562215
0.12927144155974862
-0.026295150496971786
-0.012264832265555414
-0.0389046168990443
-0.06851438669134963
0.008201969858489505
0.0844976647034012
0.0002190506018622529
-0.14369184233978735
-0.02224713254691868
-0.03381173232059126
-2.7755575615628914e-17
0.14369184233978655
-0.022247132546918874
0.08449766470340025
-0.00021905060186261371
0.06851438669134913
0.008201969858489436
-0.012264832265554623
0.03890461689904395
-0.1292714415597486
-0.026295150496972397
-0.1776117021125302
0.00269230662295597
0.0807042737206731
-0.025956543053177794
-0.009734314835946889
0.02927867542444991
-0.028773446268606853
0.01050222104324064
0.008995356331814919
-0.017778909997300446
-0.08546296373504103
0.018734755583269175
-0.06264726518841714
0.009619454972881025
0.004800806534358715
-0.030572927470864347
0.042923280362521424
0.004116886467748687
0.0005946112076009452
0.01120823310652748
-0.005981085183542123
0.017848739936156238
0.17876415925740852
-0.015041534468112546
0.156594189037887
-0.0017580038906882325
0.020510802132227224
-0.011298789102787024
-0.04363547423641938
0.0014248742744071702
0.006211229899328905
0.01514035372162673
0.0031476894818901757
-0.014290834329594986
-0.038106491201113875
0.0069379005298642465
0.02860029599306768
0.04021822541471886
0.05475709945868326
0.029982013078823103
-0.025713391482345305
0.0026758280338798207
0.010390574676270144
0.013927498336276142
0.022829040320553107
0.006456304052495407
-0.021946557780536613
0.03271694015884066
0.1279610274231153
0.04827526988880507
0.07651140541920695
0.021311947838010215
0.016425534035145205
0.0354248909255199
0.05375782670702736
0.043744338445064576
0.24927322113206618
0.010961263500729956
-0.29922428926592015
-0.017416127576169817
-0.14508703506073817
-1.3877787807814457e-17
0.29922428926592076
-0.017416127576170216
0.2492732211320654
-0.010961263500730525
-0.05375782670702718
0.043744338445064375
0.016425534035145913
-0.03542489092551998
-0.0765114054192072
0.021311947838010298
0.12796102742311544
-0.0482752698888054
0.021946557780535635
0.03271694015884044
0.022829040320553606
-0.006456304052495615
-0.0103905746762702
0.013927498336276448
-0.025713391482345554
-0.002675828033880265
-0.05475709945868372
0.02998201307882359
0.028600295993067737
-0.04021822541471897
0.03810649120111319
0.006937900529864656
0.003147689481890148
0.014290834329595561
-0.006211229899329242
0.015140353721626122
-0.04363547423641986
-0.0014248742744076767
-0.02051080213222678
-0.011298789102787251
0.1565941890378873
0.0017580038906885934
